0,307.34999999999997,3161,True,302,7
1,169.20000000000002,1786,False,167,11
2,305.15000000000003,3161,True,363,19
3,304.59999999999997,3161,True,322,26
4,306.6,3161,True,327,33
5,304.30000000000007,3161,True,367,41
6,186.65000000000003,1960,False,175,45
7,306.35,3161,True,304,52
8,305.95,3161,True,321,59
9,306.1,3161,True,301,66
10,22.049999999999997,296,False,32,67
11,305.65000000000003,3161,True,333,74
12,265.3,2758,False,264,80
13,237.00000000000003,2471,False,233,85
14,170.60000000000002,1796,False,167,89
15,236.8,2469,False,230,94
16,132.70000000000002,1429,False,197,98
17,133.25,1418,False,130,101
18,169.65000000000003,1783,False,167,105
19,134.75,1433,False,128,108
20,306.35,3161,True,305,115
21,106.55000000000001,1150,False,121,118
22,305.8500000000001,3161,True,297,124
23,306.25000000000006,3161,True,310,131
24,306.65000000000003,3161,True,288,137
25,306.05000000000007,3161,True,291,143
26,305.75,3161,True,309,150
27,186.70000000000002,1960,False,176,154
28,186.05,1955,False,173,158
29,306.15000000000003,3161,True,313,165
30,306.1,3161,True,304,172
31,305.75,3161,True,304,179
32,168.75000000000003,1780,False,168,183
33,306.5,3161,True,309,190
34,306.0,3161,True,306,197
35,305.6,3161,True,296,203
36,306.20000000000005,3161,True,298,209
37,305.6,3161,True,295,215
38,306.20000000000005,3161,True,300,221
39,305.55,3161,True,316,228
40,306.25,3161,True,308,235
41,134.75,1433,False,129,238
42,169.35000000000002,1784,False,164,242
43,305.55000000000007,3161,True,314,249
44,306.3,3161,True,292,255
45,305.85,3161,True,300,261
46,237.20000000000002,2469,False,235,266
47,305.3,3161,True,318,273
48,305.95,3161,True,290,279
49,305.84999999999997,3161,True,327,286
50,304.85,3161,True,350,293
51,104.60000000000002,1128,False,105,296
52,306.8,3161,True,292,302
53,193.15,2027,False,177,306
54,306.8,3161,True,291,312
55,305.65,3161,True,314,319
56,306.55000000000007,3161,True,291,325
57,304.8,3161,True,370,333
58,306.55000000000007,3161,True,295,339
59,306.0,3161,True,308,346
60,168.35000000000002,1781,False,166,350
61,306.55,3161,True,291,356
62,306.40000000000003,3161,True,286,362
63,193.20000000000002,2020,False,177,366
64,305.7,3161,True,298,372
65,305.15000000000003,3161,True,308,379
66,306.59999999999997,3161,True,305,386
67,169.75,1789,False,161,390
68,306.1,3161,True,304,397
69,305.05000000000007,3161,True,341,404
70,306.80000000000007,3161,True,291,410
71,305.5,3161,True,334,417
72,306.40000000000003,3161,True,287,423
73,306.4,3161,True,289,429
74,134.00000000000003,1430,False,137,432
75,169.95,1790,False,181,436
76,169.70000000000002,1785,False,165,440
77,305.80000000000007,3161,True,318,447
78,306.35,3161,True,305,454
79,306.20000000000005,3161,True,300,460
80,306.50000000000006,3161,True,281,466
81,305.90000000000003,3161,True,312,473
82,306.1,3161,True,303,480
83,305.6500000000001,3161,True,312,487
84,306.65000000000003,3161,True,287,493
85,306.0,3161,True,308,500
86,304.55000000000007,3161,True,339,507
87,134.0,1428,False,129,510
88,307.25,3161,True,284,516
89,305.85,3161,True,302,523
90,306.15000000000003,3161,True,312,530
91,186.20000000000002,1959,False,172,534
92,306.70000000000005,3161,True,297,540
93,134.25,1433,False,128,543
94,237.55,2473,False,248,548
95,235.75,2467,False,265,554
96,170.65,1792,False,158,558
97,133.8,1431,False,130,561
98,237.40000000000003,2468,False,245,566
99,305.6,3161,True,305,573
100,305.5,3161,True,328,580
101,306.15,3161,True,290,586
102,305.15000000000003,3161,True,307,593
103,306.8,3161,True,293,599
104,305.90000000000003,3161,True,311,606
105,305.54999999999995,3161,True,341,613
106,168.75000000000003,1783,False,164,617
107,104.95000000000002,1129,False,105,620
108,306.3,3161,True,290,626
109,306.55,3161,True,294,632
110,305.8,3161,True,320,639
111,305.70000000000005,3161,True,294,645
112,305.00000000000006,3161,True,301,652
113,306.1,3161,True,299,658
114,184.4,1941,False,177,662
115,306.7,3161,True,298,668
116,305.5,3161,True,278,674
117,237.4,2473,False,242,679
118,235.75000000000003,2469,False,267,685
119,237.10000000000002,2473,False,234,690
120,142.85000000000002,1515,False,139,693
121,306.30000000000007,3161,True,292,699
122,306.9,3161,True,289,705
123,306.3,3161,True,292,711
124,305.6,3161,True,298,717
125,235.95000000000002,2470,False,263,723
126,185.75,1958,False,177,727
127,306.7,3161,True,324,734
128,305.2,3161,True,347,741
129,235.70000000000002,2473,False,278,747
130,306.45000000000005,3161,True,296,753
131,306.8,3161,True,293,759
132,263.95000000000005,2762,False,288,765
133,169.85000000000002,1786,False,169,769
134,305.6,3161,True,327,776
135,306.1,3161,True,304,783
136,156.9,1664,False,166,787
137,306.1,3161,True,300,793
138,305.75,3161,True,310,800
139,192.95000000000002,2020,False,177,804
140,306.05,3161,True,292,810
141,306.6,3161,True,305,817
142,305.55,3161,True,290,823
143,193.40000000000003,2025,False,193,827
144,235.75000000000003,2470,False,273,833
145,306.20000000000005,3161,True,299,839
146,22.350000000000005,300,False,31,840
147,307.30000000000007,3161,True,292,846
148,186.3,1954,False,172,850
149,306.65000000000003,3161,True,289,856
150,306.3,3161,True,294,862
151,193.15,2027,False,177,866
152,306.34999999999997,3161,True,301,873
153,305.40000000000003,3161,True,308,880
154,236.45000000000002,2470,False,237,885
155,134.3,1431,False,129,888
156,265.15000000000003,2752,False,252,894
157,306.05000000000007,3161,True,318,901
158,305.95,3161,True,297,907
159,236.70000000000002,2469,False,235,912
160,134.05,1431,False,128,915
161,305.85,3161,True,323,922
162,237.40000000000003,2475,False,222,927
163,305.55000000000007,3161,True,289,933
164,306.35,3161,True,302,940
165,235.40000000000003,2471,False,283,946
166,306.70000000000005,3161,True,295,952
167,305.75000000000006,3161,True,334,959
168,134.45000000000002,1435,False,129,962
169,306.90000000000003,3161,True,289,968
170,304.6,3161,True,353,976
171,236.9,2467,False,237,981
172,235.55,2471,False,262,987
173,307.05000000000007,3161,True,292,993
174,134.10000000000002,1429,False,130,996
175,306.6,3161,True,303,1003
176,305.15,3161,True,330,1010
177,305.2,3161,True,350,1017
178,59.55000000000001,677,False,57,1019
179,307.1,3161,True,305,1026
180,305.70000000000005,3161,True,297,1032
181,306.6,3161,True,304,1039
182,305.55,3161,True,292,1045
183,306.3,3161,True,285,1051
184,236.75000000000003,2470,False,249,1056
185,306.1,3161,True,303,1063
186,306.05,3161,True,294,1069
187,305.55,3161,True,320,1076
188,186.85000000000002,1956,False,192,1080
189,264.65,2759,False,260,1086
190,304.0,3161,True,381,1094
191,306.65,3161,True,287,1100
192,306.35,3161,True,302,1107
193,305.85,3161,True,301,1114
194,306.3,3161,True,295,1120
195,305.20000000000005,3161,True,291,1126
196,307.05,3161,True,293,1132
197,306.55,3161,True,292,1138
198,305.35,3161,True,298,1144
199,104.05000000000001,1127,False,118,1147
200,236.90000000000003,2471,False,258,1153
201,235.35000000000002,2472,False,304,1160
202,132.45000000000002,1409,False,129,1163
203,306.80000000000007,3161,True,290,1169
204,306.55,3161,True,294,1175
205,158.50000000000003,1677,False,148,1178
206,306.90000000000003,3161,True,290,1184
207,305.1,3161,True,325,1191
208,305.80000000000007,3161,True,289,1197
209,305.65000000000003,3161,True,315,1204
210,306.65000000000003,3161,True,289,1210
211,185.35000000000002,1959,False,187,1214
212,306.6,3161,True,329,1221
213,60.4,687,False,88,1223
214,307.3,3161,True,294,1229
215,306.55,3161,True,293,1235
216,158.0,1673,False,155,1239
217,306.35,3161,True,302,1246
218,105.40000000000002,1137,False,107,1249
219,306.70000000000005,3161,True,297,1255
220,61.0,692,False,79,1257
221,105.60000000000002,1128,False,106,1260
222,306.05,3161,True,341,1267
223,305.90000000000003,3161,True,313,1274
224,305.05,3161,True,341,1281
225,104.50000000000001,1127,False,107,1284
226,134.5,1428,False,129,1287
227,236.95000000000002,2472,False,275,1293
228,305.8,3161,True,316,1300
229,104.45000000000002,1129,False,106,1303
230,306.55,3161,True,315,1310
231,306.20000000000005,3161,True,298,1316
232,306.1,3161,True,304,1323
233,236.70000000000002,2470,False,236,1328
234,306.05000000000007,3161,True,292,1334
235,305.75,3161,True,330,1341
236,236.9,2471,False,233,1346
237,306.2,3161,True,300,1352
238,306.09999999999997,3161,True,304,1359
239,305.85,3161,True,301,1366
240,142.65,1513,False,139,1369
241,306.55000000000007,3161,True,291,1375
242,305.3,3161,True,312,1382
243,306.1,3161,True,300,1388
244,168.85000000000002,1789,False,208,1393
245,22.850000000000005,300,False,31,1394
246,307.45000000000005,3161,True,297,1400
247,305.65000000000003,3161,True,314,1407
248,305.3500000000001,3161,True,297,1413
249,236.65000000000003,2469,False,252,1419
250,306.20000000000005,3161,True,299,1425
251,305.3,3161,True,312,1432
252,305.75,3161,True,304,1439
253,306.3,3161,True,292,1445
254,306.4,3161,True,290,1451
255,306.30000000000007,3161,True,292,1457
256,306.3,3161,True,294,1463
257,306.3,3161,True,290,1469
258,61.75,704,False,80,1471
259,307.40000000000003,3161,True,289,1477
260,306.00000000000006,3161,True,307,1484
261,305.50000000000006,3161,True,302,1491
262,236.55,2472,False,268,1497
263,306.15000000000003,3161,True,289,1503
264,306.90000000000003,3161,True,289,1509
265,236.05000000000004,2473,False,246,1514
266,235.65000000000006,2471,False,284,1520
267,306.45000000000005,3161,True,296,1526
268,104.85000000000002,1128,False,106,1529
269,22.6,294,False,34,1530
270,159.20000000000002,1674,False,149,1533
271,132.75,1413,False,138,1536
272,307.35,3161,True,280,1542
273,305.95,3161,True,291,1548
274,169.35000000000002,1785,False,165,1552
275,185.65,1953,False,188,1556
276,104.65,1127,False,112,1559
277,61.300000000000004,689,False,80,1561
278,237.05,2472,False,269,1567
279,305.95000000000005,3161,True,293,1573
280,104.85000000000001,1134,False,110,1576
281,307.09999999999997,3161,True,301,1583
282,305.50000000000006,3161,True,302,1590
283,305.3,3161,True,315,1597
284,305.15000000000003,3161,True,313,1604
285,306.90000000000003,3161,True,289,1610
286,232.05000000000004,2473,False,471,1620
287,236.20000000000002,2470,False,263,1626
288,236.05,2472,False,292,1632
289,186.65000000000003,1959,False,174,1636
290,192.85000000000002,2020,False,181,1640
291,306.05,3161,True,319,1647
292,305.25,3161,True,303,1654
293,134.75,1433,False,130,1657
294,104.7,1129,False,106,1660
295,306.8,3161,True,316,1667
296,236.20000000000002,2467,False,251,1673
297,306.3,3161,True,291,1679
298,305.8,3161,True,319,1686
299,305.75000000000006,3161,True,309,1693
300,24.200000000000003,315,False,27,1694
301,186.95000000000002,1954,False,175,1698
302,305.3,3161,True,337,1705
303,305.45,3161,True,323,1712
304,305.8,3161,True,314,1719
305,236.75,2471,False,231,1724
306,305.8,3161,True,320,1731
307,185.95000000000002,1953,False,171,1735
308,305.90000000000003,3161,True,312,1742
309,305.35,3161,True,305,1749
310,306.95,3161,True,299,1755
311,306.40000000000003,3161,True,289,1761
312,305.3,3161,True,314,1768
313,60.05000000000001,677,False,57,1770
314,306.05,3161,True,312,1777
315,305.25000000000006,3161,True,328,1784
316,305.8,3161,True,316,1791
317,306.4,3161,True,288,1797
318,304.8500000000001,3161,True,351,1805
319,305.85,3161,True,297,1811
320,59.60000000000001,675,False,57,1813
321,307.20000000000005,3161,True,297,1819
322,192.10000000000002,2019,False,177,1823
323,305.40000000000003,3161,True,335,1830
324,134.75,1434,False,134,1833
325,306.45000000000005,3161,True,298,1839
326,306.35,3161,True,303,1846
327,185.0,1942,False,177,1850
328,306.35,3161,True,300,1856
329,304.34999999999997,3161,True,379,1864
330,306.65000000000003,3161,True,287,1870
331,305.1,3161,True,327,1877
332,306.55000000000007,3161,True,295,1883
333,23.900000000000002,312,False,27,1884
334,306.90000000000003,3161,True,311,1891
335,306.45000000000005,3161,True,297,1897
336,305.95000000000005,3161,True,298,1903
337,305.35,3161,True,298,1909
338,306.45,3161,True,296,1915
339,134.3,1433,False,135,1918
340,306.75000000000006,3161,True,310,1925
341,305.8,3161,True,316,1932
342,185.8,1955,False,172,1936
343,305.75000000000006,3161,True,301,1943
344,306.15000000000003,3161,True,311,1950
345,305.55,3161,True,318,1957
346,305.4,3161,True,338,1964
347,235.15000000000003,2471,False,308,1971
348,186.65000000000003,1955,False,174,1975
349,237.45000000000002,2472,False,222,1980
350,22.250000000000004,299,False,31,1981
351,135.35000000000002,1434,False,128,1984
352,24.950000000000003,315,False,27,1985
353,307.55,3161,True,293,1991
354,305.6,3161,True,327,1998
355,171.15,1798,False,158,2002
356,305.70000000000005,3161,True,296,2008
357,236.8,2468,False,228,2013
358,306.45000000000005,3161,True,298,2019
359,192.9,2023,False,182,2023
360,305.15000000000003,3161,True,339,2030
361,306.25000000000006,3161,True,309,2037
362,236.10000000000002,2471,False,246,2042
363,306.3,3161,True,287,2048
364,305.0,3161,True,330,2055
365,304.95,3161,True,319,2062
366,305.7,3161,True,323,2069
367,306.15,3161,True,290,2075
368,305.6000000000001,3161,True,326,2082
369,306.6,3161,True,303,2089
370,234.65,2470,False,381,2097
371,305.55,3161,True,291,2103
372,169.05,1782,False,163,2107
373,306.25,3161,True,309,2114
374,230.0,2469,False,748,2129
375,302.25,3161,True,333,2136
376,236.20000000000002,2470,False,236,2141
377,305.95000000000005,3161,True,324,2148
378,236.35000000000002,2469,False,262,2154
379,305.35,3161,True,329,2161
380,306.3,3161,True,318,2168
381,305.09999999999997,3161,True,354,2176
382,305.7,3161,True,324,2183
383,305.8500000000001,3161,True,302,2190
384,306.40000000000003,3161,True,289,2196
385,304.70000000000005,3161,True,348,2203
386,304.35,3161,True,401,2212
387,134.20000000000005,1432,False,136,2215
388,186.8,1955,False,172,2219
389,306.3500000000001,3161,True,305,2226
390,306.3,3161,True,291,2232
391,306.65000000000003,3161,True,288,2238
392,103.85000000000001,1127,False,128,2241
393,236.85000000000002,2470,False,243,2246
394,306.2,3161,True,295,2252
395,305.55,3161,True,319,2259
396,305.45000000000005,3161,True,291,2265
397,305.25,3161,True,331,2272
398,306.75,3161,True,310,2279
399,305.8,3161,True,317,2286
400,305.25,3161,True,334,2293
401,305.25000000000006,3161,True,357,2301
402,305.9,3161,True,312,2308
403,184.25000000000003,1944,False,188,2312
404,193.85000000000002,2026,False,187,2316
405,306.3,3161,True,291,2322
406,185.95,1958,False,173,2326
407,305.75000000000006,3161,True,355,2334
408,305.85,3161,True,301,2341
409,304.8,3161,True,341,2348
410,185.50000000000003,1957,False,224,2353
411,186.95000000000002,1958,False,172,2357
412,236.05,2470,False,280,2363
413,236.25000000000003,2470,False,250,2368
414,169.55,1784,False,167,2372
415,62.60000000000001,709,False,78,2374
416,306.05,3161,True,310,2381
417,24.35,314,False,27,2382
418,193.8,2018,False,190,2386
419,305.85,3161,True,302,2393
420,168.55000000000004,1780,False,165,2397
421,305.70000000000005,3161,True,346,2404
422,104.50000000000001,1127,False,107,2407
423,143.85000000000002,1521,False,137,2410
424,305.20000000000005,3161,True,320,2417
425,186.35000000000002,1958,False,171,2421
426,104.75000000000001,1127,False,107,2424
427,306.80000000000007,3161,True,316,2431
428,186.20000000000005,1959,False,178,2435
429,237.10000000000002,2468,False,238,2440
430,23.150000000000002,307,False,28,2441
431,187.3,1955,False,172,2445
432,306.40000000000003,3161,True,287,2451
433,306.55,3161,True,295,2457
434,305.80000000000007,3161,True,316,2464
435,306.40000000000003,3161,True,289,2470
436,104.05000000000001,1128,False,120,2473
437,306.50000000000006,3161,True,306,2480
438,306.3,3161,True,291,2486
439,305.95,3161,True,322,2493
440,158.5,1677,False,148,2496
441,307.00000000000006,3161,True,280,2502
442,306.1,3161,True,301,2509
443,305.7,3161,True,291,2515
444,305.80000000000007,3161,True,291,2521
445,306.5,3161,True,307,2528
446,305.35,3161,True,300,2534
447,306.40000000000003,3161,True,289,2540
448,186.45000000000002,1959,False,172,2544
449,305.25,3161,True,328,2551
450,236.35000000000002,2476,False,274,2557
451,306.35,3161,True,302,2564
452,305.5,3161,True,308,2571
453,306.20000000000005,3161,True,296,2577
454,306.35,3161,True,302,2584
455,306.40000000000003,3161,True,311,2591
456,305.3,3161,True,317,2598
457,306.3,3161,True,316,2605
458,305.04999999999995,3161,True,342,2612
459,306.65,3161,True,290,2618
460,193.15,2027,False,177,2622
461,306.55,3161,True,293,2628
462,236.40000000000003,2471,False,235,2633
463,306.6000000000001,3161,True,303,2640
464,306.40000000000003,3161,True,287,2646
465,192.55,2021,False,177,2650
466,306.65000000000003,3161,True,286,2656
467,306.1,3161,True,303,2663
468,237.10000000000002,2472,False,227,2668
469,304.8,3161,True,366,2676
470,23.35,309,False,27,2677
471,307.20000000000005,3161,True,297,2683
472,306.7,3161,True,298,2689
473,185.35000000000002,1953,False,175,2693
474,306.8,3161,True,291,2699
475,305.35,3161,True,355,2707
476,304.45,3161,True,315,2714
477,306.40000000000003,3161,True,311,2721
478,306.40000000000003,3161,True,287,2727
479,304.45,3161,True,341,2734
480,104.80000000000003,1130,False,106,2737
481,104.65,1125,False,109,2740
482,265.05,2760,False,273,2746
483,307.05,3161,True,295,2752
484,305.05000000000007,3161,True,316,2759
485,306.40000000000003,3161,True,314,2766
486,104.70000000000002,1129,False,108,2769
487,188.10000000000002,1977,False,192,2773
488,306.3,3161,True,289,2779
489,306.20000000000005,3161,True,300,2785
490,235.35000000000005,2475,False,313,2792
491,236.40000000000003,2471,False,259,2798
492,237.10000000000002,2476,False,269,2804
493,305.90000000000003,3161,True,311,2811
494,304.8,3161,True,315,2818
495,306.55,3161,True,295,2824
496,306.45000000000005,3161,True,297,2830
497,236.0,2472,False,308,2837
498,23.15,312,False,27,2838
499,237.60000000000002,2470,False,242,2843
500,305.85,3161,True,304,2850
501,24.25,313,False,27,2851
502,307.15000000000003,3161,True,311,2858
503,305.05000000000007,3161,True,317,2865
504,307.25,3161,True,285,2871
505,188.40000000000003,1984,False,187,2875
506,237.00000000000003,2473,False,238,2880
507,24.450000000000003,315,False,27,2881
508,306.8,3161,True,288,2887
509,104.50000000000001,1127,False,107,2890
510,307.05,3161,True,293,2896
511,306.40000000000003,3161,True,289,2902
512,186.25000000000003,1955,False,173,2906
513,305.65000000000003,3161,True,311,2913
514,306.6,3161,True,305,2920
515,305.80000000000007,3161,True,292,2926
516,305.55000000000007,3161,True,345,2933
517,192.85000000000002,2024,False,178,2937
518,305.95000000000005,3161,True,300,2943
519,306.65000000000003,3161,True,313,2950
520,131.85000000000002,1409,False,131,2953
521,306.25000000000006,3161,True,308,2960
522,306.45000000000005,3161,True,299,2966
523,305.85,3161,True,303,2973
524,305.65000000000003,3161,True,337,2980
525,306.65000000000003,3161,True,289,2986
526,168.85000000000002,1782,False,170,2990
527,305.70000000000005,3161,True,322,2997
528,305.75000000000006,3161,True,331,3004
529,306.30000000000007,3161,True,292,3010
530,304.90000000000003,3161,True,363,3018
531,305.30000000000007,3161,True,286,3024
532,236.45000000000002,2473,False,255,3030
533,143.75,1525,False,136,3033
534,306.35,3161,True,296,3039
535,134.55,1432,False,132,3042
536,306.30000000000007,3161,True,292,3048
537,306.15000000000003,3161,True,290,3054
538,169.79999999999998,1790,False,179,3058
539,135.25,1434,False,131,3061
540,305.85,3161,True,329,3068
541,306.30000000000007,3161,True,293,3074
542,305.70000000000005,3161,True,293,3080
543,265.05,2756,False,255,3086
544,306.40000000000003,3161,True,289,3092
545,306.1,3161,True,305,3099
546,306.00000000000006,3161,True,279,3105
547,305.70000000000005,3161,True,322,3112
548,170.95000000000005,1793,False,176,3116
549,303.90000000000003,3161,True,332,3123
550,305.95000000000005,3161,True,293,3129
551,306.05,3161,True,291,3135
552,305.95000000000005,3161,True,323,3142
553,305.2,3161,True,346,3149
554,305.95000000000005,3161,True,297,3155
555,306.90000000000003,3161,True,289,3161
556,305.8,3161,True,292,3167
557,24.200000000000003,315,False,27,3168
558,307.55,3161,True,291,3174
559,305.70000000000005,3161,True,297,3180
560,306.65,3161,True,290,3186
561,184.90000000000003,1946,False,177,3190
562,307.05,3161,True,293,3196
563,185.95000000000002,1953,False,172,3200
564,306.65,3161,True,290,3206
565,305.45000000000005,3161,True,324,3213
566,104.60000000000002,1128,False,108,3216
567,185.25000000000003,1943,False,183,3220
568,306.05000000000007,3161,True,288,3226
569,305.75000000000006,3161,True,306,3233
570,306.6,3161,True,304,3240
571,304.6,3161,True,324,3247
572,134.50000000000003,1428,False,129,3250
573,306.35,3161,True,304,3257
574,306.0,3161,True,309,3264
575,169.45000000000002,1789,False,183,3268
576,306.20000000000005,3161,True,324,3275
577,305.95000000000005,3161,True,296,3281
578,305.90000000000003,3161,True,287,3287
579,134.05,1429,False,144,3290
580,306.6,3161,True,301,3297
581,306.29999999999995,3161,True,317,3304
582,306.20000000000005,3161,True,297,3310
583,169.05000000000004,1783,False,166,3314
584,22.600000000000005,300,False,31,3315
585,307.05000000000007,3161,True,292,3321
586,158.3,1670,False,150,3324
587,305.7,3161,True,319,3331
588,305.80000000000007,3161,True,291,3337
589,306.05,3161,True,316,3344
590,194.25000000000003,2041,False,192,3348
591,186.20000000000002,1954,False,172,3352
592,134.95000000000002,1435,False,128,3355
593,236.45000000000002,2471,False,267,3361
594,104.95,1128,False,106,3364
595,135.35000000000002,1434,False,129,3367
596,134.3,1433,False,139,3370
597,24.75,313,False,27,3371
598,24.599999999999998,309,False,27,3372
599,306.4000000000001,3161,True,336,3379
600,192.95000000000002,2023,False,192,3383
601,236.85000000000002,2473,False,235,3388
602,305.15,3161,True,340,3395
603,306.45,3161,True,298,3401
604,306.35,3161,True,329,3408
605,235.85000000000002,2469,False,244,3413
606,306.40000000000003,3161,True,289,3419
607,235.35,2472,False,302,3426
608,306.05000000000007,3161,True,317,3433
609,185.70000000000002,1950,False,179,3437
610,184.4,1941,False,178,3441
611,306.95000000000005,3161,True,298,3447
612,305.90000000000003,3161,True,313,3454
613,305.65000000000003,3161,True,311,3461
614,305.80000000000007,3161,True,289,3467
615,306.20000000000005,3161,True,297,3473
616,306.45000000000005,3161,True,298,3479
617,305.5,3161,True,335,3486
618,305.95000000000005,3161,True,300,3492
619,130.25,1430,False,386,3500
620,235.04999999999998,2470,False,283,3506
621,305.2,3161,True,321,3513
622,306.45000000000005,3161,True,325,3520
623,236.9,2475,False,253,3526
624,306.50000000000006,3161,True,285,3532
625,134.45000000000002,1435,False,128,3535
626,306.40000000000003,3161,True,284,3541
627,304.40000000000003,3161,True,389,3549
628,305.99999999999994,3161,True,309,3556
629,305.65000000000003,3161,True,314,3563
630,305.95000000000005,3161,True,291,3569
631,194.8,2044,False,190,3573
632,305.35,3161,True,353,3581
633,142.5,1514,False,140,3584
634,306.30000000000007,3161,True,293,3590
635,193.8,2026,False,177,3594
636,306.30000000000007,3161,True,291,3600
637,236.25,2471,False,254,3606
638,306.35,3161,True,303,3613
639,305.95,3161,True,299,3619
640,306.65000000000003,3161,True,289,3625
641,305.65,3161,True,311,3632
642,306.45000000000005,3161,True,297,3638
643,306.3,3161,True,291,3644
644,186.20000000000002,1961,False,182,3648
645,157.6,1663,False,154,3652
646,193.10000000000002,2024,False,178,3656
647,306.80000000000007,3161,True,292,3662
648,306.3,3161,True,291,3668
649,305.45,3161,True,296,3674
650,170.60000000000002,1795,False,162,3678
651,307.15000000000003,3161,True,290,3684
652,306.20000000000005,3161,True,299,3690
653,305.00000000000006,3161,True,304,3697
654,172.05,1809,False,166,3701
655,305.25000000000006,3161,True,334,3708
656,306.7,3161,True,297,3714
657,306.05,3161,True,294,3720
658,305.8,3161,True,289,3726
659,306.35,3161,True,303,3733
660,236.65000000000003,2476,False,258,3739
661,306.20000000000005,3161,True,299,3745
662,306.40000000000003,3161,True,314,3752
663,306.15000000000003,3161,True,289,3758
664,305.95000000000005,3161,True,299,3764
665,134.50000000000003,1433,False,130,3767
666,305.80000000000007,3161,True,290,3773
667,306.65,3161,True,283,3779
668,304.95000000000005,3161,True,317,3786
669,305.2,3161,True,316,3793
670,305.45,3161,True,349,3800
671,305.80000000000007,3161,True,320,3807
672,235.5,2474,False,292,3813
673,104.4,1126,False,107,3816
674,24.950000000000003,315,False,27,3817
675,236.75000000000003,2470,False,274,3823
676,305.70000000000005,3161,True,324,3830
677,305.75,3161,True,334,3837
678,305.75000000000006,3161,True,330,3844
679,305.50000000000006,3161,True,303,3851
680,305.70000000000005,3161,True,299,3857
681,306.55,3161,True,292,3863
682,306.45000000000005,3161,True,297,3869
683,157.25000000000003,1662,False,154,3873
684,305.8,3161,True,288,3879
685,305.30000000000007,3161,True,315,3886
686,305.90000000000003,3161,True,311,3893
687,132.25,1408,False,132,3896
688,305.75000000000006,3161,True,303,3903
689,306.40000000000003,3161,True,290,3909
690,305.45000000000005,3161,True,324,3916
691,305.75,3161,True,332,3923
692,305.8500000000001,3161,True,302,3930
693,306.55,3161,True,292,3936
694,235.95000000000002,2471,False,268,3942
695,24.15,311,False,27,3943
696,306.84999999999997,3161,True,302,3950
697,143.4,1514,False,140,3953
698,303.85,3161,True,376,3961
699,306.05,3161,True,314,3968
700,143.05,1522,False,137,3971
701,307.15000000000003,3161,True,286,3977
702,168.40000000000003,1778,False,166,3981
703,306.50000000000006,3161,True,307,3988
704,305.70000000000005,3161,True,297,3994
705,306.15000000000003,3161,True,311,4001
706,143.25,1522,False,148,4004
707,306.8,3161,True,292,4010
708,305.15000000000003,3161,True,308,4017
709,157.05000000000004,1660,False,153,4021
710,306.45000000000005,3161,True,300,4027
711,134.75,1434,False,131,4030
712,306.35,3161,True,303,4037
713,305.45000000000005,3161,True,322,4044
714,193.20000000000005,2027,False,186,4048
715,186.55,1954,False,173,4052
716,305.84999999999997,3161,True,305,4059
717,306.90000000000003,3161,True,287,4065
718,62.64999999999999,711,False,72,4067
719,306.6,3161,True,299,4073
720,236.45000000000002,2471,False,242,4078
721,132.60000000000002,1409,False,131,4081
722,193.9,2027,False,177,4085
723,134.60000000000002,1434,False,130,4088
724,236.9,2469,False,229,4093
725,193.25000000000003,2022,False,178,4097
726,305.55,3161,True,344,4104
727,305.7,3161,True,321,4111
728,306.05000000000007,3161,True,292,4117
729,305.9,3161,True,312,4124
730,306.15,3161,True,310,4131
731,305.6,3161,True,300,4137
732,305.70000000000005,3161,True,300,4143
733,236.75000000000003,2471,False,255,4149
734,24.200000000000003,315,False,27,4150
735,306.95,3161,True,322,4157
736,186.1,1960,False,181,4161
737,306.9,3161,True,290,4167
738,306.1,3161,True,304,4174
739,237.3,2476,False,233,4179
740,305.2,3161,True,345,4186
741,305.1,3161,True,300,4192
742,306.75,3161,True,306,4199
743,305.95000000000005,3161,True,300,4205
744,23.950000000000003,315,False,27,4206
745,307.75,3161,True,283,4212
746,305.85,3161,True,303,4219
747,235.95000000000005,2470,False,261,4225
748,236.85000000000002,2471,False,248,4230
749,305.75,3161,True,306,4237
750,306.80000000000007,3161,True,292,4243
751,305.05,3161,True,342,4250
752,306.05000000000007,3161,True,293,4256
753,305.75,3161,True,330,4263
754,306.3,3161,True,291,4269
755,158.55,1675,False,148,4272
756,305.1,3161,True,378,4280
757,306.3,3161,True,295,4286
758,305.95,3161,True,298,4292
759,306.65000000000003,3161,True,288,4298
760,306.3,3161,True,293,4304
761,305.5,3161,True,307,4311
762,306.70000000000005,3161,True,300,4317
763,305.55,3161,True,288,4323
764,305.7,3161,True,349,4330
765,168.3,1778,False,169,4334
766,59.45,678,False,94,4336
767,306.59999999999997,3161,True,305,4343
768,306.15000000000003,3161,True,311,4350
769,158.65,1676,False,149,4353
770,306.75,3161,True,285,4359
771,305.85,3161,True,303,4366
772,186.70000000000002,1960,False,179,4370
773,134.20000000000002,1427,False,136,4373
774,305.70000000000005,3161,True,292,4379
775,306.65000000000003,3161,True,289,4385
776,306.40000000000003,3161,True,285,4391
777,306.55,3161,True,292,4397
778,305.45000000000005,3161,True,295,4403
779,185.60000000000002,1954,False,176,4407
780,306.65,3161,True,314,4414
781,305.90000000000003,3161,True,312,4421
782,305.25,3161,True,334,4428
783,104.60000000000001,1127,False,105,4431
784,307.05,3161,True,292,4437
785,306.1,3161,True,304,4444
786,306.2,3161,True,299,4450
787,305.20000000000005,3161,True,291,4456
788,306.65000000000003,3161,True,290,4462
789,24.0,313,False,27,4463
790,307.3,3161,True,294,4469
791,306.00000000000006,3161,True,308,4476
792,306.65000000000003,3161,True,289,4482
793,306.3,3161,True,292,4488
794,133.45000000000002,1425,False,129,4491
795,194.55,2026,False,177,4495
796,305.70000000000005,3161,True,299,4501
797,305.75,3161,True,309,4508
798,237.15,2472,False,238,4513
799,305.90000000000003,3161,True,289,4519
800,307.15000000000003,3161,True,310,4526
801,305.05000000000007,3161,True,317,4533
802,305.8,3161,True,289,4539
803,305.9000000000001,3161,True,311,4546
804,305.70000000000005,3161,True,325,4553
805,305.65000000000003,3161,True,283,4559
806,237.20000000000002,2475,False,238,4564
807,305.1,3161,True,352,4572
808,306.2,3161,True,298,4578
809,306.1,3161,True,301,4585
810,184.8,1940,False,177,4589
811,306.65000000000003,3161,True,288,4595
812,158.3,1675,False,148,4598
813,185.0,1942,False,179,4602
814,306.00000000000006,3161,True,331,4609
815,186.15000000000003,1960,False,172,4613
816,305.85,3161,True,298,4619
817,104.55000000000001,1124,False,106,4622
818,307.00000000000006,3161,True,284,4628
819,305.90000000000003,3161,True,312,4635
820,306.15000000000003,3161,True,288,4641
821,61.90000000000001,693,False,63,4643
822,306.3,3161,True,319,4650
823,305.75,3161,True,331,4657
824,188.55,1981,False,178,4661
825,306.90000000000003,3161,True,290,4667
826,306.25,3161,True,284,4673
827,104.7,1129,False,105,4676
828,24.6,314,False,27,4677
829,306.65,3161,True,313,4684
830,156.8,1657,False,157,4688
831,306.09999999999997,3161,True,305,4695
832,24.450000000000003,315,False,27,4696
833,186.70000000000002,1953,False,172,4700
834,306.75,3161,True,306,4707
835,142.20000000000002,1512,False,140,4710
836,306.50000000000006,3161,True,307,4717
837,305.55,3161,True,317,4724
838,186.10000000000002,1958,False,173,4728
839,237.3,2472,False,243,4733
840,304.59999999999997,3161,True,375,4741
841,305.80000000000007,3161,True,289,4747
842,305.95000000000005,3161,True,295,4753
843,192.95000000000002,2026,False,189,4757
844,24.0,313,False,27,4758
845,306.15000000000003,3161,True,336,4765
846,60.10000000000001,675,False,57,4767
847,306.55,3161,True,291,4773
848,305.30000000000007,3161,True,339,4780
849,306.20000000000005,3161,True,296,4786
850,193.60000000000002,2024,False,203,4791
851,183.9,1948,False,186,4795
852,186.45000000000002,1955,False,181,4799
853,306.80000000000007,3161,True,292,4805
854,305.8500000000001,3161,True,302,4812
855,305.2,3161,True,293,4818
856,305.3,3161,True,314,4825
857,135.25,1433,False,128,4828
858,24.15,312,False,27,4829
859,307.65000000000003,3161,True,288,4835
860,186.5,1963,False,177,4839
861,305.45000000000005,3161,True,319,4846
862,192.60000000000002,2024,False,205,4851
863,306.55,3161,True,291,4857
864,305.45000000000005,3161,True,298,4863
865,306.7,3161,True,300,4869
866,186.15000000000003,1959,False,187,4873
867,306.40000000000003,3161,True,314,4880
868,133.3,1427,False,131,4883
869,307.05,3161,True,292,4889
870,24.200000000000003,315,False,27,4890
871,306.95,3161,True,300,4896
872,306.8,3161,True,293,4902
873,305.50000000000006,3161,True,305,4909
874,186.65,1958,False,181,4913
875,305.95,3161,True,296,4919
876,305.75,3161,True,332,4926
877,303.8,3161,True,419,4935
878,186.45000000000002,1959,False,173,4939
879,305.7,3161,True,320,4946
880,305.55000000000007,3161,True,370,4954
881,22.900000000000002,307,False,28,4955
882,23.3,297,False,32,4956
883,306.40000000000003,3161,True,305,4963
884,306.1,3161,True,305,4970
885,305.65000000000003,3161,True,313,4977
886,306.90000000000003,3161,True,289,4983
887,305.50000000000006,3161,True,308,4990
888,169.3,1783,False,167,4994
889,306.65000000000003,3161,True,289,5000
890,236.45000000000002,2473,False,278,5006
891,134.10000000000002,1434,False,128,5009
892,170.85000000000002,1790,False,161,5013
893,306.45000000000005,3161,True,298,5019
894,304.5,3161,True,383,5027
895,235.90000000000003,2472,False,265,5033
896,158.90000000000003,1675,False,154,5037
897,306.90000000000003,3161,True,288,5043
898,62.80000000000001,710,False,73,5045
899,306.65000000000003,3161,True,313,5052
900,306.34999999999997,3161,True,301,5059
901,235.80000000000004,2471,False,264,5065
902,305.6,3161,True,326,5072
903,306.8,3161,True,292,5078
904,305.35,3161,True,300,5084
905,306.65,3161,True,290,5090
906,306.15,3161,True,290,5096
907,306.65000000000003,3161,True,287,5102
908,305.95000000000005,3161,True,299,5108
909,303.25000000000006,3161,True,405,5117
910,236.25000000000003,2471,False,282,5123
911,306.4,3161,True,290,5129
912,305.90000000000003,3161,True,289,5135
913,306.5,3161,True,308,5142
914,170.55,1797,False,158,5146
915,134.75,1433,False,130,5149
916,306.7,3161,True,296,5155
917,306.1,3161,True,305,5162
918,306.40000000000003,3161,True,288,5168
919,195.0,2038,False,179,5172
920,303.7,3161,True,366,5180
921,305.70000000000005,3161,True,292,5186
922,132.2,1416,False,163,5190
923,304.3,3161,True,419,5199
924,306.15000000000003,3161,True,289,5205
925,306.55,3161,True,292,5211
926,306.0,3161,True,309,5218
927,305.8,3161,True,317,5225
928,305.35,3161,True,327,5232
929,306.40000000000003,3161,True,288,5238
930,61.75000000000001,698,False,82,5240
931,306.6,3161,True,299,5246
932,306.2,3161,True,299,5252
933,306.4,3161,True,290,5258
934,185.95000000000002,1960,False,179,5262
935,134.45000000000002,1424,False,129,5265
936,306.0,3161,True,333,5272
937,306.4,3161,True,290,5278
938,305.85,3161,True,303,5285
939,306.40000000000003,3161,True,289,5291
940,237.05,2475,False,229,5296
941,236.45000000000002,2471,False,270,5302
942,306.55,3161,True,291,5308
943,237.40000000000003,2471,False,238,5313
944,302.40000000000003,3161,True,464,5323
945,306.05,3161,True,318,5330
946,306.0,3161,True,310,5337
947,306.15000000000003,3161,True,289,5343
948,306.65000000000003,3161,True,289,5349
949,305.5,3161,True,305,5356
950,306.40000000000003,3161,True,287,5362
951,305.1500000000001,3161,True,314,5369
952,306.20000000000005,3161,True,324,5376
953,24.0,313,False,27,5377
954,306.90000000000003,3161,True,290,5383
955,306.95,3161,True,299,5389
956,305.1500000000001,3161,True,336,5396
957,305.84999999999997,3161,True,302,5403
958,193.25,2027,False,223,5408
959,183.85000000000002,1941,False,191,5412
960,236.40000000000003,2469,False,251,5418
961,306.55,3161,True,290,5424
962,305.40000000000003,3161,True,312,5431
963,306.34999999999997,3161,True,330,5438
964,305.80000000000007,3161,True,293,5444
965,305.1,3161,True,330,5451
966,194.55,2026,False,177,5455
967,305.8,3161,True,294,5461
968,131.55,1404,False,129,5464
969,307.3,3161,True,295,5470
970,170.70000000000002,1796,False,158,5474
971,306.2,3161,True,299,5480
972,305.50000000000006,3161,True,305,5487
973,134.85000000000002,1434,False,128,5490
974,236.50000000000003,2469,False,246,5495
975,169.25,1786,False,174,5499
976,306.80000000000007,3161,True,293,5505
977,306.2,3161,True,297,5511
978,24.450000000000003,315,False,27,5512
979,307.30000000000007,3161,True,292,5518
980,305.4,3161,True,306,5525
981,305.25,3161,True,331,5532
982,306.25000000000006,3161,True,310,5539
983,304.45000000000005,3161,True,367,5547
984,306.15000000000003,3161,True,288,5553
985,185.70000000000002,1954,False,172,5557
986,306.65,3161,True,290,5563
987,192.55000000000004,2018,False,191,5567
988,305.25000000000006,3161,True,302,5574
989,305.05000000000007,3161,True,335,5581
990,306.20000000000005,3161,True,296,5587
991,305.55,3161,True,310,5594
992,306.05,3161,True,291,5600
993,306.25000000000006,3161,True,307,5607
994,305.35,3161,True,305,5614
995,306.1,3161,True,298,5620
996,167.70000000000002,1773,False,172,5624
997,306.25000000000006,3161,True,310,5631
998,234.3,2475,False,383,5639
999,306.8,3161,True,291,5645
1000,22.250000000000004,299,False,31,5646
1001,306.7,3161,True,291,5652
1002,305.65000000000003,3161,True,339,5659
1003,305.75,3161,True,306,5666
1004,133.20000000000002,1416,False,143,5669
1005,306.15000000000003,3161,True,289,5675
1006,306.35,3161,True,301,5682
1007,305.95,3161,True,299,5688
1008,104.60000000000001,1128,False,108,5691
1009,306.6,3161,True,327,5698
1010,304.90000000000003,3161,True,336,5705
1011,306.4000000000001,3161,True,288,5711
1012,306.70000000000005,3161,True,298,5717
1013,305.65000000000003,3161,True,282,5723
1014,23.9,312,False,27,5724
1015,306.95000000000005,3161,True,296,5730
1016,24.35,314,False,27,5731
1017,307.65000000000003,3161,True,289,5737
1018,305.7,3161,True,296,5743
1019,306.55,3161,True,293,5749
1020,306.55000000000007,3161,True,291,5755
1021,306.15,3161,True,288,5761
1022,186.9,1956,False,174,5765
1023,305.8,3161,True,293,5771
1024,168.85000000000002,1783,False,178,5775
1025,184.70000000000002,1939,False,177,5779
1026,306.7,3161,True,298,5785
1027,306.3,3161,True,294,5791
1028,306.20000000000005,3161,True,297,5797
1029,305.55,3161,True,291,5803
1030,236.5,2467,False,262,5809
1031,305.7,3161,True,321,5816
1032,306.55,3161,True,291,5822
1033,306.25,3161,True,283,5828
1034,134.75,1433,False,128,5831
1035,306.59999999999997,3161,True,305,5838
1036,305.15000000000003,3161,True,310,5845
1037,306.65000000000003,3161,True,288,5851
1038,306.1,3161,True,302,5858
1039,306.30000000000007,3161,True,294,5864
1040,305.15000000000003,3161,True,309,5871
1041,236.95000000000002,2474,False,234,5876
1042,237.20000000000002,2470,False,243,5881
1043,141.75000000000003,1510,False,142,5884
1044,237.00000000000003,2473,False,264,5890
1045,305.50000000000006,3161,True,305,5897
1046,306.85,3161,True,301,5904
1047,306.15000000000003,3161,True,289,5910
1048,306.25000000000006,3161,True,307,5917
1049,305.6,3161,True,328,5924
1050,23.950000000000003,315,False,27,5925
1051,307.34999999999997,3161,True,305,5932
1052,306.1,3161,True,301,5939
1053,306.40000000000003,3161,True,289,5945
1054,305.20000000000005,3161,True,321,5952
1055,306.8,3161,True,293,5958
1056,237.0,2471,False,229,5963
1057,305.85,3161,True,304,5970
1058,306.1000000000001,3161,True,297,5976
1059,305.45,3161,True,292,5982
1060,305.45,3161,True,292,5988
1061,306.55,3161,True,294,5994
1062,305.1,3161,True,305,6001
1063,23.350000000000005,300,False,31,6002
1064,307.45000000000005,3161,True,297,6008
1065,305.3500000000001,3161,True,301,6015
1066,307.15000000000003,3161,True,290,6021
1067,305.45000000000005,3161,True,299,6027
1068,306.90000000000003,3161,True,288,6033
1069,306.55,3161,True,294,6039
1070,306.40000000000003,3161,True,288,6045
1071,306.15000000000003,3161,True,289,6051
1072,305.6,3161,True,327,6058
1073,23.900000000000002,312,False,27,6059
1074,305.85,3161,True,353,6067
1075,306.05,3161,True,295,6073
1076,307.15,3161,True,290,6079
1077,169.65,1784,False,164,6083
1078,193.70000000000002,2026,False,184,6087
1079,304.34999999999997,3161,True,355,6095
1080,305.45000000000005,3161,True,295,6101
1081,143.35000000000002,1520,False,136,6104
1082,62.60000000000001,703,False,80,6106
1083,307.25,3161,True,308,6113
1084,103.75,1127,False,110,6116
1085,62.6,698,False,76,6118
1086,306.8,3161,True,291,6124
1087,306.6,3161,True,301,6131
1088,306.05,3161,True,291,6137
1089,305.90000000000003,3161,True,289,6143
1090,132.5,1407,False,131,6146
1091,305.85,3161,True,298,6152
1092,303.55,3161,True,440,6161
1093,306.2000000000001,3161,True,297,6167
1094,305.95,3161,True,300,6173
1095,306.9,3161,True,290,6179
1096,306.20000000000005,3161,True,297,6185
1097,305.25000000000006,3161,True,310,6192
1098,307.05,3161,True,291,6198
1099,305.8,3161,True,291,6204
1100,305.75,3161,True,307,6211
1101,307.15000000000003,3161,True,289,6217
1102,185.95000000000002,1959,False,172,6221
1103,306.90000000000003,3161,True,289,6227
1104,134.35000000000002,1434,False,130,6230
1105,306.40000000000003,3161,True,307,6237
1106,185.65,1950,False,173,6241
1107,306.35,3161,True,303,6248
1108,232.79999999999995,2471,False,438,6257
1109,191.95000000000002,2021,False,186,6261
1110,306.45000000000005,3161,True,294,6267
1111,306.05,3161,True,291,6273
1112,304.65,3161,True,360,6281
1113,305.70000000000005,3161,True,294,6287
1114,305.2,3161,True,323,6294
1115,188.3,1978,False,186,6298
1116,306.4,3161,True,290,6304
1117,170.25,1790,False,172,6308
1118,192.50000000000003,2019,False,189,6312
1119,306.1,3161,True,304,6319
1120,305.6,3161,True,329,6326
1121,192.25,2019,False,186,6330
1122,305.25,3161,True,329,6337
1123,145.1,1538,False,147,6340
1124,104.35000000000001,1129,False,110,6343
1125,305.70000000000005,3161,True,349,6350
1126,186.3,1955,False,172,6354
1127,134.20000000000002,1430,False,130,6357
1128,306.6,3161,True,301,6364
1129,306.55,3161,True,293,6370
1130,169.50000000000003,1789,False,168,6374
1131,306.25,3161,True,307,6381
1132,305.95,3161,True,320,6388
1133,306.3,3161,True,292,6394
1134,134.25000000000003,1433,False,128,6397
1135,307.0,3161,True,306,6404
1136,23.950000000000003,315,False,27,6405
1137,185.60000000000002,1943,False,177,6409
1138,24.700000000000003,315,False,27,6410
1139,307.55,3161,True,291,6416
1140,305.75000000000006,3161,True,307,6423
1141,306.1,3161,True,300,6429
1142,237.0,2473,False,238,6434
1143,304.00000000000006,3161,True,407,6443
1144,306.3,3161,True,291,6449
1145,305.75000000000006,3161,True,331,6456
1146,306.40000000000003,3161,True,289,6462
1147,305.75000000000006,3161,True,310,6469
1148,306.15000000000003,3161,True,287,6475
1149,23.950000000000003,310,False,27,6476
1150,307.65000000000003,3161,True,289,6482
1151,134.45,1435,False,129,6485
1152,306.95,3161,True,299,6491
1153,133.45000000000002,1425,False,129,6494
1154,237.8,2473,False,221,6499
1155,305.70000000000005,3161,True,300,6505
1156,306.40000000000003,3161,True,314,6512
1157,306.40000000000003,3161,True,290,6518
1158,305.80000000000007,3161,True,288,6524
1159,306.3,3161,True,292,6530
1160,24.200000000000003,315,False,27,6531
1161,307.3,3161,True,291,6537
1162,185.60000000000002,1954,False,178,6541
1163,185.30000000000004,1945,False,177,6545
1164,306.8,3161,True,291,6551
1165,61.60000000000001,698,False,76,6553
1166,307.2,3161,True,295,6559
1167,306.65000000000003,3161,True,289,6565
1168,306.40000000000003,3161,True,287,6571
1169,185.85000000000002,1960,False,182,6575
1170,306.1,3161,True,329,6582
1171,186.55,1960,False,172,6586
1172,306.00000000000006,3161,True,307,6593
1173,306.59999999999997,3161,True,304,6600
1174,306.40000000000003,3161,True,289,6606
1175,304.65000000000003,3161,True,335,6613
1176,306.20000000000005,3161,True,296,6619
1177,305.6,3161,True,303,6626
1178,306.75,3161,True,308,6633
1179,186.10000000000002,1962,False,174,6637
1180,307.3,3161,True,292,6643
1181,192.95000000000002,2021,False,182,6647
1182,235.95000000000002,2474,False,259,6653
1183,135.20000000000002,1435,False,128,6656
1184,305.85,3161,True,300,6662
1185,134.35000000000002,1434,False,129,6665
1186,306.65000000000003,3161,True,314,6672
1187,306.3,3161,True,291,6678
1188,306.65000000000003,3161,True,288,6684
1189,306.40000000000003,3161,True,289,6690
1190,306.4,3161,True,290,6696
1191,306.2,3161,True,300,6702
1192,305.6,3161,True,300,6708
1193,22.350000000000005,300,False,31,6709
1194,306.85,3161,True,327,6716
1195,158.15,1672,False,152,6720
1196,306.55,3161,True,293,6726
1197,306.05,3161,True,291,6732
1198,305.6,3161,True,297,6738
1199,306.65000000000003,3161,True,289,6744
1200,306.3,3161,True,295,6750
1201,305.45000000000005,3161,True,324,6757
1202,306.3,3161,True,290,6763
1203,306.15000000000003,3161,True,289,6769
1204,306.5,3161,True,307,6776
1205,143.10000000000002,1526,False,136,6779
1206,307.20000000000005,3161,True,298,6785
1207,306.3,3161,True,291,6791
1208,306.4,3161,True,285,6797
1209,305.8,3161,True,291,6803
1210,236.75000000000003,2472,False,258,6809
1211,306.15000000000003,3161,True,313,6816
1212,306.25,3161,True,307,6823
1213,305.30000000000007,3161,True,345,6830
1214,305.8,3161,True,291,6836
1215,306.65,3161,True,288,6842
1216,306.3,3161,True,293,6848
1217,305.7,3161,True,322,6855
1218,305.7,3161,True,299,6861
1219,306.80000000000007,3161,True,294,6867
1220,134.05,1432,False,131,6870
1221,193.60000000000002,2024,False,178,6874
1222,306.2000000000001,3161,True,297,6880
1223,305.5,3161,True,305,6887
1224,306.3,3161,True,291,6893
1225,170.20000000000002,1790,False,160,6897
1226,185.55,1956,False,182,6901
1227,236.6,2470,False,269,6907
1228,192.95000000000005,2025,False,180,6911
1229,305.95,3161,True,292,6917
1230,306.65000000000003,3161,True,289,6923
1231,304.40000000000003,3161,True,389,6931
1232,143.25,1520,False,136,6934
1233,306.45000000000005,3161,True,299,6940
1234,305.95000000000005,3161,True,293,6946
1235,236.9,2471,False,234,6951
1236,305.55,3161,True,289,6957
1237,186.05,1954,False,173,6961
1238,306.90000000000003,3161,True,290,6967
1239,305.3,3161,True,315,6974
1240,305.25000000000006,3161,True,334,6981
1241,305.85,3161,True,301,6988
1242,306.2,3161,True,299,6994
1243,306.8,3161,True,291,7000
1244,306.2,3161,True,297,7006
1245,236.50000000000003,2469,False,248,7011
1246,306.05,3161,True,293,7017
1247,22.600000000000005,300,False,31,7018
1248,266.4,2764,False,264,7024
1249,22.3,297,False,32,7025
1250,307.55000000000007,3161,True,295,7031
1251,236.60000000000002,2470,False,244,7036
1252,305.95000000000005,3161,True,297,7042
1253,193.3,2026,False,177,7046
1254,104.60000000000001,1127,False,105,7049
1255,306.05000000000007,3161,True,319,7056
1256,306.70000000000005,3161,True,297,7062
1257,305.6,3161,True,300,7068
1258,185.15000000000003,1947,False,190,7072
1259,305.85,3161,True,301,7079
1260,237.10000000000002,2470,False,224,7084
1261,61.199999999999996,692,False,93,7086
1262,236.65000000000006,2471,False,282,7092
1263,24.2,315,False,27,7093
1264,237.75000000000003,2474,False,245,7098
1265,158.55,1673,False,148,7101
1266,306.45000000000005,3161,True,321,7108
1267,104.35000000000002,1128,False,110,7111
1268,306.55,3161,True,318,7118
1269,305.1,3161,True,327,7125
1270,236.55,2470,False,261,7131
1271,306.65000000000003,3161,True,289,7137
1272,305.75000000000006,3161,True,307,7144
1273,304.90000000000003,3161,True,308,7151
1274,237.75,2472,False,235,7156
1275,305.50000000000006,3161,True,308,7163
1276,186.25,1951,False,173,7167
1277,306.7,3161,True,299,7173
1278,22.000000000000004,299,False,31,7174
1279,187.00000000000003,1956,False,173,7178
1280,185.20000000000002,1940,False,177,7182
1281,306.40000000000003,3161,True,289,7188
1282,306.65000000000003,3161,True,289,7194
1283,305.3,3161,True,316,7201
1284,306.1,3161,True,328,7208
1285,306.05,3161,True,291,7214
1286,306.65000000000003,3161,True,288,7220
1287,305.65000000000003,3161,True,313,7227
1288,305.85,3161,True,303,7234
1289,305.05,3161,True,367,7242
1290,305.85,3161,True,298,7248
1291,184.45000000000002,1939,False,177,7252
1292,142.25000000000003,1509,False,141,7255
1293,264.35,2751,False,262,7261
1294,306.3,3161,True,291,7267
1295,306.35,3161,True,302,7274
1296,305.8,3161,True,289,7280
1297,134.60000000000002,1434,False,128,7283
1298,192.65000000000003,2018,False,180,7287
1299,60.25000000000001,679,False,57,7289
1300,306.4,3161,True,310,7296
1301,185.05,1941,False,187,7300
1302,169.3,1788,False,170,7304
1303,306.55000000000007,3161,True,317,7311
1304,306.20000000000005,3161,True,298,7317
1305,237.25000000000003,2478,False,230,7322
1306,306.3,3161,True,292,7328
1307,185.60000000000002,1953,False,173,7332
1308,306.85,3161,True,301,7339
1309,306.20000000000005,3161,True,298,7345
1310,305.0,3161,True,335,7352
1311,306.30000000000007,3161,True,295,7358
1312,306.8,3161,True,291,7364
1313,264.25,2763,False,276,7370
1314,307.15000000000003,3161,True,287,7376
1315,305.95000000000005,3161,True,297,7382
1316,305.85,3161,True,302,7389
1317,60.50000000000001,679,False,57,7391
1318,306.15000000000003,3161,True,310,7398
1319,237.65000000000003,2474,False,221,7403
1320,236.55,2469,False,230,7408
1321,306.65000000000003,3161,True,289,7414
1322,304.90000000000003,3161,True,306,7421
1323,306.55,3161,True,290,7427
1324,306.3,3161,True,293,7433
1325,306.55,3161,True,294,7439
1326,186.20000000000005,1958,False,173,7443
1327,143.65,1519,False,138,7446
1328,104.40000000000002,1126,False,105,7449
1329,307.05,3161,True,291,7455
1330,306.1500000000001,3161,True,288,7461
1331,306.55,3161,True,294,7467
1332,304.00000000000006,3161,True,382,7475
1333,306.9,3161,True,290,7481
1334,306.2,3161,True,297,7487
1335,193.70000000000002,2024,False,177,7491
1336,304.1,3161,True,322,7498
1337,306.8,3161,True,295,7504
1338,306.2,3161,True,298,7510
1339,234.8,2469,False,305,7517
1340,306.65000000000003,3161,True,289,7523
1341,306.65000000000003,3161,True,289,7529
1342,304.8,3161,True,370,7537
1343,306.3,3161,True,293,7543
1344,306.20000000000005,3161,True,299,7549
1345,305.90000000000003,3161,True,315,7556
1346,305.80000000000007,3161,True,295,7562
1347,305.45000000000005,3161,True,322,7569
1348,306.9,3161,True,290,7575
1349,193.55000000000004,2026,False,183,7579
1350,304.65000000000003,3161,True,330,7586
1351,306.20000000000005,3161,True,296,7592
1352,306.05,3161,True,315,7599
1353,103.95,1126,False,123,7602
1354,237.2,2470,False,238,7607
1355,304.35,3161,True,377,7615
1356,168.60000000000002,1780,False,164,7619
1357,186.35,1953,False,174,7623
1358,306.25000000000006,3161,True,309,7630
1359,306.3,3161,True,316,7637
1360,59.45,678,False,94,7639
1361,306.2,3161,True,323,7646
1362,306.4,3161,True,290,7652
1363,303.95,3161,True,421,7661
1364,306.30000000000007,3161,True,293,7667
1365,304.8,3161,True,345,7674
1366,305.55,3161,True,287,7680
1367,306.05,3161,True,310,7687
1368,184.9,1952,False,177,7691
1369,306.8,3161,True,289,7697
1370,306.15000000000003,3161,True,290,7703
1371,24.1,314,False,27,7704
1372,307.20000000000005,3161,True,300,7710
1373,305.5,3161,True,303,7717
1374,237.05,2472,False,244,7722
1375,305.55,3161,True,318,7729
1376,306.3,3161,True,291,7735
1377,306.65000000000003,3161,True,289,7741
1378,304.95000000000005,3161,True,349,7748
1379,306.15000000000003,3161,True,290,7754
1380,306.70000000000005,3161,True,296,7760
1381,237.05,2474,False,227,7765
1382,306.65000000000003,3161,True,289,7771
1383,306.20000000000005,3161,True,299,7777
1384,306.40000000000003,3161,True,289,7783
1385,193.15,2027,False,177,7787
1386,306.2,3161,True,298,7793
1387,306.05,3161,True,291,7799
1388,236.95000000000005,2469,False,231,7804
1389,235.50000000000003,2472,False,283,7810
1390,306.85,3161,True,301,7817
1391,185.35000000000002,1952,False,172,7821
1392,306.65000000000003,3161,True,313,7828
1393,306.40000000000003,3161,True,288,7834
1394,306.15,3161,True,289,7840
1395,306.2,3161,True,299,7846
1396,305.9,3161,True,340,7853
1397,236.35000000000002,2469,False,238,7858
1398,304.8,3161,True,310,7865
1399,306.59999999999997,3161,True,301,7872
1400,157.3,1665,False,152,7876
1401,186.85000000000002,1963,False,175,7880
1402,171.75,1799,False,158,7884
1403,263.45,2760,False,302,7891
1404,307.05000000000007,3161,True,294,7897
1405,234.90000000000003,2471,False,305,7904
1406,239.00000000000003,2470,False,247,7909
1407,185.8,1977,False,184,7913
1408,185.6,1956,False,188,7917
1409,306.4000000000001,3161,True,313,7924
1410,104.85000000000001,1129,False,114,7927
1411,105.2,1129,False,105,7930
1412,134.9,1432,False,130,7933
1413,306.80000000000007,3161,True,292,7939
1414,184.85000000000002,1948,False,178,7943
1415,306.70000000000005,3161,True,297,7949
1416,305.30000000000007,3161,True,343,7956
1417,134.3,1429,False,141,7959
1418,134.85000000000002,1434,False,128,7962
1419,306.55,3161,True,291,7968
1420,24.15,311,False,27,7969
1421,307.45,3161,True,300,7975
1422,104.25000000000001,1127,False,107,7978
1423,306.25,3161,True,305,7985
1424,142.50000000000003,1514,False,140,7988
1425,185.0,1942,False,177,7992
1426,306.55,3161,True,294,7998
1427,186.45000000000002,1956,False,183,8002
1428,305.45,3161,True,321,8009
1429,186.05000000000004,1954,False,173,8013
1430,306.2,3161,True,324,8020
1431,305.65000000000003,3161,True,315,8027
1432,105.2,1135,False,106,8030
1433,307.05,3161,True,293,8036
1434,305.8,3161,True,316,8043
1435,236.40000000000003,2476,False,255,8049
1436,305.90000000000003,3161,True,310,8056
1437,305.80000000000007,3161,True,293,8062
1438,306.45000000000005,3161,True,297,8068
1439,306.45000000000005,3161,True,299,8074
1440,104.10000000000001,1127,False,105,8077
1441,306.5,3161,True,305,8084
1442,306.25000000000006,3161,True,308,8091
1443,236.5,2473,False,238,8096
1444,306.6,3161,True,301,8103
1445,134.3,1431,False,129,8106
1446,305.3,3161,True,338,8113
1447,305.35,3161,True,327,8120
1448,305.75,3161,True,306,8127
1449,169.70000000000002,1786,False,163,8131
1450,237.10000000000002,2470,False,247,8136
1451,186.8,1960,False,172,8140
1452,305.95,3161,True,296,8146
1453,104.60000000000002,1128,False,106,8149
1454,305.75,3161,True,358,8157
1455,306.0,3161,True,306,8164
1456,306.3,3161,True,294,8170
1457,304.55,3161,True,367,8178
1458,305.35,3161,True,323,8185
1459,170.75000000000003,1800,False,167,8189
1460,305.8,3161,True,289,8195
1461,236.95000000000005,2471,False,244,8200
1462,235.65000000000003,2471,False,281,8206
1463,306.70000000000005,3161,True,299,8212
1464,305.65000000000003,3161,True,312,8219
1465,306.2,3161,True,297,8225
1466,306.0,3161,True,306,8232
1467,306.15,3161,True,310,8239
1468,304.9,3161,True,331,8246
1469,305.25000000000006,3161,True,307,8253
1470,306.65000000000003,3161,True,314,8260
1471,305.0,3161,True,302,8267
1472,305.75000000000006,3161,True,333,8274
1473,306.65000000000003,3161,True,289,8280
1474,306.00000000000006,3161,True,306,8287
1475,133.45000000000002,1425,False,135,8290
1476,306.95000000000005,3161,True,296,8296
1477,169.85000000000002,1787,False,166,8300
1478,305.90000000000003,3161,True,289,8306
1479,305.55,3161,True,316,8313
1480,134.8,1431,False,129,8316
1481,305.75000000000006,3161,True,335,8323
1482,305.1,3161,True,351,8331
1483,23.9,312,False,27,8332
1484,306.6,3161,True,297,8338
1485,306.05000000000007,3161,True,294,8344
1486,306.3,3161,True,290,8350
1487,306.35,3161,True,304,8357
1488,305.75,3161,True,332,8364
1489,171.05,1808,False,164,8368
1490,306.59999999999997,3161,True,304,8375
1491,306.05,3161,True,292,8381
1492,185.15,1941,False,178,8385
1493,304.20000000000005,3161,True,370,8393
1494,306.15000000000003,3161,True,312,8400
1495,306.80000000000007,3161,True,294,8406
1496,305.6,3161,True,304,8413
1497,306.1,3161,True,328,8420
1498,305.55,3161,True,316,8427
1499,235.75,2471,False,279,8433
1500,183.15000000000003,1927,False,183,8437
1501,24.200000000000003,310,False,27,8438
1502,307.45000000000005,3161,True,297,8444
1503,236.00000000000006,2470,False,246,8449
1504,306.15000000000003,3161,True,313,8456
1505,306.55,3161,True,293,8462
1506,305.85,3161,True,302,8469
1507,305.2,3161,True,324,8476
1508,307.05000000000007,3161,True,295,8482
1509,305.0,3161,True,304,8489
1510,171.05,1797,False,158,8493
1511,306.20000000000005,3161,True,297,8499
1512,306.65000000000003,3161,True,289,8505
1513,306.05,3161,True,292,8511
1514,306.1,3161,True,303,8518
1515,306.05,3161,True,317,8525
1516,306.15,3161,True,290,8531
1517,305.20000000000005,3161,True,350,8538
1518,305.95,3161,True,299,8544
1519,306.5,3161,True,308,8551
1520,236.85000000000002,2476,False,243,8556
1521,305.35,3161,True,328,8563
1522,306.3,3161,True,315,8570
1523,104.20000000000002,1129,False,108,8573
1524,307.40000000000003,3161,True,288,8579
1525,306.4000000000001,3161,True,287,8585
1526,306.0,3161,True,306,8592
1527,305.55,3161,True,291,8598
1528,306.90000000000003,3161,True,288,8604
1529,306.65000000000003,3161,True,289,8610
1530,134.45000000000002,1435,False,128,8613
1531,134.95000000000002,1435,False,128,8616
1532,307.40000000000003,3161,True,288,8622
1533,306.40000000000003,3161,True,289,8628
1534,305.65000000000003,3161,True,289,8634
1535,306.90000000000003,3161,True,289,8640
1536,237.05,2472,False,242,8645
1537,306.20000000000005,3161,True,299,8651
1538,23.849999999999998,314,False,28,8652
1539,62.9,700,False,75,8654
1540,307.65000000000003,3161,True,289,8660
1541,306.05,3161,True,291,8666
1542,265.40000000000003,2761,False,249,8671
1543,306.30000000000007,3161,True,292,8677
1544,306.2,3161,True,299,8683
1545,306.15,3161,True,312,8690
1546,306.1,3161,True,302,8697
1547,306.05000000000007,3161,True,294,8703
1548,237.50000000000003,2475,False,222,8708
1549,305.75000000000006,3161,True,306,8715
1550,306.70000000000005,3161,True,296,8721
1551,305.95000000000005,3161,True,297,8727
1552,305.8,3161,True,288,8733
1553,59.85000000000001,675,False,57,8735
1554,307.3,3161,True,295,8741
1555,23.650000000000002,312,False,27,8742
1556,307.05,3161,True,291,8748
1557,306.70000000000005,3161,True,295,8754
1558,234.8,2469,False,308,8761
1559,306.8,3161,True,291,8767
1560,134.25,1433,False,128,8770
1561,305.7,3161,True,349,8777
1562,305.3,3161,True,311,8784
1563,192.65,2019,False,187,8788
1564,235.80000000000004,2472,False,268,8794
1565,306.50000000000006,3161,True,307,8801
1566,305.7,3161,True,296,8807
1567,306.20000000000005,3161,True,322,8814
1568,169.5,1788,False,160,8818
1569,237.45000000000002,2477,False,244,8823
1570,306.3,3161,True,294,8829
1571,306.65000000000003,3161,True,290,8835
1572,305.95,3161,True,299,8841
1573,306.55,3161,True,293,8847
1574,306.55,3161,True,316,8854
1575,304.6,3161,True,299,8860
1576,186.70000000000002,1959,False,172,8864
1577,306.40000000000003,3161,True,288,8870
1578,305.40000000000003,3161,True,313,8877
1579,134.85000000000002,1434,False,129,8880
1580,306.75,3161,True,309,8887
1581,133.60000000000002,1425,False,131,8890
1582,133.8,1422,False,139,8893
1583,170.00000000000003,1788,False,161,8897
1584,306.40000000000003,3161,True,311,8904
1585,305.6500000000001,3161,True,305,8911
1586,305.20000000000005,3161,True,317,8918
1587,304.95,3161,True,320,8925
1588,306.3,3161,True,291,8931
1589,305.90000000000003,3161,True,311,8938
1590,306.45000000000005,3161,True,297,8944
1591,306.4,3161,True,287,8950
1592,306.5,3161,True,356,8958
1593,234.75000000000003,2471,False,252,8964
1594,306.20000000000005,3161,True,300,8970
1595,306.55000000000007,3161,True,294,8976
1596,305.65,3161,True,314,8983
1597,306.6,3161,True,304,8990
1598,305.20000000000005,3161,True,298,8996
1599,306.05000000000007,3161,True,291,9002
1600,105.05,1129,False,125,9005
1601,306.30000000000007,3161,True,289,9011
1602,305.65,3161,True,338,9018
1603,306.4,3161,True,287,9024
1604,59.750000000000014,679,False,58,9026
1605,307.65000000000003,3161,True,289,9032
1606,306.2,3161,True,300,9038
1607,306.40000000000003,3161,True,290,9044
1608,305.35,3161,True,329,9051
1609,306.05,3161,True,288,9057
1610,105.30000000000001,1137,False,112,9060
1611,306.90000000000003,3161,True,290,9066
1612,305.6,3161,True,303,9073
1613,306.6,3161,True,302,9080
1614,305.8,3161,True,317,9087
1615,305.25,3161,True,333,9094
1616,265.00000000000006,2768,False,277,9100
1617,236.50000000000003,2469,False,248,9105
1618,192.75000000000003,2022,False,201,9110
1619,306.5,3161,True,307,9117
1620,186.05,1954,False,172,9121
1621,22.400000000000002,298,False,33,9122
1622,265.90000000000003,2762,False,255,9128
1623,306.05000000000007,3161,True,318,9135
1624,134.20000000000002,1431,False,131,9138
1625,307.3,3161,True,292,9144
1626,306.3,3161,True,294,9150
1627,60.00000000000001,679,False,57,9152
1628,306.65000000000003,3161,True,311,9159
1629,306.15000000000003,3161,True,313,9166
1630,305.5,3161,True,310,9173
1631,236.75000000000003,2471,False,254,9179
1632,305.75,3161,True,304,9186
1633,306.15000000000003,3161,True,288,9192
1634,306.65000000000003,3161,True,287,9198
1635,305.45,3161,True,322,9205
1636,305.80000000000007,3161,True,315,9212
1637,306.4,3161,True,290,9218
1638,305.30000000000007,3161,True,288,9224
1639,169.75000000000003,1788,False,160,9228
1640,307.05,3161,True,294,9234
1641,306.34999999999997,3161,True,302,9241
1642,59.65000000000001,678,False,58,9243
1643,159.20000000000002,1674,False,149,9246
1644,304.85,3161,True,376,9254
1645,305.50000000000006,3161,True,332,9261
1646,306.1,3161,True,328,9268
1647,236.70000000000002,2470,False,236,9273
1648,103.95000000000002,1127,False,122,9276
1649,306.55000000000007,3161,True,286,9282
1650,184.40000000000003,1942,False,177,9286
1651,306.25000000000006,3161,True,331,9293
1652,305.85,3161,True,303,9300
1653,185.8,1954,False,172,9304
1654,235.60000000000002,2470,False,297,9310
1655,306.65000000000003,3161,True,288,9316
1656,306.05,3161,True,320,9323
1657,64.30000000000001,722,False,73,9325
1658,307.05000000000007,3161,True,295,9331
1659,104.60000000000002,1129,False,111,9334
1660,23.000000000000004,299,False,31,9335
1661,307.75,3161,True,283,9341
1662,304.45000000000005,3161,True,347,9348
1663,306.80000000000007,3161,True,292,9354
1664,306.04999999999995,3161,True,320,9361
1665,306.1,3161,True,304,9368
1666,305.55,3161,True,318,9375
1667,305.2,3161,True,316,9382
1668,235.85000000000005,2474,False,265,9388
1669,307.40000000000003,3161,True,289,9394
1670,305.8,3161,True,316,9401
1671,305.9,3161,True,314,9408
1672,234.3,2468,False,305,9415
1673,307.3,3161,True,291,9421
1674,169.45000000000002,1790,False,161,9425
1675,306.50000000000006,3161,True,310,9432
1676,23.8,311,False,28,9433
1677,307.25000000000006,3161,True,309,9440
1678,306.3,3161,True,293,9446
1679,23.950000000000003,315,False,27,9447
1680,306.70000000000005,3161,True,320,9454
1681,305.5,3161,True,332,9461
1682,62.150000000000006,701,False,76,9463
1683,306.34999999999997,3161,True,330,9470
1684,306.65,3161,True,290,9476
1685,306.3,3161,True,293,9482
1686,306.40000000000003,3161,True,290,9488
1687,305.8,3161,True,320,9495
1688,306.3,3161,True,291,9501
1689,305.8,3161,True,291,9507
1690,306.40000000000003,3161,True,311,9514
1691,305.40000000000003,3161,True,311,9521
1692,305.9,3161,True,306,9528
1693,304.8,3161,True,315,9535
1694,305.5,3161,True,357,9543
1695,305.80000000000007,3161,True,293,9549
1696,306.45,3161,True,299,9555
1697,306.45000000000005,3161,True,297,9561
1698,305.75,3161,True,306,9568
1699,237.05,2474,False,228,9573
1700,306.1,3161,True,298,9579
1701,236.75000000000006,2476,False,221,9584
1702,306.6,3161,True,303,9591
1703,305.75000000000006,3161,True,310,9598
1704,264.75,2765,False,287,9604
1705,104.55000000000001,1127,False,116,9607
1706,186.65,1956,False,173,9611
1707,306.25,3161,True,305,9618
1708,306.90000000000003,3161,True,288,9624
1709,60.85000000000001,693,False,78,9626
1710,307.75,3161,True,285,9632
1711,192.9,2023,False,183,9636
1712,306.15000000000003,3161,True,287,9642
1713,305.95000000000005,3161,True,298,9648
1714,305.55,3161,True,343,9655
1715,306.25,3161,True,305,9662
1716,305.55,3161,True,320,9669
1717,306.40000000000003,3161,True,290,9675
1718,305.4000000000001,3161,True,314,9682
1719,306.55,3161,True,294,9688
1720,305.8,3161,True,319,9695
1721,306.8,3161,True,292,9701
1722,23.950000000000003,315,False,27,9702
1723,307.15000000000003,3161,True,282,9708
1724,305.3,3161,True,293,9714
1725,306.70000000000005,3161,True,298,9720
1726,306.05000000000007,3161,True,293,9726
1727,306.5,3161,True,309,9733
1728,306.65,3161,True,289,9739
1729,305.6,3161,True,326,9746
1730,23.950000000000003,315,False,27,9747
1731,307.65000000000003,3161,True,289,9753
1732,185.55,1955,False,173,9757
1733,305.75,3161,True,300,9763
1734,170.05,1793,False,175,9767
1735,306.0,3161,True,302,9774
1736,306.15,3161,True,290,9780
1737,306.40000000000003,3161,True,288,9786
1738,306.34999999999997,3161,True,302,9793
1739,306.1,3161,True,304,9800
1740,306.3,3161,True,293,9806
1741,134.50000000000003,1433,False,128,9809
1742,306.6,3161,True,301,9816
1743,306.1,3161,True,301,9823
1744,104.50000000000001,1127,False,107,9826
1745,60.6,680,False,57,9828
1746,307.25000000000006,3161,True,306,9835
1747,306.40000000000003,3161,True,289,9841
1748,169.3,1786,False,163,9845
1749,306.45,3161,True,300,9851
1750,104.35000000000001,1128,False,106,9854
1751,306.1,3161,True,351,9862
1752,236.50000000000003,2469,False,246,9867
1753,306.3,3161,True,293,9873
1754,134.10000000000002,1434,False,129,9876
1755,306.70000000000005,3161,True,296,9882
1756,306.6,3161,True,301,9889
1757,236.10000000000002,2472,False,251,9895
1758,305.80000000000007,3161,True,289,9901
1759,170.55,1798,False,166,9905
1760,306.55,3161,True,317,9912
1761,60.30000000000001,681,False,59,9914
1762,135.70000000000002,1435,False,128,9917
1763,305.75,3161,True,302,9924
1764,306.65000000000003,3161,True,287,9930
1765,305.8,3161,True,319,9937
1766,305.6,3161,True,299,9943
1767,306.3,3161,True,293,9949
1768,23.950000000000003,315,False,27,9950
1769,307.65000000000003,3161,True,289,9956
1770,305.30000000000007,3161,True,319,9963
1771,306.0,3161,True,308,9970
1772,306.3,3161,True,291,9976
1773,170.0,1788,False,160,9980
1774,306.45000000000005,3161,True,296,9986
1775,304.70000000000005,3161,True,319,9993
1776,307.05,3161,True,292,9999
1777,305.7,3161,True,322,10006
1778,305.05,3161,True,288,10012
1779,306.45,3161,True,299,10018
1780,307.00000000000006,3161,True,307,10025
1781,304.55000000000007,3161,True,341,10032
1782,306.29999999999995,3161,True,294,10038
1783,306.20000000000005,3161,True,297,10044
1784,306.25,3161,True,309,10051
1785,305.8,3161,True,319,10058
1786,306.40000000000003,3161,True,289,10064
1787,236.75,2472,False,233,10069
1788,104.50000000000001,1127,False,105,10072
1789,306.90000000000003,3161,True,290,10078
1790,59.85000000000001,675,False,57,10080
1791,307.15000000000003,3161,True,288,10086
1792,305.8,3161,True,318,10093
1793,305.45000000000005,3161,True,295,10099
1794,306.6,3161,True,305,10106
1795,306.3,3161,True,291,10112
1796,104.25000000000001,1126,False,109,10115
1797,306.70000000000005,3161,True,295,10121
1798,305.7,3161,True,320,10128
1799,193.05,2023,False,185,10132
1800,305.45,3161,True,323,10139
1801,306.1,3161,True,304,10146
1802,305.45000000000005,3161,True,298,10152
1803,306.8,3161,True,294,10158
1804,169.00000000000003,1780,False,169,10162
1805,306.40000000000003,3161,True,289,10168
1806,105.00000000000003,1135,False,117,10171
1807,307.15000000000003,3161,True,289,10177
1808,305.35,3161,True,297,10183
1809,307.0,3161,True,285,10189
1810,305.90000000000003,3161,True,311,10196
1811,305.8,3161,True,291,10202
1812,306.45000000000005,3161,True,297,10208
1813,305.35,3161,True,322,10215
1814,305.55,3161,True,319,10222
1815,305.25000000000006,3161,True,334,10229
1816,186.95000000000002,1959,False,172,10233
1817,305.34999999999997,3161,True,354,10241
1818,305.20000000000005,3161,True,294,10247
1819,306.3,3161,True,317,10254
1820,305.55,3161,True,288,10260
1821,306.40000000000003,3161,True,288,10266
1822,169.45000000000005,1781,False,164,10270
1823,104.35000000000002,1128,False,105,10273
1824,306.90000000000003,3161,True,289,10279
1825,306.65000000000003,3161,True,289,10285
1826,305.45000000000005,3161,True,324,10292
1827,306.55,3161,True,292,10298
