0,306.8,3161,True,289,6
1,305.95000000000005,3161,True,292,12
2,305.95000000000005,3161,True,296,18
3,306.15,3161,True,311,25
4,192.45000000000005,2021,False,186,29
5,305.8,3161,True,316,36
6,184.45000000000002,1944,False,177,40
7,306.25000000000006,3161,True,305,47
8,170.05,1786,False,190,51
9,186.05,1955,False,172,55
10,170.85000000000002,1795,False,168,59
11,235.45000000000002,2474,False,281,65
12,305.65000000000003,3161,True,335,72
13,131.95000000000002,1409,False,130,75
14,304.70000000000005,3161,True,374,83
15,266.40000000000003,2760,False,249,88
16,304.9000000000001,3161,True,340,95
17,305.95000000000005,3161,True,300,101
18,168.75000000000003,1779,False,164,105
19,62.050000000000004,696,False,84,107
20,306.15000000000003,3161,True,338,114
21,306.55,3161,True,292,120
22,306.40000000000003,3161,True,288,126
23,305.70000000000005,3161,True,300,132
24,305.85,3161,True,300,138
25,305.65000000000003,3161,True,311,145
26,306.55,3161,True,292,151
27,305.85,3161,True,328,158
28,170.05,1793,False,168,162
29,305.85,3161,True,299,168
30,305.90000000000003,3161,True,314,175
31,306.3,3161,True,294,181
32,305.80000000000007,3161,True,291,187
33,306.70000000000005,3161,True,295,193
34,236.8,2470,False,235,198
35,305.75,3161,True,332,205
36,305.95,3161,True,296,211
37,133.8,1435,False,150,214
38,307.1,3161,True,305,221
39,104.25000000000001,1127,False,107,224
40,306.45,3161,True,324,231
41,184.45000000000005,1948,False,200,235
42,306.8,3161,True,292,241
43,306.20000000000005,3161,True,300,247
44,305.30000000000007,3161,True,311,254
45,306.65000000000003,3161,True,289,260
46,58.400000000000006,667,False,89,262
47,307.20000000000005,3161,True,300,268
48,305.85,3161,True,330,275
49,306.15000000000003,3161,True,289,281
50,305.70000000000005,3161,True,292,287
51,306.40000000000003,3161,True,289,293
52,305.90000000000003,3161,True,311,300
53,236.9,2470,False,232,305
54,305.95000000000005,3161,True,298,311
55,104.50000000000003,1127,False,105,314
56,235.65,2476,False,332,321
57,307.0,3161,True,285,327
58,306.3,3161,True,291,333
59,305.55,3161,True,318,340
60,306.65000000000003,3161,True,287,346
61,305.8,3161,True,291,352
62,306.20000000000005,3161,True,323,359
63,305.90000000000003,3161,True,289,365
64,306.90000000000003,3161,True,289,371
65,305.75000000000006,3161,True,307,378
66,306.55,3161,True,291,384
67,306.40000000000003,3161,True,286,390
68,23.650000000000002,312,False,27,391
69,306.75000000000006,3161,True,308,398
70,306.30000000000007,3161,True,318,405
71,305.35,3161,True,326,412
72,237.15,2470,False,234,417
73,305.1,3161,True,328,424
74,306.90000000000003,3161,True,289,430
75,306.20000000000005,3161,True,295,436
76,306.3,3161,True,292,442
77,305.70000000000005,3161,True,299,448
78,306.0,3161,True,335,455
79,235.7,2473,False,280,461
80,306.3,3161,True,292,467
81,306.90000000000003,3161,True,289,473
82,305.5,3161,True,307,480
83,305.25000000000006,3161,True,359,488
84,306.75000000000006,3161,True,283,494
85,306.40000000000003,3161,True,289,500
86,306.40000000000003,3161,True,289,506
87,306.15000000000003,3161,True,289,512
88,306.40000000000003,3161,True,289,518
89,169.35000000000002,1781,False,165,522
90,23.25,308,False,28,523
91,132.75,1408,False,131,526
92,307.15000000000003,3161,True,290,532
93,306.65000000000003,3161,True,289,538
94,306.4,3161,True,290,544
95,306.00000000000006,3161,True,306,551
96,306.20000000000005,3161,True,296,557
97,306.05,3161,True,293,563
98,306.30000000000007,3161,True,293,569
99,306.55,3161,True,291,575
100,306.1,3161,True,304,582
101,305.65,3161,True,312,589
102,305.7,3161,True,292,595
103,306.25000000000006,3161,True,278,601
104,305.5,3161,True,308,608
105,304.8,3161,True,391,616
106,306.40000000000003,3161,True,286,622
107,305.55,3161,True,317,629
108,305.40000000000003,3161,True,306,636
109,306.15000000000003,3161,True,288,642
110,306.45,3161,True,298,648
111,305.05,3161,True,342,655
112,170.55,1791,False,161,659
113,305.50000000000006,3161,True,301,666
114,105.05000000000001,1136,False,107,669
115,143.4,1513,False,139,672
116,306.8,3161,True,291,678
117,306.40000000000003,3161,True,289,684
118,185.95000000000002,1953,False,172,688
119,306.65000000000003,3161,True,289,694
120,305.80000000000007,3161,True,289,700
121,306.1,3161,True,301,707
122,304.95000000000005,3161,True,350,714
123,306.25000000000006,3161,True,278,720
124,305.95000000000005,3161,True,296,726
125,23.599999999999998,309,False,27,727
126,307.20000000000005,3161,True,298,733
127,305.8500000000001,3161,True,328,740
128,306.20000000000005,3161,True,299,746
129,305.15,3161,True,339,753
130,306.25,3161,True,308,760
131,186.05,1954,False,172,764
132,306.05,3161,True,293,770
133,305.35,3161,True,324,777
134,305.7,3161,True,291,783
135,306.25000000000006,3161,True,307,790
136,185.95000000000002,1957,False,187,794
137,184.65000000000003,1945,False,196,798
138,134.3,1432,False,131,801
139,306.15000000000003,3161,True,337,808
140,304.75,3161,True,381,816
141,305.55,3161,True,320,823
142,304.95000000000005,3161,True,374,831
143,185.20000000000002,1954,False,172,835
144,307.3,3161,True,293,841
145,305.15,3161,True,308,848
146,305.55000000000007,3161,True,318,855
147,169.55,1782,False,163,859
148,305.80000000000007,3161,True,319,866
149,306.15000000000003,3161,True,312,873
150,184.8,1940,False,179,877
151,305.95000000000005,3161,True,298,883
152,305.45000000000005,3161,True,316,890
153,305.65000000000003,3161,True,310,897
154,186.05,1960,False,172,901
155,305.8,3161,True,320,908
156,306.65000000000003,3161,True,289,914
157,306.34999999999997,3161,True,303,921
158,305.75,3161,True,305,928
159,305.85,3161,True,302,935
160,306.35,3161,True,301,942
161,237.10000000000002,2472,False,228,947
162,169.85000000000002,1789,False,161,951
163,305.90000000000003,3161,True,310,958
164,305.35,3161,True,299,964
165,62.55000000000001,704,False,74,966
166,307.20000000000005,3161,True,296,972
167,306.45000000000005,3161,True,296,978
168,305.15,3161,True,306,985
169,305.35,3161,True,295,991
170,235.70000000000002,2474,False,281,997
171,188.25000000000003,1963,False,184,1001
172,62.10000000000001,707,False,73,1003
173,237.35000000000002,2473,False,257,1009
174,184.55,1940,False,177,1013
175,307.45,3161,True,323,1020
176,102.10000000000001,1129,False,138,1023
177,238.05,2472,False,244,1028
178,104.10000000000001,1128,False,107,1031
179,106.05000000000001,1136,False,106,1034
180,306.65000000000003,3161,True,289,1040
181,306.15000000000003,3161,True,315,1047
182,305.15000000000003,3161,True,339,1054
183,306.65000000000003,3161,True,289,1060
184,306.55,3161,True,294,1066
185,305.25000000000006,3161,True,302,1073
186,306.05,3161,True,287,1079
187,133.5,1429,False,133,1082
188,105.60000000000001,1129,False,112,1085
189,306.8,3161,True,293,1091
190,305.15000000000003,3161,True,307,1098
191,306.0,3161,True,308,1105
192,306.40000000000003,3161,True,289,1111
193,306.34999999999997,3161,True,301,1118
194,236.05,2466,False,241,1123
195,134.20000000000002,1431,False,130,1126
196,306.95000000000005,3161,True,298,1132
197,237.6,2476,False,223,1137
198,170.45000000000002,1797,False,170,1141
199,236.55,2472,False,241,1146
200,236.90000000000003,2473,False,241,1151
201,237.05000000000004,2470,False,238,1156
202,305.15,3161,True,306,1163
203,104.65,1127,False,113,1166
204,61.95,697,False,94,1168
205,266.00000000000006,2763,False,253,1174
206,306.65,3161,True,288,1180
207,305.2,3161,True,318,1187
208,305.65,3161,True,308,1194
209,306.00000000000006,3161,True,309,1201
210,305.3,3161,True,344,1208
211,306.1000000000001,3161,True,305,1215
212,305.6,3161,True,297,1221
213,306.15000000000003,3161,True,288,1227
214,236.8,2474,False,253,1233
215,305.8500000000001,3161,True,301,1240
216,306.45000000000005,3161,True,298,1246
217,304.65000000000003,3161,True,363,1254
218,306.55000000000007,3161,True,291,1260
219,306.55000000000007,3161,True,291,1266
220,306.0,3161,True,306,1273
221,170.70000000000002,1797,False,168,1277
222,305.6,3161,True,299,1283
223,186.35000000000002,1957,False,174,1287
224,306.1,3161,True,301,1294
225,22.600000000000005,300,False,31,1295
226,159.85000000000002,1678,False,150,1298
227,305.6,3161,True,355,1306
228,306.2,3161,True,299,1312
229,306.00000000000006,3161,True,278,1318
230,305.30000000000007,3161,True,288,1324
231,185.85000000000002,1951,False,188,1328
232,23.9,312,False,27,1329
233,307.55,3161,True,294,1335
234,306.40000000000003,3161,True,286,1341
235,306.2,3161,True,297,1347
236,168.45000000000002,1781,False,164,1351
237,305.6000000000001,3161,True,321,1358
238,235.75,2469,False,295,1364
239,306.05,3161,True,291,1370
240,306.15000000000003,3161,True,287,1376
241,306.2,3161,True,299,1382
242,306.6,3161,True,302,1389
243,305.95,3161,True,298,1395
244,236.40000000000003,2471,False,259,1401
245,305.15000000000003,3161,True,337,1408
246,306.35,3161,True,304,1415
247,306.40000000000003,3161,True,311,1422
248,305.15,3161,True,309,1429
249,306.15000000000003,3161,True,289,1435
250,22.600000000000005,300,False,31,1436
251,105.70000000000002,1129,False,105,1439
252,187.25000000000003,1955,False,173,1443
253,304.75,3161,True,325,1450
254,171.45000000000005,1801,False,159,1454
255,306.15000000000003,3161,True,287,1460
256,306.45000000000005,3161,True,297,1466
257,306.0,3161,True,307,1473
258,306.3,3161,True,294,1479
259,306.1,3161,True,303,1486
260,306.25000000000006,3161,True,283,1492
261,306.05000000000007,3161,True,315,1499
262,306.1,3161,True,303,1506
263,305.75000000000006,3161,True,303,1513
264,306.05,3161,True,293,1519
265,306.3,3161,True,292,1525
266,236.35000000000002,2469,False,243,1530
267,134.70000000000002,1435,False,130,1533
268,306.20000000000005,3161,True,297,1539
269,307.15000000000003,3161,True,288,1545
270,306.15000000000003,3161,True,289,1551
271,306.45000000000005,3161,True,297,1557
272,305.6,3161,True,301,1564
273,306.45000000000005,3161,True,295,1570
274,306.65000000000003,3161,True,289,1576
275,305.6,3161,True,327,1583
276,304.85,3161,True,300,1589
277,306.70000000000005,3161,True,297,1595
278,306.65000000000003,3161,True,289,1601
279,305.05000000000007,3161,True,342,1608
280,306.3,3161,True,290,1614
281,170.85000000000002,1796,False,167,1618
282,305.5,3161,True,331,1625
283,169.4,1789,False,168,1629
284,306.05,3161,True,287,1635
285,306.15,3161,True,289,1641
286,305.8,3161,True,290,1647
287,237.35000000000002,2473,False,232,1652
288,305.90000000000003,3161,True,313,1659
289,305.95000000000005,3161,True,293,1665
290,305.95000000000005,3161,True,295,1671
291,306.25,3161,True,305,1678
292,306.00000000000006,3161,True,307,1685
293,236.35000000000002,2472,False,253,1691
294,306.1,3161,True,302,1698
295,306.3,3161,True,293,1704
296,306.55,3161,True,291,1710
297,304.65,3161,True,356,1718
298,306.05000000000007,3161,True,295,1724
299,305.50000000000006,3161,True,304,1731
300,305.65,3161,True,314,1738
301,306.55,3161,True,292,1744
302,306.1,3161,True,303,1751
303,305.75,3161,True,306,1758
304,306.45,3161,True,300,1764
305,306.3,3161,True,293,1770
306,305.6,3161,True,303,1777
307,306.8,3161,True,293,1783
308,306.05000000000007,3161,True,291,1789
309,305.55,3161,True,342,1796
310,23.75,313,False,29,1797
311,306.7,3161,True,321,1804
312,306.1,3161,True,300,1810
313,306.55,3161,True,292,1816
314,184.55,1941,False,177,1820
315,169.35000000000002,1786,False,170,1824
316,305.15000000000003,3161,True,362,1832
317,237.10000000000002,2471,False,222,1837
318,306.6,3161,True,279,1843
319,305.90000000000003,3161,True,313,1850
320,104.35000000000002,1128,False,105,1853
321,132.85000000000002,1409,False,135,1856
322,306.75000000000006,3161,True,278,1862
323,104.0,1127,False,108,1865
324,306.65000000000003,3161,True,338,1872
325,306.05,3161,True,291,1878
326,305.15000000000003,3161,True,312,1885
327,306.90000000000003,3161,True,288,1891
328,306.05,3161,True,293,1897
329,104.85000000000001,1128,False,106,1900
330,306.70000000000005,3161,True,299,1906
331,306.15000000000003,3161,True,288,1912
332,235.35000000000002,2470,False,291,1918
333,305.7,3161,True,323,1925
334,304.90000000000003,3161,True,334,1932
335,305.75,3161,True,327,1939
336,306.40000000000003,3161,True,286,1945
337,169.3,1783,False,167,1949
338,134.25,1433,False,129,1952
339,305.9,3161,True,312,1959
340,143.70000000000002,1522,False,136,1962
341,306.5,3161,True,309,1969
342,306.55,3161,True,293,1975
343,304.65,3161,True,334,1982
344,306.35,3161,True,304,1989
345,305.85,3161,True,301,1996
346,306.40000000000003,3161,True,289,2002
347,305.2,3161,True,320,2009
348,304.6000000000001,3161,True,321,2016
349,171.35000000000002,1796,False,167,2020
350,305.05,3161,True,343,2027
351,236.10000000000002,2470,False,274,2033
352,305.75000000000006,3161,True,306,2040
353,305.3,3161,True,365,2048
354,305.75000000000006,3161,True,305,2055
355,306.3,3161,True,295,2061
356,237.55,2470,False,234,2066
357,305.55,3161,True,291,2072
358,306.30000000000007,3161,True,294,2078
359,23.900000000000002,311,False,27,2079
360,306.90000000000003,3161,True,312,2086
361,305.8,3161,True,316,2093
362,237.3,2475,False,227,2098
363,184.8,1942,False,189,2102
364,235.70000000000005,2470,False,293,2108
365,236.65000000000003,2474,False,246,2113
366,193.3,2024,False,196,2117
367,264.75,2757,False,250,2122
368,134.3,1432,False,131,2125
369,305.80000000000007,3161,True,319,2132
370,104.95000000000002,1129,False,105,2135
371,306.25000000000006,3161,True,302,2142
372,304.6,3161,True,350,2149
373,306.25000000000006,3161,True,306,2156
374,306.3,3161,True,291,2162
375,60.25000000000001,689,False,88,2164
376,238.25,2473,False,240,2169
377,305.95000000000005,3161,True,300,2175
378,306.65000000000003,3161,True,288,2181
379,306.40000000000003,3161,True,289,2187
380,23.65,312,False,27,2188
381,25.200000000000003,315,False,27,2189
382,307.40000000000003,3161,True,288,2195
383,306.40000000000003,3161,True,289,2201
384,131.70000000000002,1405,False,133,2204
385,306.8,3161,True,293,2210
386,306.20000000000005,3161,True,296,2216
387,304.95000000000005,3161,True,347,2223
388,306.40000000000003,3161,True,287,2229
389,237.45000000000002,2475,False,230,2234
390,305.6,3161,True,329,2241
391,305.59999999999997,3161,True,329,2248
392,306.55,3161,True,295,2254
393,236.4,2473,False,269,2260
394,185.9,1957,False,181,2264
395,236.40000000000003,2470,False,254,2270
396,305.9000000000001,3161,True,307,2277
397,305.8,3161,True,292,2283
398,306.55000000000007,3161,True,292,2289
399,306.45000000000005,3161,True,298,2295
400,305.55000000000007,3161,True,288,2301
401,185.25000000000003,1950,False,189,2305
402,24.15,312,False,27,2306
403,307.45000000000005,3161,True,300,2312
404,305.70000000000005,3161,True,297,2318
405,306.45000000000005,3161,True,300,2324
406,305.90000000000003,3161,True,289,2330
407,306.8,3161,True,291,2336
408,305.70000000000005,3161,True,321,2343
409,306.35,3161,True,302,2350
410,169.5,1789,False,160,2354
411,237.05,2472,False,243,2359
412,306.50000000000006,3161,True,284,2365
413,306.65000000000003,3161,True,290,2371
414,185.45,1954,False,173,2375
415,237.20000000000002,2469,False,234,2380
416,306.15000000000003,3161,True,314,2387
417,306.00000000000006,3161,True,308,2394
418,306.5,3161,True,283,2400
419,306.3,3161,True,292,2406
420,306.15000000000003,3161,True,288,2412
421,306.3,3161,True,292,2418
422,305.7,3161,True,324,2425
423,306.25000000000006,3161,True,306,2432
424,306.15000000000003,3161,True,288,2438
425,306.65000000000003,3161,True,289,2444
426,305.85,3161,True,305,2451
427,306.35,3161,True,302,2458
428,23.65,312,False,27,2459
429,306.7,3161,True,325,2466
430,105.40000000000002,1137,False,108,2469
431,306.00000000000006,3161,True,305,2476
432,305.6,3161,True,296,2482
433,306.55,3161,True,294,2488
434,306.3,3161,True,292,2494
435,60.00000000000001,679,False,57,2496
436,63.650000000000006,707,False,85,2498
437,307.05000000000007,3161,True,294,2504
438,237.25,2475,False,222,2509
439,235.60000000000002,2470,False,297,2515
440,264.55,2758,False,264,2521
441,237.1,2471,False,275,2527
442,305.1,3161,True,302,2534
443,237.3,2471,False,243,2539
444,306.15,3161,True,311,2546
445,306.15000000000003,3161,True,290,2552
446,185.60000000000002,1959,False,201,2557
447,306.55,3161,True,293,2563
448,306.0,3161,True,308,2570
449,306.80000000000007,3161,True,295,2576
450,304.8,3161,True,341,2583
451,306.40000000000003,3161,True,288,2589
452,306.65000000000003,3161,True,289,2595
453,236.8,2470,False,233,2600
454,306.05,3161,True,319,2607
455,305.6,3161,True,304,2614
456,302.85,3161,True,420,2623
457,306.6,3161,True,301,2630
458,306.5,3161,True,285,2636
459,305.85,3161,True,303,2643
460,305.6000000000001,3161,True,326,2650
461,303.70000000000005,3161,True,425,2659
462,305.70000000000005,3161,True,325,2666
463,306.65000000000003,3161,True,288,2672
464,186.00000000000003,1958,False,180,2676
465,104.65,1128,False,116,2679
466,306.95,3161,True,297,2685
467,306.3,3161,True,295,2691
468,23.65,312,False,27,2692
469,307.30000000000007,3161,True,293,2698
470,305.95000000000005,3161,True,322,2705
471,306.3,3161,True,292,2711
472,306.05,3161,True,293,2717
473,134.95000000000002,1435,False,130,2720
474,305.70000000000005,3161,True,345,2727
475,305.45000000000005,3161,True,300,2733
476,237.65,2471,False,231,2738
477,168.8,1782,False,168,2742
478,134.95000000000002,1435,False,128,2745
479,237.00000000000003,2470,False,248,2750
480,306.05000000000007,3161,True,288,2756
481,305.25,3161,True,331,2763
482,306.40000000000003,3161,True,288,2769
483,306.65000000000003,3161,True,288,2775
484,306.40000000000003,3161,True,289,2781
485,134.45000000000002,1435,False,130,2784
486,306.6,3161,True,303,2791
487,306.55,3161,True,293,2797
488,306.05,3161,True,295,2803
489,158.35000000000002,1674,False,154,2807
490,306.65000000000003,3161,True,289,2813
491,305.85,3161,True,298,2819
492,185.75000000000003,1953,False,178,2823
493,306.15000000000003,3161,True,289,2829
494,306.40000000000003,3161,True,311,2836
495,306.0,3161,True,306,2843
496,305.70000000000005,3161,True,298,2849
497,306.20000000000005,3161,True,291,2855
498,305.0,3161,True,334,2862
499,305.8500000000001,3161,True,295,2868
500,133.6,1424,False,129,2871
501,306.2,3161,True,323,2878
502,304.40000000000003,3161,True,387,2886
503,306.65000000000003,3161,True,288,2892
504,104.05000000000001,1130,False,135,2895
505,236.15,2469,False,271,2901
506,185.15000000000003,1948,False,185,2905
507,305.25,3161,True,357,2913
508,306.65000000000003,3161,True,290,2919
509,306.3,3161,True,293,2925
510,306.65000000000003,3161,True,289,2931
511,186.15,1958,False,205,2936
512,185.75000000000003,1961,False,173,2940
513,306.80000000000007,3161,True,292,2946
514,306.45,3161,True,299,2952
515,306.40000000000003,3161,True,289,2958
516,305.55,3161,True,317,2965
517,236.50000000000006,2468,False,268,2971
518,305.75000000000006,3161,True,310,2978
519,305.8,3161,True,316,2985
520,306.70000000000005,3161,True,297,2991
521,104.20000000000002,1129,False,106,2994
522,306.55000000000007,3161,True,292,3000
523,193.85000000000002,2024,False,177,3004
524,305.90000000000003,3161,True,289,3010
525,305.70000000000005,3161,True,324,3017
526,306.15000000000003,3161,True,288,3023
527,306.80000000000007,3161,True,291,3029
528,306.09999999999997,3161,True,303,3036
529,306.15000000000003,3161,True,288,3042
530,306.55000000000007,3161,True,294,3048
531,306.1,3161,True,302,3055
532,185.10000000000002,1945,False,193,3059
533,306.09999999999997,3161,True,301,3066
534,192.85000000000002,2024,False,178,3070
535,306.65000000000003,3161,True,289,3076
536,306.05000000000007,3161,True,290,3082
537,306.09999999999997,3161,True,302,3089
538,134.35,1434,False,128,3092
539,236.65,2470,False,279,3098
540,306.3,3161,True,291,3104
541,305.75000000000006,3161,True,308,3111
542,306.90000000000003,3161,True,289,3117
543,306.3,3161,True,292,3123
544,305.55000000000007,3161,True,292,3129
545,306.90000000000003,3161,True,313,3136
546,133.9,1432,False,130,3139
547,306.5,3161,True,306,3146
548,305.8,3161,True,292,3152
549,307.05,3161,True,292,3158
550,305.9,3161,True,290,3164
551,306.55,3161,True,292,3170
552,305.34999999999997,3161,True,326,3177
553,306.6,3161,True,303,3184
554,305.65000000000003,3161,True,288,3190
555,306.65,3161,True,311,3197
556,305.84999999999997,3161,True,303,3204
557,306.40000000000003,3161,True,287,3210
558,305.8,3161,True,288,3216
559,170.00000000000003,1791,False,168,3220
560,306.55,3161,True,294,3226
561,305.45000000000005,3161,True,321,3233
562,306.55,3161,True,290,3239
563,305.35,3161,True,299,3245
564,306.40000000000003,3161,True,289,3251
565,305.90000000000003,3161,True,312,3258
566,184.65000000000003,1943,False,186,3262
567,104.70000000000002,1128,False,107,3265
568,237.75,2472,False,234,3270
569,306.25000000000006,3161,True,279,3276
570,305.75,3161,True,305,3283
571,305.40000000000003,3161,True,315,3290
572,184.60000000000002,1940,False,189,3294
573,186.65,1959,False,173,3298
574,306.65,3161,True,286,3304
575,306.55,3161,True,318,3311
576,304.95,3161,True,321,3318
577,306.65,3161,True,290,3324
578,168.65,1784,False,166,3328
579,132.75,1408,False,130,3331
580,306.90000000000003,3161,True,288,3337
581,305.1,3161,True,352,3345
582,142.95000000000002,1521,False,159,3349
583,306.05,3161,True,319,3356
584,237.0,2471,False,233,3361
585,60.000000000000014,679,False,58,3363
586,186.70000000000002,1954,False,172,3367
587,159.05,1676,False,152,3371
588,104.80000000000003,1130,False,106,3374
589,171.35000000000002,1795,False,167,3378
590,236.9,2470,False,234,3383
591,305.95000000000005,3161,True,300,3389
592,306.45000000000005,3161,True,300,3395
593,305.70000000000005,3161,True,299,3401
594,306.5,3161,True,308,3408
595,22.250000000000004,299,False,31,3409
596,306.70000000000005,3161,True,322,3416
597,305.9,3161,True,311,3423
598,236.9,2471,False,233,3428
599,305.85,3161,True,328,3435
600,305.65000000000003,3161,True,314,3442
601,306.25,3161,True,307,3449
602,133.85000000000002,1429,False,130,3452
603,237.5,2472,False,232,3457
604,306.0,3161,True,307,3464
605,264.90000000000003,2759,False,263,3470
606,22.200000000000003,295,False,32,3471
607,306.2,3161,True,323,3478
608,306.35,3161,True,303,3485
609,134.55,1431,False,128,3488
610,307.00000000000006,3161,True,305,3495
611,305.55,3161,True,317,3502
612,239.20000000000002,2468,False,255,3508
613,234.0,2472,False,230,3513
614,104.20000000000002,1129,False,110,3516
615,307.15000000000003,3161,True,288,3522
616,306.1000000000001,3161,True,305,3529
617,306.55000000000007,3161,True,292,3535
618,305.45000000000005,3161,True,295,3541
619,306.25,3161,True,306,3548
620,23.35,309,False,27,3549
621,307.65000000000003,3161,True,289,3555
622,305.95000000000005,3161,True,297,3561
623,104.50000000000001,1127,False,105,3564
624,306.90000000000003,3161,True,290,3570
625,306.65000000000003,3161,True,288,3576
626,192.75000000000003,2020,False,188,3580
627,305.6,3161,True,302,3587
628,305.70000000000005,3161,True,300,3593
629,306.05,3161,True,319,3600
630,306.15000000000003,3161,True,287,3606
631,104.65,1127,False,117,3609
632,62.45,700,False,89,3611
633,169.95,1783,False,172,3615
634,192.3,2018,False,185,3619
635,305.55,3161,True,320,3626
636,104.75000000000001,1127,False,105,3629
637,191.85,2016,False,220,3634
638,305.8,3161,True,336,3641
639,304.55,3161,True,345,3648
640,306.90000000000003,3161,True,290,3654
641,305.70000000000005,3161,True,295,3660
642,306.1,3161,True,325,3667
643,131.70000000000002,1405,False,135,3670
644,186.05,1957,False,186,3674
645,306.55,3161,True,286,3680
646,306.05,3161,True,293,3686
647,305.50000000000006,3161,True,302,3693
648,306.0,3161,True,306,3700
649,170.55,1792,False,169,3704
650,305.25000000000006,3161,True,307,3711
651,306.1,3161,True,326,3718
652,306.45000000000005,3161,True,299,3724
653,306.20000000000005,3161,True,296,3730
654,306.3,3161,True,291,3736
655,306.20000000000005,3161,True,296,3742
656,236.05000000000004,2470,False,259,3748
657,304.84999999999997,3161,True,321,3755
658,306.70000000000005,3161,True,299,3761
659,306.40000000000003,3161,True,288,3767
660,236.55,2471,False,236,3772
661,305.85,3161,True,299,3778
662,306.05,3161,True,294,3784
663,306.3,3161,True,291,3790
664,306.35,3161,True,302,3797
665,168.90000000000003,1789,False,197,3801
666,104.85000000000001,1128,False,108,3804
667,307.15000000000003,3161,True,290,3810
668,23.85,314,False,27,3811
669,307.15000000000003,3161,True,289,3817
670,306.1,3161,True,305,3824
671,306.05000000000007,3161,True,292,3830
672,306.90000000000003,3161,True,290,3836
673,306.65000000000003,3161,True,290,3842
674,304.35,3161,True,322,3849
675,306.50000000000006,3161,True,307,3856
676,306.65000000000003,3161,True,289,3862
677,235.20000000000005,2471,False,292,3868
678,158.5,1677,False,150,3871
679,307.15000000000003,3161,True,289,3877
680,305.8,3161,True,287,3883
681,303.35,3161,True,448,3892
682,235.50000000000003,2470,False,248,3897
683,171.05,1797,False,161,3901
684,306.35,3161,True,304,3908
685,306.0,3161,True,283,3914
686,306.65000000000003,3161,True,288,3920
687,306.75,3161,True,283,3926
688,306.15000000000003,3161,True,289,3932
689,306.20000000000005,3161,True,296,3938
690,305.9,3161,True,313,3945
691,306.65000000000003,3161,True,288,3951
692,306.3,3161,True,291,3957
693,183.4,1940,False,200,3961
694,237.55,2474,False,228,3966
695,306.3,3161,True,318,3973
696,306.20000000000005,3161,True,297,3979
697,305.85,3161,True,297,3985
698,305.85,3161,True,305,3992
699,306.3,3161,True,290,3998
700,305.29999999999995,3161,True,318,4005
701,61.2,692,False,86,4007
702,307.15000000000003,3161,True,289,4013
703,237.55,2473,False,228,4018
704,306.65000000000003,3161,True,289,4024
705,305.20000000000005,3161,True,321,4031
706,306.90000000000003,3161,True,288,4037
707,305.6,3161,True,329,4044
708,305.25,3161,True,303,4051
709,306.65000000000003,3161,True,288,4057
710,305.70000000000005,3161,True,292,4063
711,306.05,3161,True,290,4069
712,131.85000000000002,1408,False,129,4072
713,306.75000000000006,3161,True,307,4079
714,192.35000000000002,2021,False,186,4083
715,171.65,1798,False,158,4087
716,304.30000000000007,3161,True,338,4094
717,305.85,3161,True,296,4100
718,306.1,3161,True,302,4107
719,306.15000000000003,3161,True,289,4113
720,306.55,3161,True,291,4119
721,305.95000000000005,3161,True,298,4125
722,306.2,3161,True,296,4131
723,305.50000000000006,3161,True,305,4138
724,22.2,290,False,34,4139
725,132.85000000000002,1408,False,128,4142
726,194.60000000000002,2025,False,189,4146
727,305.4,3161,True,287,4152
728,192.35000000000002,2021,False,185,4156
729,306.1,3161,True,301,4163
730,235.40000000000003,2472,False,285,4169
731,305.65000000000003,3161,True,310,4176
732,236.45000000000005,2469,False,261,4182
733,306.55,3161,True,293,4188
734,168.9,1780,False,171,4192
735,236.10000000000002,2467,False,251,4198
736,306.40000000000003,3161,True,287,4204
737,304.85,3161,True,351,4212
738,306.65000000000003,3161,True,289,4218
739,305.00000000000006,3161,True,304,4225
740,306.8,3161,True,294,4231
741,236.10000000000002,2472,False,252,4237
742,305.55,3161,True,315,4244
743,305.25,3161,True,356,4252
744,306.05,3161,True,291,4258
745,306.65000000000003,3161,True,288,4264
746,305.65000000000003,3161,True,314,4271
747,170.70000000000002,1797,False,168,4275
748,104.15000000000002,1129,False,124,4278
749,193.05,2018,False,186,4282
750,306.20000000000005,3161,True,298,4288
751,304.85,3161,True,328,4295
752,306.00000000000006,3161,True,301,4302
753,305.85,3161,True,326,4309
754,305.5,3161,True,331,4316
755,305.35,3161,True,351,4324
756,305.45000000000005,3161,True,300,4330
757,23.100000000000005,300,False,31,4331
758,194.35000000000002,2026,False,186,4335
759,305.50000000000006,3161,True,307,4342
760,306.6,3161,True,302,4349
761,306.40000000000003,3161,True,289,4355
762,305.95,3161,True,297,4361
763,305.65000000000003,3161,True,312,4368
764,306.05000000000007,3161,True,320,4375
765,236.50000000000003,2471,False,259,4381
766,306.65000000000003,3161,True,288,4387
767,305.6,3161,True,327,4394
768,305.90000000000003,3161,True,289,4400
769,306.55,3161,True,291,4406
770,306.65000000000003,3161,True,287,4412
771,306.0,3161,True,305,4419
772,306.40000000000003,3161,True,289,4425
773,305.55,3161,True,319,4432
774,305.0,3161,True,334,4439
775,306.65000000000003,3161,True,287,4445
776,306.05,3161,True,340,4452
777,306.0,3161,True,285,4458
778,304.75000000000006,3161,True,381,4466
779,305.70000000000005,3161,True,323,4473
780,192.3,2021,False,177,4477
781,306.70000000000005,3161,True,300,4483
782,306.50000000000006,3161,True,283,4489
783,306.40000000000003,3161,True,287,4495
784,306.3,3161,True,293,4501
785,236.10000000000002,2472,False,251,4507
786,142.55,1513,False,140,4510
787,305.8,3161,True,341,4517
788,305.50000000000006,3161,True,301,4524
789,185.70000000000002,1954,False,172,4528
790,306.8,3161,True,318,4535
791,306.15000000000003,3161,True,288,4541
792,306.40000000000003,3161,True,289,4547
793,304.40000000000003,3161,True,360,4555
794,265.95000000000005,2759,False,245,4560
795,264.75,2759,False,258,4566
796,305.8,3161,True,320,4573
797,134.05,1433,False,140,4576
798,104.95000000000002,1128,False,106,4579
799,135.45000000000002,1435,False,130,4582
800,307.25000000000006,3161,True,278,4588
801,305.3500000000001,3161,True,302,4595
802,234.9,2472,False,338,4602
803,306.35,3161,True,305,4609
804,306.40000000000003,3161,True,288,4615
805,305.45000000000005,3161,True,323,4622
806,305.05,3161,True,336,4629
807,305.5,3161,True,310,4636
808,307.25000000000006,3161,True,282,4642
809,306.15000000000003,3161,True,289,4648
810,306.05,3161,True,319,4655
811,61.00000000000001,696,False,76,4657
812,304.45,3161,True,422,4666
813,305.65000000000003,3161,True,335,4673
814,306.65000000000003,3161,True,286,4679
815,305.5,3161,True,331,4686
816,305.70000000000005,3161,True,296,4692
817,170.3,1791,False,162,4696
818,306.6,3161,True,304,4703
819,305.9,3161,True,313,4710
820,186.05,1953,False,171,4714
821,306.35,3161,True,301,4721
822,236.4,2467,False,236,4726
823,305.29999999999995,3161,True,343,4733
824,306.15000000000003,3161,True,288,4739
825,306.20000000000005,3161,True,296,4745
826,306.65,3161,True,286,4751
827,134.05,1432,False,133,4754
828,157.20000000000002,1655,False,157,4758
829,305.9000000000001,3161,True,285,4764
830,306.25,3161,True,310,4771
831,105.05000000000001,1136,False,106,4774
832,305.75,3161,True,333,4781
833,306.65000000000003,3161,True,288,4787
834,306.25000000000006,3161,True,285,4793
835,306.7,3161,True,299,4799
836,236.3,2471,False,265,4805
837,306.15000000000003,3161,True,287,4811
838,306.40000000000003,3161,True,289,4817
839,236.1,2469,False,266,4823
840,306.55,3161,True,292,4829
841,306.1,3161,True,302,4836
842,305.65000000000003,3161,True,290,4842
843,306.05000000000007,3161,True,317,4849
844,306.45000000000005,3161,True,296,4855
845,305.95000000000005,3161,True,292,4861
846,305.40000000000003,3161,True,307,4868
847,306.3,3161,True,291,4874
848,305.85,3161,True,303,4881
849,306.65000000000003,3161,True,289,4887
850,305.5,3161,True,332,4894
851,305.45000000000005,3161,True,290,4900
852,305.80000000000007,3161,True,288,4906
853,306.35,3161,True,302,4913
854,306.40000000000003,3161,True,288,4919
855,158.4,1676,False,155,4923
856,306.6,3161,True,300,4929
857,305.55000000000007,3161,True,287,4935
858,193.0,2021,False,178,4939
859,305.70000000000005,3161,True,296,4945
860,237.85000000000002,2472,False,228,4950
861,305.70000000000005,3161,True,291,4956
862,305.85,3161,True,300,4962
863,306.40000000000003,3161,True,289,4968
864,305.30000000000007,3161,True,288,4974
865,307.05,3161,True,294,4980
866,305.1000000000001,3161,True,325,4987
867,305.8,3161,True,316,4994
868,305.85,3161,True,304,5001
869,305.35,3161,True,298,5007
870,305.75,3161,True,306,5014
871,306.40000000000003,3161,True,313,5021
872,59.55000000000001,676,False,84,5023
873,307.15000000000003,3161,True,286,5029
874,305.35,3161,True,299,5035
875,306.50000000000006,3161,True,278,5041
876,134.15000000000003,1433,False,133,5044
877,104.70000000000002,1126,False,118,5047
878,306.90000000000003,3161,True,288,5053
879,134.75,1433,False,129,5056
880,305.90000000000003,3161,True,336,5063
881,304.6,3161,True,352,5071
882,306.65000000000003,3161,True,289,5077
883,306.15,3161,True,283,5083
884,305.65000000000003,3161,True,283,5089
885,265.15,2757,False,253,5095
886,193.05,2026,False,177,5099
887,185.8,1955,False,177,5103
888,306.1,3161,True,326,5110
889,306.65000000000003,3161,True,290,5116
890,169.10000000000002,1786,False,169,5120
891,306.8,3161,True,295,5126
892,304.95000000000005,3161,True,349,5133
893,306.15000000000003,3161,True,314,5140
894,305.90000000000003,3161,True,311,5147
895,235.55,2476,False,308,5154
896,306.25000000000006,3161,True,306,5161
897,305.70000000000005,3161,True,297,5167
898,306.55,3161,True,291,5173
899,306.3,3161,True,293,5179
900,306.25000000000006,3161,True,309,5186
901,306.3,3161,True,291,5192
902,170.35000000000002,1795,False,160,5196
903,306.45,3161,True,298,5202
904,236.00000000000003,2467,False,232,5207
905,192.8,2023,False,187,5211
906,237.10000000000002,2469,False,241,5216
907,305.85,3161,True,302,5223
908,305.95000000000005,3161,True,322,5230
909,305.84999999999997,3161,True,330,5237
910,305.0,3161,True,334,5244
911,305.95000000000005,3161,True,296,5250
912,236.80000000000004,2468,False,229,5255
913,306.75,3161,True,334,5262
914,59.10000000000001,679,False,58,5264
915,306.65000000000003,3161,True,338,5271
916,170.25000000000003,1794,False,159,5275
917,304.40000000000003,3161,True,361,5283
918,306.75,3161,True,307,5290
919,305.65000000000003,3161,True,281,5296
920,305.70000000000005,3161,True,297,5302
921,306.55000000000007,3161,True,293,5308
922,306.25000000000006,3161,True,282,5314
923,184.8,1944,False,218,5319
924,306.15000000000003,3161,True,287,5325
925,306.2,3161,True,294,5331
926,306.5,3161,True,283,5337
927,306.40000000000003,3161,True,288,5343
928,104.20000000000002,1129,False,106,5346
929,307.15,3161,True,290,5352
930,306.00000000000006,3161,True,307,5359
931,306.55000000000007,3161,True,292,5365
932,305.45000000000005,3161,True,293,5371
933,304.09999999999997,3161,True,401,5380
934,305.25000000000006,3161,True,335,5387
935,306.35,3161,True,301,5394
936,306.15000000000003,3161,True,288,5400
937,104.95000000000002,1129,False,105,5403
938,306.8,3161,True,293,5409
939,235.75,2468,False,264,5415
940,237.25000000000003,2469,False,224,5420
941,306.15,3161,True,283,5426
942,305.95000000000005,3161,True,297,5432
943,306.25000000000006,3161,True,307,5439
944,134.60000000000002,1435,False,131,5442
945,306.75000000000006,3161,True,284,5448
946,306.25,3161,True,306,5455
947,305.1,3161,True,354,5463
948,305.20000000000005,3161,True,374,5471
949,305.50000000000006,3161,True,278,5477
950,236.60000000000002,2467,False,235,5482
951,306.00000000000006,3161,True,278,5488
952,305.3,3161,True,342,5495
953,22.349999999999998,299,False,31,5496
954,307.75000000000006,3161,True,284,5502
955,169.70000000000002,1791,False,162,5506
956,305.25,3161,True,330,5513
957,305.70000000000005,3161,True,347,5520
958,134.10000000000002,1434,False,129,5523
959,306.8,3161,True,293,5529
960,235.50000000000003,2470,False,300,5535
961,306.85,3161,True,279,5541
962,305.09999999999997,3161,True,304,5548
963,185.4,1942,False,185,5552
964,305.85,3161,True,295,5558
965,134.50000000000003,1433,False,128,5561
966,306.75000000000006,3161,True,278,5567
967,134.60000000000002,1434,False,128,5570
968,305.70000000000005,3161,True,293,5576
969,307.20000000000005,3161,True,297,5582
970,305.45000000000005,3161,True,300,5588
971,306.25000000000006,3161,True,308,5595
972,306.05,3161,True,291,5601
973,236.35000000000002,2471,False,250,5606
974,306.9,3161,True,290,5612
975,305.4000000000001,3161,True,312,5619
976,306.50000000000006,3161,True,308,5626
977,184.65,1941,False,177,5630
978,305.45000000000005,3161,True,321,5637
979,236.60000000000002,2472,False,254,5643
980,306.45,3161,True,300,5649
981,305.15,3161,True,331,5656
982,235.65000000000003,2473,False,267,5662
983,305.85,3161,True,296,5668
984,306.2,3161,True,291,5674
985,103.24999999999999,1130,False,147,5677
986,307.20000000000005,3161,True,297,5683
987,306.90000000000003,3161,True,288,5689
988,169.10000000000002,1790,False,161,5693
989,306.2000000000001,3161,True,321,5700
990,156.85000000000002,1659,False,154,5704
991,144.95000000000002,1531,False,142,5707
992,305.50000000000006,3161,True,301,5714
993,104.40000000000002,1126,False,110,5717
994,105.00000000000001,1127,False,106,5720
995,105.85000000000001,1138,False,130,5723
996,305.90000000000003,3161,True,340,5730
997,305.50000000000006,3161,True,309,5737
998,306.20000000000005,3161,True,325,5744
999,306.05,3161,True,295,5750
1000,305.95000000000005,3161,True,292,5756
1001,305.45,3161,True,293,5762
1002,306.15000000000003,3161,True,310,5769
1003,305.8,3161,True,288,5775
1004,305.6,3161,True,325,5782
1005,306.40000000000003,3161,True,289,5788
1006,169.25000000000003,1785,False,169,5792
1007,306.75,3161,True,283,5798
1008,168.95000000000002,1783,False,170,5802
1009,305.40000000000003,3161,True,338,5809
1010,104.35000000000001,1128,False,106,5812
1011,306.55000000000007,3161,True,316,5819
1012,305.75,3161,True,308,5826
1013,305.90000000000003,3161,True,337,5833
1014,305.35,3161,True,326,5840
1015,236.5,2470,False,248,5845
1016,134.05,1428,False,139,5848
1017,305.90000000000003,3161,True,337,5855
1018,305.55000000000007,3161,True,318,5862
1019,104.60000000000002,1128,False,105,5865
1020,305.70000000000005,3161,True,347,5872
1021,236.20000000000002,2469,False,239,5877
1022,306.3,3161,True,320,5884
1023,306.30000000000007,3161,True,293,5890
1024,305.65000000000003,3161,True,312,5897
1025,236.55000000000004,2471,False,241,5902
1026,306.30000000000007,3161,True,287,5908
1027,305.95,3161,True,294,5914
1028,306.6,3161,True,278,5920
1029,306.0,3161,True,285,5926
1030,306.8,3161,True,291,5932
1031,306.40000000000003,3161,True,287,5938
1032,305.55000000000007,3161,True,318,5945
1033,306.25000000000006,3161,True,310,5952
1034,306.25000000000006,3161,True,278,5958
1035,235.25,2473,False,290,5964
1036,135.10000000000002,1434,False,128,5967
1037,305.90000000000003,3161,True,336,5974
1038,235.50000000000003,2471,False,276,5980
1039,306.80000000000007,3161,True,294,5986
1040,23.650000000000002,311,False,27,5987
1041,306.45000000000005,3161,True,322,5994
1042,306.90000000000003,3161,True,287,6000
1043,305.6,3161,True,328,6007
1044,236.35000000000002,2473,False,256,6013
1045,237.05,2469,False,230,6018
1046,305.40000000000003,3161,True,313,6025
1047,306.55000000000007,3161,True,294,6031
1048,306.15000000000003,3161,True,313,6038
1049,306.05000000000007,3161,True,293,6044
1050,193.95000000000002,2026,False,184,6048
1051,303.5,3161,True,378,6056
1052,305.70000000000005,3161,True,299,6062
1053,304.00000000000006,3161,True,432,6071
1054,236.50000000000003,2473,False,237,6076
1055,305.70000000000005,3161,True,348,6083
1056,134.45000000000002,1435,False,128,6086
1057,306.30000000000007,3161,True,320,6093
1058,143.45,1523,False,143,6096
1059,104.85000000000001,1128,False,108,6099
1060,235.75,2475,False,322,6106
1061,236.5,2474,False,266,6112
1062,306.7,3161,True,298,6118
1063,133.8,1433,False,139,6121
1064,307.20000000000005,3161,True,296,6127
1065,306.15000000000003,3161,True,313,6134
1066,262.55000000000007,2752,False,308,6141
1067,104.85000000000001,1127,False,105,6144
1068,306.5,3161,True,306,6151
1069,306.25000000000006,3161,True,282,6157
1070,305.00000000000006,3161,True,359,6165
1071,187.4,1958,False,183,6169
1072,305.3,3161,True,317,6176
1073,185.70000000000002,1955,False,182,6180
1074,235.45000000000002,2470,False,313,6187
1075,305.55,3161,True,317,6194
1076,24.349999999999998,312,False,28,6195
1077,306.45000000000005,3161,True,292,6201
1078,305.85,3161,True,304,6208
1079,132.6,1407,False,130,6211
1080,306.4,3161,True,305,6218
1081,306.05000000000007,3161,True,294,6224
1082,306.0,3161,True,307,6231
1083,185.40000000000003,1955,False,195,6235
1084,236.70000000000002,2473,False,252,6241
1085,168.85,1781,False,170,6245
1086,306.34999999999997,3161,True,303,6252
1087,306.35,3161,True,301,6259
1088,193.95000000000002,2025,False,183,6263
1089,306.1,3161,True,278,6269
1090,304.15000000000003,3161,True,411,6278
1091,304.50000000000006,3161,True,335,6285
1092,306.4,3161,True,312,6292
1093,104.45000000000002,1129,False,105,6295
1094,307.6,3161,True,280,6301
1095,306.30000000000007,3161,True,295,6307
1096,305.90000000000003,3161,True,313,6314
1097,305.85,3161,True,305,6321
1098,306.70000000000005,3161,True,298,6327
1099,306.0,3161,True,308,6334
1100,305.55,3161,True,316,6341
1101,236.15000000000003,2471,False,264,6347
1102,305.84999999999997,3161,True,305,6354
1103,306.65000000000003,3161,True,288,6360
1104,237.10000000000002,2477,False,246,6365
1105,306.55,3161,True,290,6371
1106,168.45,1779,False,178,6375
1107,306.25000000000006,3161,True,306,6382
1108,304.1,3161,True,402,6391
1109,184.05,1942,False,186,6395
1110,306.1,3161,True,326,6402
1111,188.60000000000002,1979,False,178,6406
1112,305.05000000000007,3161,True,313,6413
1113,236.25,2471,False,251,6419
1114,306.1,3161,True,300,6425
1115,306.05000000000007,3161,True,316,6432
1116,306.20000000000005,3161,True,296,6438
1117,265.75000000000006,2756,False,246,6443
1118,305.85,3161,True,304,6450
1119,306.50000000000006,3161,True,282,6456
1120,306.1,3161,True,279,6462
1121,135.00000000000003,1433,False,130,6465
1122,307.05,3161,True,292,6471
1123,194.20000000000005,2042,False,186,6475
1124,184.4,1940,False,177,6479
1125,306.95000000000005,3161,True,298,6485
1126,104.10000000000002,1128,False,107,6488
1127,305.45000000000005,3161,True,348,6495
1128,305.85,3161,True,327,6502
1129,305.95000000000005,3161,True,322,6509
1130,104.7,1129,False,106,6512
1131,307.05000000000007,3161,True,293,6518
1132,305.8,3161,True,295,6524
1133,306.05000000000007,3161,True,314,6531
1134,305.65000000000003,3161,True,287,6537
1135,236.8,2475,False,283,6543
1136,104.35000000000001,1127,False,105,6546
1137,304.5,3161,True,435,6555
1138,169.65000000000003,1793,False,162,6559
1139,306.25,3161,True,335,6566
1140,305.95000000000005,3161,True,300,6572
1141,23.65,312,False,27,6573
1142,306.45000000000005,3161,True,346,6580
1143,306.25000000000006,3161,True,278,6586
1144,304.84999999999997,3161,True,321,6593
1145,60.44999999999999,695,False,101,6596
1146,307.20000000000005,3161,True,300,6602
1147,305.8,3161,True,317,6609
1148,134.35000000000002,1430,False,134,6612
1149,306.15000000000003,3161,True,315,6619
1150,305.35,3161,True,352,6627
1151,62.25000000000001,705,False,73,6629
1152,105.00000000000001,1127,False,131,6632
1153,169.95000000000002,1783,False,167,6636
1154,306.3500000000001,3161,True,301,6643
1155,104.10000000000002,1128,False,108,6646
1156,306.15000000000003,3161,True,309,6653
1157,305.65,3161,True,337,6660
1158,305.3,3161,True,319,6667
1159,193.4,2027,False,177,6671
1160,306.15000000000003,3161,True,314,6678
1161,304.85,3161,True,350,6685
1162,305.70000000000005,3161,True,292,6691
1163,305.95000000000005,3161,True,323,6698
1164,305.75000000000006,3161,True,308,6705
1165,306.30000000000007,3161,True,294,6711
1166,104.4,1126,False,113,6714
1167,105.80000000000001,1136,False,106,6717
1168,238.0,2471,False,233,6722
1169,306.15000000000003,3161,True,336,6729
1170,304.05000000000007,3161,True,310,6736
1171,192.90000000000003,2027,False,179,6740
1172,185.3,1940,False,177,6744
1173,236.75,2469,False,242,6749
1174,306.09999999999997,3161,True,303,6756
1175,306.0,3161,True,278,6762
1176,157.5,1667,False,151,6766
1177,306.90000000000003,3161,True,288,6772
1178,306.15,3161,True,286,6778
1179,104.95000000000002,1135,False,108,6781
1180,307.40000000000003,3161,True,288,6787
1181,304.8500000000001,3161,True,351,6795
1182,306.05,3161,True,319,6802
1183,134.55,1431,False,130,6805
1184,305.7,3161,True,350,6812
1185,305.8,3161,True,293,6818
1186,306.55000000000007,3161,True,293,6824
1187,304.25,3161,True,376,6832
1188,305.70000000000005,3161,True,296,6838
1189,236.60000000000002,2472,False,254,6844
1190,305.20000000000005,3161,True,342,6851
1191,305.84999999999997,3161,True,303,6858
1192,170.15000000000003,1792,False,162,6862
1193,306.15,3161,True,288,6868
1194,305.84999999999997,3161,True,330,6875
1195,192.8,2025,False,198,6879
1196,306.65000000000003,3161,True,287,6885
1197,306.35,3161,True,280,6891
1198,236.49999999999997,2469,False,273,6897
1199,306.15000000000003,3161,True,287,6903
1200,305.95,3161,True,297,6909
1201,306.70000000000005,3161,True,298,6915
1202,306.1,3161,True,305,6922
1203,307.20000000000005,3161,True,299,6928
1204,184.20000000000005,1951,False,181,6932
1205,306.20000000000005,3161,True,299,6938
1206,193.55,2026,False,177,6942
1207,185.85000000000002,1959,False,178,6946
1208,104.95000000000002,1129,False,106,6949
1209,306.80000000000007,3161,True,287,6955
1210,306.0,3161,True,308,6962
1211,104.15000000000002,1126,False,105,6965
1212,104.85000000000002,1129,False,139,6968
1213,306.6,3161,True,304,6975
1214,104.25000000000001,1127,False,105,6978
1215,306.8,3161,True,292,6984
1216,306.65000000000003,3161,True,290,6990
1217,22.350000000000005,300,False,31,6991
1218,266.0,2756,False,245,6996
1219,104.50000000000001,1127,False,106,6999
1220,305.50000000000006,3161,True,329,7006
1221,305.70000000000005,3161,True,322,7013
1222,305.95000000000005,3161,True,321,7020
1223,186.85000000000002,1964,False,176,7024
1224,305.75,3161,True,331,7031
1225,306.40000000000003,3161,True,285,7037
1226,305.15,3161,True,336,7044
1227,185.0,1942,False,185,7048
1228,306.75000000000006,3161,True,284,7054
1229,304.95000000000005,3161,True,350,7061
1230,305.40000000000003,3161,True,307,7068
1231,304.90000000000003,3161,True,363,7076
1232,306.3,3161,True,293,7082
1233,236.85000000000002,2474,False,239,7087
1234,306.90000000000003,3161,True,286,7093
1235,306.4,3161,True,290,7099
1236,305.95000000000005,3161,True,298,7105
1237,305.80000000000007,3161,True,286,7111
1238,306.1500000000001,3161,True,289,7117
1239,306.7,3161,True,297,7123
1240,304.55000000000007,3161,True,339,7130
1241,305.15,3161,True,309,7137
1242,306.05000000000007,3161,True,289,7143
1243,306.4000000000001,3161,True,315,7150
1244,235.95000000000002,2475,False,258,7156
1245,104.65,1126,False,106,7159
1246,135.20000000000002,1435,False,128,7162
1247,306.50000000000006,3161,True,278,7168
1248,305.95000000000005,3161,True,297,7174
1249,306.1500000000001,3161,True,313,7181
1250,104.35000000000001,1127,False,107,7184
1251,306.4000000000001,3161,True,315,7191
1252,302.75,3161,True,454,7201
1253,104.25000000000001,1127,False,107,7204
1254,306.5,3161,True,300,7210
1255,104.35000000000002,1129,False,112,7213
1256,306.70000000000005,3161,True,297,7219
1257,305.70000000000005,3161,True,325,7226
1258,306.25000000000006,3161,True,278,7232
1259,305.75,3161,True,310,7239
1260,306.55000000000007,3161,True,295,7245
1261,304.15000000000003,3161,True,381,7253
1262,305.40000000000003,3161,True,315,7260
1263,306.6,3161,True,304,7267
1264,305.50000000000006,3161,True,306,7274
1265,234.55,2471,False,362,7282
1266,306.40000000000003,3161,True,289,7288
1267,305.70000000000005,3161,True,291,7294
1268,306.00000000000006,3161,True,278,7300
1269,305.6,3161,True,327,7307
1270,305.50000000000006,3161,True,310,7314
1271,134.8,1431,False,130,7317
1272,60.60000000000001,679,False,58,7319
1273,105.15,1126,False,115,7322
1274,306.0,3161,True,301,7329
1275,305.90000000000003,3161,True,289,7335
1276,307.15000000000003,3161,True,287,7341
1277,306.50000000000006,3161,True,283,7347
1278,306.35,3161,True,279,7353
1279,301.55,3161,True,518,7364
1280,306.65000000000003,3161,True,288,7370
1281,306.50000000000006,3161,True,284,7376
1282,305.65000000000003,3161,True,311,7383
1283,305.8500000000001,3161,True,305,7390
1284,306.20000000000005,3161,True,294,7396
1285,306.65000000000003,3161,True,287,7402
1286,305.85,3161,True,303,7409
1287,236.25000000000003,2470,False,246,7414
1288,305.15000000000003,3161,True,389,7422
1289,303.50000000000006,3161,True,409,7431
1290,193.0,2025,False,187,7435
1291,104.30000000000001,1125,False,110,7438
1292,63.10000000000001,704,False,84,7440
1293,306.55,3161,True,289,7446
1294,306.25000000000006,3161,True,283,7452
1295,306.15000000000003,3161,True,310,7459
1296,306.15000000000003,3161,True,287,7465
1297,306.6000000000001,3161,True,304,7472
1298,305.5,3161,True,310,7479
1299,305.65000000000003,3161,True,311,7486
1300,186.95000000000002,1958,False,172,7490
1301,306.00000000000006,3161,True,309,7497
1302,306.4,3161,True,290,7503
1303,104.35000000000002,1128,False,105,7506
1304,135.50000000000003,1433,False,129,7509
1305,305.75,3161,True,303,7516
1306,306.75,3161,True,284,7522
1307,306.40000000000003,3161,True,290,7528
1308,305.3,3161,True,340,7535
1309,305.8,3161,True,319,7542
1310,305.55,3161,True,315,7549
1311,306.15000000000003,3161,True,311,7556
1312,306.15000000000003,3161,True,287,7562
1313,305.40000000000003,3161,True,336,7569
1314,306.55000000000007,3161,True,291,7575
1315,184.45000000000002,1944,False,183,7579
1316,306.40000000000003,3161,True,315,7586
1317,306.85,3161,True,280,7592
1318,186.05000000000004,1959,False,172,7596
1319,305.90000000000003,3161,True,306,7603
1320,185.60000000000002,1954,False,177,7607
1321,305.85,3161,True,297,7613
1322,306.45000000000005,3161,True,296,7619
1323,61.55,695,False,77,7621
1324,307.1,3161,True,279,7627
1325,306.90000000000003,3161,True,287,7633
1326,306.25000000000006,3161,True,282,7639
1327,305.20000000000005,3161,True,318,7646
1328,305.25000000000006,3161,True,333,7653
1329,306.5,3161,True,278,7659
1330,305.0,3161,True,278,7665
1331,306.25,3161,True,302,7672
1332,303.35,3161,True,396,7680
1333,306.40000000000003,3161,True,286,7686
1334,306.20000000000005,3161,True,321,7693
1335,143.3,1523,False,136,7696
1336,306.25,3161,True,305,7703
1337,158.4,1676,False,148,7706
1338,307.5,3161,True,284,7712
1339,304.95000000000005,3161,True,316,7719
1340,305.79999999999995,3161,True,318,7726
1341,305.75000000000006,3161,True,278,7732
1342,143.20000000000002,1522,False,137,7735
1343,306.50000000000006,3161,True,278,7741
1344,305.50000000000006,3161,True,334,7748
1345,305.0,3161,True,325,7755
1346,306.50000000000006,3161,True,284,7761
1347,305.6,3161,True,329,7768
1348,306.15000000000003,3161,True,286,7774
1349,305.65000000000003,3161,True,333,7781
1350,304.95000000000005,3161,True,347,7788
1351,305.75000000000006,3161,True,278,7794
1352,306.1,3161,True,303,7801
1353,134.75,1433,False,129,7804
1354,306.75,3161,True,282,7810
1355,263.8,2764,False,345,7817
1356,104.60000000000001,1128,False,108,7820
1357,237.5,2476,False,251,7826
1358,305.25000000000006,3161,True,357,7834
1359,306.40000000000003,3161,True,285,7840
1360,306.0,3161,True,283,7846
1361,104.85000000000002,1127,False,105,7849
1362,193.15,2024,False,188,7853
1363,306.50000000000006,3161,True,307,7860
1364,305.8,3161,True,320,7867
1365,306.25000000000006,3161,True,282,7873
1366,170.55,1795,False,176,7877
1367,61.20000000000001,694,False,78,7879
1368,305.70000000000005,3161,True,348,7886
1369,305.7,3161,True,292,7892
1370,186.35000000000002,1958,False,173,7896
1371,306.45,3161,True,324,7903
1372,305.45000000000005,3161,True,323,7910
1373,304.90000000000003,3161,True,308,7917
1374,135.0,1433,False,130,7920
1375,306.05000000000007,3161,True,317,7927
1376,306.45000000000005,3161,True,322,7934
1377,305.40000000000003,3161,True,310,7941
1378,106.8,1152,False,108,7944
1379,307.6,3161,True,325,7951
1380,235.65,2471,False,231,7956
1381,305.80000000000007,3161,True,294,7962
1382,237.10000000000002,2473,False,235,7967
1383,304.65000000000003,3161,True,357,7975
1384,305.95000000000005,3161,True,324,7982
1385,306.05000000000007,3161,True,291,7988
1386,305.90000000000003,3161,True,338,7995
1387,305.15,3161,True,314,8002
1388,306.3,3161,True,318,8009
1389,236.45000000000002,2470,False,236,8014
1390,306.00000000000006,3161,True,307,8021
1391,192.85000000000002,2020,False,185,8025
1392,133.8,1432,False,131,8028
1393,307.00000000000006,3161,True,284,8034
1394,307.00000000000006,3161,True,284,8040
1395,305.45000000000005,3161,True,293,8046
1396,104.5,1128,False,111,8049
1397,306.75000000000006,3161,True,284,8055
1398,305.55,3161,True,341,8062
1399,104.5,1128,False,113,8065
1400,306.8,3161,True,292,8071
1401,306.50000000000006,3161,True,283,8077
1402,305.70000000000005,3161,True,324,8084
1403,236.30000000000004,2469,False,235,8089
1404,305.30000000000007,3161,True,344,8096
1405,306.6,3161,True,300,8102
1406,143.60000000000002,1525,False,157,8106
1407,304.9000000000001,3161,True,361,8114
1408,305.45000000000005,3161,True,321,8121
1409,306.70000000000005,3161,True,298,8127
1410,169.5,1788,False,160,8131
1411,306.05,3161,True,317,8138
1412,306.50000000000006,3161,True,285,8144
1413,305.95000000000005,3161,True,297,8150
1414,306.20000000000005,3161,True,292,8156
1415,305.70000000000005,3161,True,298,8162
1416,306.8,3161,True,294,8168
1417,305.75000000000006,3161,True,278,8174
1418,306.65000000000003,3161,True,286,8180
1419,61.35,699,False,81,8182
1420,306.55,3161,True,289,8188
1421,306.55,3161,True,293,8194
1422,236.40000000000003,2471,False,240,8199
1423,306.00000000000006,3161,True,303,8206
1424,132.25,1408,False,130,8209
1425,134.50000000000003,1433,False,151,8213
1426,305.35,3161,True,351,8221
1427,306.25000000000006,3161,True,278,8227
1428,306.00000000000006,3161,True,278,8233
1429,306.30000000000007,3161,True,293,8239
1430,303.75,3161,True,381,8247
1431,306.80000000000007,3161,True,293,8253
1432,305.25,3161,True,332,8260
1433,306.15,3161,True,312,8267
1434,305.8,3161,True,319,8274
1435,306.15000000000003,3161,True,315,8281
1436,306.34999999999997,3161,True,278,8287
1437,305.5,3161,True,332,8294
1438,306.50000000000006,3161,True,283,8300
1439,104.05000000000003,1125,False,106,8303
1440,106.14999999999999,1137,False,108,8306
1441,135.00000000000003,1433,False,128,8309
1442,306.70000000000005,3161,True,296,8315
1443,305.35,3161,True,330,8322
1444,306.4,3161,True,314,8329
1445,306.50000000000006,3161,True,283,8335
1446,306.40000000000003,3161,True,288,8341
1447,59.85,679,False,58,8343
1448,307.40000000000003,3161,True,286,8349
1449,104.35000000000001,1128,False,110,8352
1450,24.950000000000003,315,False,27,8353
1451,135.60000000000002,1435,False,130,8356
1452,305.3,3161,True,345,8363
1453,305.90000000000003,3161,True,313,8370
1454,236.25000000000003,2473,False,287,8376
1455,185.65000000000003,1954,False,186,8380
1456,306.50000000000006,3161,True,308,8387
1457,306.65,3161,True,288,8393
1458,184.15,1942,False,178,8397
1459,307.15000000000003,3161,True,289,8403
1460,302.09999999999997,3161,True,477,8413
1461,104.7,1129,False,105,8416
1462,306.55000000000007,3161,True,288,8422
1463,24.200000000000003,315,False,27,8423
1464,305.80000000000007,3161,True,336,8430
1465,306.4000000000001,3161,True,287,8436
1466,24.700000000000003,315,False,27,8437
1467,24.4,312,False,27,8438
1468,306.8,3161,True,316,8445
1469,305.6,3161,True,303,8452
1470,306.75000000000006,3161,True,281,8458
1471,236.25000000000003,2472,False,258,8464
1472,63.2,710,False,78,8466
1473,307.3,3161,True,294,8472
1474,236.25,2468,False,237,8477
1475,236.8,2472,False,241,8482
1476,306.55,3161,True,293,8488
1477,306.20000000000005,3161,True,296,8494
1478,62.30000000000001,703,False,67,8496
1479,307.40000000000003,3161,True,287,8502
1480,306.00000000000006,3161,True,278,8508
1481,306.50000000000006,3161,True,282,8514
1482,306.25,3161,True,283,8520
1483,306.5,3161,True,283,8526
1484,306.5,3161,True,281,8532
1485,24.450000000000003,315,False,27,8533
1486,306.1,3161,True,296,8539
1487,306.3500000000001,3161,True,302,8546
1488,61.25000000000001,692,False,78,8548
1489,159.0,1672,False,148,8551
1490,306.70000000000005,3161,True,324,8558
1491,131.15,1407,False,132,8561
1492,307.15000000000003,3161,True,286,8567
1493,306.15000000000003,3161,True,290,8573
1494,305.95,3161,True,324,8580
1495,305.75000000000006,3161,True,278,8586
1496,306.25000000000006,3161,True,278,8592
1497,303.50000000000006,3161,True,405,8601
1498,186.10000000000002,1954,False,179,8605
1499,304.85,3161,True,348,8612
1500,306.85,3161,True,279,8618
1501,134.45,1435,False,130,8621
1502,306.25,3161,True,310,8628
1503,306.15000000000003,3161,True,314,8635
1504,305.55,3161,True,320,8642
1505,61.80000000000001,697,False,83,8644
1506,306.6500000000001,3161,True,285,8650
1507,305.20000000000005,3161,True,347,8657
1508,306.25000000000006,3161,True,278,8663
1509,306.65000000000003,3161,True,290,8669
1510,306.25000000000006,3161,True,283,8675
1511,104.70000000000002,1129,False,106,8678
1512,307.00000000000006,3161,True,284,8684
1513,306.1500000000001,3161,True,312,8691
1514,305.40000000000003,3161,True,285,8697
1515,305.6,3161,True,299,8703
1516,192.30000000000004,2021,False,201,8708
1517,60.55000000000001,683,False,60,8710
1518,196.00000000000003,2039,False,180,8714
1519,305.55,3161,True,292,8720
1520,306.65000000000003,3161,True,285,8726
1521,306.45000000000005,3161,True,296,8732
1522,265.05000000000007,2761,False,255,8738
1523,24.0,313,False,27,8739
1524,186.8,1955,False,172,8743
1525,305.85,3161,True,329,8750
1526,305.80000000000007,3161,True,317,8757
1527,306.65000000000003,3161,True,288,8763
1528,306.50000000000006,3161,True,285,8769
1529,236.50000000000006,2472,False,235,8774
1530,305.7,3161,True,346,8781
1531,305.8,3161,True,318,8788
1532,306.35,3161,True,279,8794
1533,305.34999999999997,3161,True,328,8801
1534,185.20000000000002,1941,False,190,8805
1535,305.90000000000003,3161,True,312,8812
1536,306.25000000000006,3161,True,282,8818
1537,306.55000000000007,3161,True,292,8824
1538,304.70000000000005,3161,True,317,8831
1539,306.15000000000003,3161,True,339,8838
1540,185.9,1957,False,177,8842
1541,305.85,3161,True,329,8849
1542,306.45000000000005,3161,True,296,8855
1543,23.950000000000003,315,False,27,8856
1544,307.80000000000007,3161,True,292,8862
1545,305.80000000000007,3161,True,294,8868
1546,306.20000000000005,3161,True,298,8874
1547,23.9,312,False,27,8875
1548,307.30000000000007,3161,True,295,8881
1549,307.25,3161,True,283,8887
1550,305.15000000000003,3161,True,313,8894
1551,305.8,3161,True,292,8900
1552,105.80000000000001,1136,False,106,8903
1553,306.1,3161,True,299,8909
1554,306.05000000000007,3161,True,294,8915
1555,306.1,3161,True,298,8921
1556,305.65000000000003,3161,True,315,8928
1557,306.20000000000005,3161,True,296,8934
1558,306.75000000000006,3161,True,283,8940
1559,306.35,3161,True,302,8947
1560,304.20000000000005,3161,True,342,8954
1561,306.1,3161,True,301,8961
1562,306.05,3161,True,291,8967
1563,306.05,3161,True,317,8974
1564,306.50000000000006,3161,True,283,8980
1565,306.50000000000006,3161,True,282,8986
1566,60.400000000000006,683,False,59,8988
1567,307.1,3161,True,302,8995
1568,236.90000000000003,2470,False,230,9000
1569,104.25000000000001,1127,False,105,9003
1570,307.25000000000006,3161,True,283,9009
1571,186.2,1959,False,177,9013
1572,304.6,3161,True,374,9021
1573,24.200000000000003,315,False,27,9022
1574,306.90000000000003,3161,True,281,9028
1575,305.6000000000001,3161,True,302,9035
1576,306.65000000000003,3161,True,311,9042
1577,236.50000000000003,2469,False,243,9047
1578,59.35000000000001,675,False,57,9049
1579,306.25000000000006,3161,True,332,9056
1580,104.80000000000001,1130,False,107,9059
1581,305.55,3161,True,312,9066
1582,24.400000000000002,312,False,27,9067
1583,187.4,1961,False,173,9071
1584,305.90000000000003,3161,True,308,9078
1585,306.00000000000006,3161,True,278,9084
1586,170.65,1793,False,168,9088
1587,305.30000000000007,3161,True,318,9095
1588,305.85,3161,True,301,9102
1589,305.75,3161,True,328,9109
1590,103.7,1126,False,119,9112
1591,306.15000000000003,3161,True,306,9119
1592,305.6,3161,True,302,9126
1593,306.90000000000003,3161,True,289,9132
1594,306.1500000000001,3161,True,289,9138
1595,169.9,1788,False,160,9142
1596,306.1,3161,True,325,9149
1597,304.15000000000003,3161,True,388,9157
1598,305.5,3161,True,335,9164
1599,306.40000000000003,3161,True,286,9170
1600,306.30000000000007,3161,True,295,9176
1601,306.25000000000006,3161,True,283,9182
1602,306.75000000000006,3161,True,284,9188
1603,263.5,2744,False,256,9194
1604,305.80000000000007,3161,True,294,9200
1605,306.40000000000003,3161,True,311,9207
1606,305.8,3161,True,318,9214
1607,305.35,3161,True,300,9220
1608,306.6,3161,True,300,9226
1609,235.90000000000003,2472,False,261,9232
1610,306.9000000000001,3161,True,288,9238
1611,304.25000000000006,3161,True,381,9246
1612,306.20000000000005,3161,True,296,9252
1613,306.05,3161,True,292,9258
1614,305.9,3161,True,314,9265
1615,306.25,3161,True,278,9271
1616,306.45000000000005,3161,True,299,9277
1617,305.6500000000001,3161,True,310,9284
1618,186.35000000000002,1957,False,172,9288
1619,306.25000000000006,3161,True,278,9294
1620,305.45,3161,True,325,9301
1621,306.65000000000003,3161,True,288,9307
1622,306.35,3161,True,304,9314
1623,192.10000000000002,2019,False,177,9318
1624,305.20000000000005,3161,True,317,9325
1625,306.55000000000007,3161,True,294,9331
1626,185.95000000000002,1956,False,182,9335
1627,306.75000000000006,3161,True,285,9341
1628,306.75000000000006,3161,True,280,9347
1629,306.00000000000006,3161,True,278,9353
1630,134.25,1434,False,135,9356
1631,168.85000000000002,1778,False,172,9360
1632,305.3,3161,True,314,9367
1633,306.15000000000003,3161,True,287,9373
1634,304.1,3161,True,397,9381
1635,306.20000000000005,3161,True,296,9387
1636,306.25000000000006,3161,True,306,9394
1637,104.00000000000001,1126,False,108,9397
1638,307.05,3161,True,292,9403
1639,306.3,3161,True,291,9409
1640,305.80000000000007,3161,True,289,9415
1641,171.00000000000003,1793,False,159,9419
1642,305.50000000000006,3161,True,278,9425
1643,306.1500000000001,3161,True,289,9431
1644,305.6,3161,True,326,9438
1645,24.049999999999997,311,False,29,9439
1646,307.5,3161,True,284,9445
1647,236.60000000000002,2468,False,231,9450
1648,306.15000000000003,3161,True,315,9457
1649,23.950000000000003,315,False,27,9458
1650,105.70000000000002,1128,False,105,9461
1651,304.55,3161,True,419,9470
1652,306.25,3161,True,284,9476
1653,236.70000000000002,2477,False,245,9481
1654,306.8,3161,True,292,9487
1655,24.200000000000003,315,False,27,9488
1656,307.25000000000006,3161,True,278,9494
1657,305.9,3161,True,289,9500
1658,186.3,1954,False,171,9504
1659,306.1,3161,True,302,9511
1660,306.40000000000003,3161,True,287,9517
1661,236.20000000000002,2470,False,263,9523
1662,306.00000000000006,3161,True,310,9530
1663,305.40000000000003,3161,True,309,9537
1664,173.05,1822,False,185,9541
1665,304.50000000000006,3161,True,381,9549
1666,193.15,2026,False,177,9553
1667,60.70000000000001,681,False,58,9555
1668,306.15000000000003,3161,True,339,9562
1669,306.6,3161,True,280,9568
1670,305.95000000000005,3161,True,299,9574
1671,306.65,3161,True,287,9580
1672,306.05,3161,True,316,9587
1673,305.6500000000001,3161,True,312,9594
1674,306.6,3161,True,278,9600
1675,236.45000000000002,2470,False,238,9605
1676,306.30000000000007,3161,True,320,9612
1677,306.25000000000006,3161,True,284,9618
1678,236.70000000000002,2470,False,242,9623
1679,306.50000000000006,3161,True,282,9629
1680,306.1,3161,True,304,9636
1681,132.10000000000002,1409,False,134,9639
1682,143.55,1519,False,141,9642
1683,306.55000000000007,3161,True,290,9648
1684,237.45,2476,False,240,9653
1685,305.8,3161,True,319,9660
1686,306.25000000000006,3161,True,284,9666
1687,237.60000000000002,2477,False,222,9671
1688,264.3,2750,False,249,9676
1689,305.9000000000001,3161,True,314,9683
1690,306.00000000000006,3161,True,278,9689
1691,306.30000000000007,3161,True,290,9695
1692,305.05000000000007,3161,True,345,9702
1693,306.20000000000005,3161,True,322,9709
1694,305.75,3161,True,285,9715
1695,306.6,3161,True,302,9722
1696,305.90000000000003,3161,True,313,9729
1697,305.40000000000003,3161,True,340,9736
1698,306.20000000000005,3161,True,299,9742
1699,306.00000000000006,3161,True,305,9749
1700,170.25000000000003,1794,False,161,9753
1701,264.65000000000003,2757,False,251,9759
1702,158.00000000000003,1668,False,152,9763
1703,307.25000000000006,3161,True,284,9769
1704,305.70000000000005,3161,True,295,9775
1705,236.0,2471,False,280,9781
1706,60.10000000000001,675,False,57,9783
1707,304.45000000000005,3161,True,421,9792
1708,305.6,3161,True,296,9798
1709,304.85,3161,True,324,9805
1710,135.0,1433,False,128,9808
1711,306.35,3161,True,278,9814
1712,306.8,3161,True,291,9820
1713,306.35,3161,True,280,9826
1714,193.65,2027,False,177,9830
1715,305.80000000000007,3161,True,288,9836
1716,305.70000000000005,3161,True,299,9842
1717,306.55000000000007,3161,True,294,9848
1718,306.25000000000006,3161,True,278,9854
1719,193.15000000000003,2026,False,197,9858
1720,305.15,3161,True,311,9865
1721,237.40000000000003,2473,False,241,9870
1722,306.1000000000001,3161,True,304,9877
1723,306.55000000000007,3161,True,292,9883
1724,304.85,3161,True,325,9890
1725,306.65000000000003,3161,True,290,9896
1726,305.90000000000003,3161,True,289,9902
1727,306.35,3161,True,327,9909
1728,305.75,3161,True,281,9915
1729,307.0,3161,True,283,9921
1730,305.59999999999997,3161,True,302,9928
1731,237.15,2470,False,229,9933
1732,61.10000000000001,695,False,82,9935
1733,308.35,3161,True,301,9942
1734,304.70000000000005,3161,True,296,9948
1735,134.5,1428,False,128,9951
1736,306.15000000000003,3161,True,281,9957
1737,23.9,312,False,27,9958
1738,307.25000000000006,3161,True,285,9964
1739,306.3500000000001,3161,True,305,9971
1740,305.95000000000005,3161,True,300,9977
1741,236.65,2471,False,233,9982
1742,306.25,3161,True,309,9989
1743,158.55,1671,False,152,9993
1744,305.75,3161,True,279,9999
1745,305.45,3161,True,346,10006
1746,306.50000000000006,3161,True,283,10012
1747,306.45000000000005,3161,True,298,10018
1748,306.0,3161,True,279,10024
1749,185.85000000000002,1957,False,173,10028
1750,307.40000000000003,3161,True,312,10035
1751,304.7,3161,True,291,10041
1752,193.15,2027,False,177,10045
1753,132.35000000000002,1408,False,130,10048
1754,307.25000000000006,3161,True,283,10054
1755,306.00000000000006,3161,True,284,10060
1756,306.25000000000006,3161,True,278,10066
1757,168.70000000000002,1784,False,225,10071
1758,305.5,3161,True,279,10077
1759,306.15000000000003,3161,True,286,10083
1760,306.35,3161,True,302,10090
1761,306.6500000000001,3161,True,288,10096
1762,305.95000000000005,3161,True,299,10102
1763,306.20000000000005,3161,True,299,10108
1764,60.650000000000006,687,False,76,10110
1765,304.05,3161,True,389,10118
1766,305.75000000000006,3161,True,329,10125
1767,305.8,3161,True,287,10131
1768,170.85000000000002,1795,False,158,10135
1769,305.45,3161,True,291,10141
1770,105.00000000000001,1139,False,113,10144
1771,306.50000000000006,3161,True,309,10151
1772,169.3,1781,False,165,10155
1773,306.75,3161,True,284,10161
1774,306.65000000000003,3161,True,289,10167
1775,306.00000000000006,3161,True,284,10173
1776,306.5,3161,True,307,10180
1777,305.0,3161,True,358,10188
1778,235.15000000000006,2467,False,287,10194
1779,306.0,3161,True,310,10201
1780,306.50000000000006,3161,True,284,10207
1781,186.45000000000002,1959,False,172,10211
1782,307.00000000000006,3161,True,285,10217
1783,306.5,3161,True,284,10223
1784,305.95000000000005,3161,True,296,10229
1785,306.25000000000006,3161,True,284,10235
1786,237.05000000000004,2471,False,238,10240
1787,23.900000000000002,311,False,27,10241
1788,238.05,2471,False,237,10246
1789,305.65000000000003,3161,True,314,10253
1790,306.40000000000003,3161,True,285,10259
1791,306.3,3161,True,293,10265
1792,186.05,1954,False,172,10269
1793,305.15000000000003,3161,True,336,10276
1794,186.60000000000002,1959,False,204,10281
1795,186.3,1960,False,172,10285
1796,236.85,2470,False,247,10290
1797,306.4,3161,True,289,10296
1798,170.75,1795,False,165,10300
1799,306.1500000000001,3161,True,286,10306
1800,306.84999999999997,3161,True,279,10312
1801,306.3,3161,True,295,10318
1802,185.8,1955,False,172,10322
1803,60.85000000000001,685,False,82,10324
1804,307.25000000000006,3161,True,284,10330
1805,186.10000000000002,1959,False,178,10334
1806,306.70000000000005,3161,True,300,10340
1807,306.30000000000007,3161,True,291,10346
1808,306.75,3161,True,309,10353
1809,305.25000000000006,3161,True,278,10359
1810,305.95000000000005,3161,True,320,10366
1811,305.75000000000006,3161,True,278,10372
1812,263.80000000000007,2765,False,324,10379
1813,306.35,3161,True,300,10385
1814,305.95000000000005,3161,True,296,10391
1815,306.20000000000005,3161,True,297,10397
1816,234.20000000000002,2473,False,379,10405
1817,306.05000000000007,3161,True,292,10411
1818,60.45000000000001,681,False,58,10413
1819,307.85,3161,True,279,10419
1820,305.70000000000005,3161,True,291,10425
1821,305.40000000000003,3161,True,282,10431
1822,187.8,1966,False,179,10435
1823,305.40000000000003,3161,True,312,10442
1824,306.8500000000001,3161,True,280,10448
1825,306.8,3161,True,314,10455
1826,130.85000000000002,1415,False,140,10458
1827,237.65,2472,False,237,10463
1828,304.6,3161,True,351,10471
1829,307.0,3161,True,283,10477
1830,304.80000000000007,3161,True,366,10485
1831,22.600000000000005,300,False,31,10486
1832,104.55000000000001,1127,False,150,10489
1833,169.85000000000002,1786,False,166,10493
1834,306.65000000000003,3161,True,289,10499
1835,104.4,1134,False,149,10502
1836,134.89999999999998,1429,False,140,10505
1837,184.55,1943,False,188,10509
1838,265.75,2756,False,270,10515
1839,305.1,3161,True,301,10522
1840,104.85000000000001,1128,False,107,10525
1841,306.65000000000003,3161,True,286,10531
1842,306.50000000000006,3161,True,284,10537
1843,187.25000000000003,1962,False,172,10541
1844,305.75000000000006,3161,True,278,10547
1845,306.05,3161,True,318,10554
1846,185.95000000000002,1954,False,172,10558
1847,186.7,1959,False,170,10562
1848,305.4,3161,True,336,10569
1849,104.45000000000002,1124,False,108,10572
1850,306.75000000000006,3161,True,310,10579
1851,306.40000000000003,3161,True,288,10585
1852,305.30000000000007,3161,True,316,10592
1853,305.8500000000001,3161,True,326,10599
1854,104.85000000000001,1137,False,124,10602
1855,307.00000000000006,3161,True,310,10609
1856,305.1,3161,True,295,10615
1857,305.20000000000005,3161,True,343,10622
1858,59.60000000000001,675,False,57,10624
1859,187.15000000000003,1956,False,173,10628
1860,305.85,3161,True,296,10634
1861,236.20000000000002,2476,False,269,10640
1862,60.50000000000001,679,False,57,10642
1863,105.7,1138,False,121,10645
1864,307.05,3161,True,292,10651
1865,306.40000000000003,3161,True,285,10657
1866,305.8,3161,True,316,10664
1867,305.55,3161,True,317,10671
1868,306.1000000000001,3161,True,303,10678
1869,307.00000000000006,3161,True,283,10684
1870,58.5,669,False,89,10686
1871,63.10000000000001,703,False,75,10688
1872,105.45000000000002,1129,False,106,10691
1873,104.45000000000002,1123,False,108,10694
1874,307.5,3161,True,284,10700
1875,104.20000000000002,1129,False,106,10703
1876,307.15000000000003,3161,True,286,10709
1877,235.8,2468,False,255,10715
1878,105.20000000000002,1129,False,106,10718
1879,105.25000000000001,1136,False,121,10721
1880,306.55000000000007,3161,True,292,10727
1881,24.599999999999998,312,False,28,10728
1882,306.55000000000007,3161,True,317,10735
1883,307.0,3161,True,281,10741
1884,305.04999999999995,3161,True,312,10748
1885,236.8,2469,False,229,10753
1886,306.20000000000005,3161,True,298,10759
1887,169.05,1777,False,169,10763
1888,306.1,3161,True,301,10770
1889,193.25000000000003,2030,False,187,10774
1890,306.50000000000006,3161,True,283,10780
1891,305.95000000000005,3161,True,298,10786
1892,306.80000000000007,3161,True,294,10792
1893,168.35000000000002,1782,False,171,10796
1894,306.90000000000003,3161,True,288,10802
1895,237.10000000000002,2473,False,231,10807
1896,305.65000000000003,3161,True,280,10813
1897,306.75000000000006,3161,True,284,10819
1898,306.50000000000006,3161,True,283,10825
1899,306.25000000000006,3161,True,282,10831
1900,236.55,2472,False,249,10836
1901,186.55,1955,False,172,10840
1902,306.85,3161,True,279,10846
1903,304.45000000000005,3161,True,371,10854
1904,264.5,2760,False,315,10861
1905,305.90000000000003,3161,True,311,10868
1906,306.35,3161,True,280,10874
1907,306.05000000000007,3161,True,294,10880
1908,307.0,3161,True,284,10886
1909,186.7,1957,False,172,10890
1910,306.25,3161,True,284,10896
1911,186.15,1956,False,172,10900
1912,305.85,3161,True,296,10906
1913,306.80000000000007,3161,True,342,10913
1914,235.40000000000003,2470,False,229,10918
1915,192.90000000000003,2024,False,186,10922
1916,306.55,3161,True,292,10928
1917,185.55,1957,False,182,10932
1918,307.00000000000006,3161,True,284,10938
1919,103.25000000000001,1126,False,152,10942
1920,306.55000000000007,3161,True,287,10948
1921,305.70000000000005,3161,True,293,10954
1922,104.70000000000002,1130,False,106,10957
1923,306.65000000000003,3161,True,289,10963
1924,306.50000000000006,3161,True,278,10969
1925,306.20000000000005,3161,True,297,10975
1926,306.50000000000006,3161,True,283,10981
1927,306.55,3161,True,291,10987
1928,236.65000000000003,2474,False,221,10992
1929,305.70000000000005,3161,True,349,10999
1930,305.6,3161,True,301,11006
1931,306.0,3161,True,306,11013
1932,306.25000000000006,3161,True,306,11020
1933,306.3,3161,True,293,11026
1934,186.05,1956,False,185,11030
1935,306.05000000000007,3161,True,289,11036
1936,134.4,1434,False,137,11039
1937,306.25000000000006,3161,True,305,11046
1938,192.9,2024,False,187,11050
1939,236.45000000000002,2471,False,241,11055
1940,306.25000000000006,3161,True,278,11061
1941,305.75000000000006,3161,True,278,11067
1942,306.25,3161,True,280,11073
1943,305.65000000000003,3161,True,364,11081
1944,304.90000000000003,3161,True,305,11088
1945,305.25,3161,True,325,11095
1946,306.50000000000006,3161,True,283,11101
1947,306.1,3161,True,301,11108
1948,158.3,1675,False,149,11111
1949,193.05,2028,False,187,11115
1950,306.40000000000003,3161,True,311,11122
1951,306.25,3161,True,283,11128
1952,306.25000000000006,3161,True,278,11134
1953,306.15000000000003,3161,True,310,11141
1954,306.25,3161,True,283,11147
1955,305.70000000000005,3161,True,295,11153
1956,306.00000000000006,3161,True,302,11160
1957,305.05,3161,True,312,11167
1958,305.75,3161,True,278,11173
1959,306.55,3161,True,295,11179
1960,305.90000000000003,3161,True,314,11186
1961,192.4,2023,False,185,11190
1962,62.650000000000006,705,False,74,11192
1963,307.25000000000006,3161,True,306,11199
