0,307.3,3161,True,294,6
1,306.25000000000006,3161,True,278,12
2,237.20000000000002,2473,False,227,17
3,62.800000000000004,710,False,73,19
4,306.25000000000006,3161,True,302,26
5,306.65000000000003,3161,True,285,32
6,305.85,3161,True,302,39
7,306.75000000000006,3161,True,283,45
8,306.00000000000006,3161,True,282,51
9,104.70000000000002,1129,False,106,54
10,105.80000000000001,1130,False,107,57
11,104.55000000000001,1127,False,116,60
12,306.55,3161,True,291,66
13,157.4,1661,False,154,70
14,305.50000000000006,3161,True,326,77
15,186.4,1963,False,181,81
16,185.75000000000003,1955,False,187,85
17,307.25000000000006,3161,True,281,91
18,237.25000000000006,2476,False,221,96
19,305.75000000000006,3161,True,278,102
20,306.2,3161,True,296,108
21,236.60000000000002,2471,False,298,114
22,305.3,3161,True,295,120
23,306.25000000000006,3161,True,283,126
24,306.15000000000003,3161,True,313,133
25,185.50000000000003,1950,False,187,137
26,306.00000000000006,3161,True,306,144
27,186.4,1956,False,172,148
28,306.65000000000003,3161,True,289,154
29,171.15000000000003,1792,False,159,158
30,234.40000000000003,2471,False,307,165
31,306.3,3161,True,291,171
32,306.5,3161,True,308,178
33,305.75,3161,True,310,185
34,169.05000000000004,1779,False,172,189
35,184.10000000000002,1947,False,194,193
36,307.05000000000007,3161,True,294,199
37,185.35000000000002,1947,False,179,203
38,306.5,3161,True,278,209
39,235.45000000000002,2469,False,264,215
40,307.25000000000006,3161,True,281,221
41,62.4,705,False,74,223
42,307.00000000000006,3161,True,284,229
43,305.1,3161,True,377,237
44,185.9,1957,False,175,241
45,306.3500000000001,3161,True,301,248
46,306.00000000000006,3161,True,283,254
47,306.75000000000006,3161,True,284,260
48,132.15000000000003,1408,False,136,263
49,105.80000000000001,1136,False,108,266
50,306.9000000000001,3161,True,288,272
51,305.70000000000005,3161,True,300,278
52,306.45000000000005,3161,True,292,284
53,305.8,3161,True,289,290
54,306.25000000000006,3161,True,284,296
55,306.15000000000003,3161,True,284,302
56,104.45000000000002,1129,False,106,305
57,307.00000000000006,3161,True,285,311
58,169.85000000000002,1790,False,161,315
59,306.5,3161,True,284,321
60,236.85000000000002,2468,False,234,326
61,304.95000000000005,3161,True,347,333
62,306.50000000000006,3161,True,282,339
63,168.90000000000003,1779,False,167,343
64,306.70000000000005,3161,True,299,349
65,305.8,3161,True,318,356
66,235.65000000000003,2473,False,266,362
67,237.3,2470,False,234,367
68,305.8500000000001,3161,True,329,374
69,23.650000000000002,312,False,27,375
70,238.45000000000002,2474,False,232,380
71,304.5,3161,True,327,387
72,305.15,3161,True,333,394
73,306.75000000000006,3161,True,284,400
74,305.75,3161,True,279,406
75,306.65000000000003,3161,True,289,412
76,169.55,1789,False,177,416
77,306.00000000000006,3161,True,278,422
78,306.75000000000006,3161,True,282,428
79,303.80000000000007,3161,True,392,436
80,306.30000000000007,3161,True,294,442
81,237.65,2475,False,229,447
82,305.90000000000003,3161,True,290,453
83,193.60000000000002,2019,False,177,457
84,134.35000000000002,1434,False,129,460
85,306.75000000000006,3161,True,283,466
86,306.5,3161,True,284,472
87,306.00000000000006,3161,True,277,478
88,305.55,3161,True,318,485
89,306.50000000000006,3161,True,284,491
90,305.75000000000006,3161,True,304,498
91,142.8,1512,False,140,501
92,236.4,2471,False,259,507
93,236.05,2470,False,263,513
94,306.25000000000006,3161,True,307,520
95,185.75,1944,False,192,524
96,193.50000000000003,2027,False,196,528
97,304.40000000000003,3161,True,315,535
98,60.85,691,False,96,537
99,306.90000000000003,3161,True,313,544
100,236.20000000000002,2473,False,277,550
101,306.50000000000006,3161,True,282,556
102,186.30000000000004,1959,False,172,560
103,135.10000000000002,1434,False,129,563
104,307.0,3161,True,284,569
105,306.5,3161,True,281,575
106,104.70000000000002,1129,False,106,578
107,305.95,3161,True,322,585
108,305.70000000000005,3161,True,317,592
109,134.35000000000002,1435,False,134,595
110,306.75000000000006,3161,True,278,601
111,306.6,3161,True,278,607
112,305.15000000000003,3161,True,336,614
113,306.20000000000005,3161,True,297,620
114,306.75000000000006,3161,True,284,626
115,306.0,3161,True,281,632
116,236.49999999999997,2474,False,266,638
117,306.00000000000006,3161,True,330,645
118,305.20000000000005,3161,True,292,651
119,306.25000000000006,3161,True,309,658
120,306.6,3161,True,302,665
121,305.8,3161,True,295,671
122,305.6500000000001,3161,True,310,678
123,304.84999999999997,3161,True,348,685
124,305.6,3161,True,304,692
125,306.50000000000006,3161,True,285,698
126,305.6000000000001,3161,True,299,704
127,170.00000000000003,1786,False,165,708
128,236.60000000000002,2468,False,236,713
129,305.20000000000005,3161,True,324,720
130,236.70000000000002,2469,False,235,725
131,306.25000000000006,3161,True,278,731
132,306.05,3161,True,292,737
133,235.35000000000005,2469,False,286,743
134,306.6,3161,True,278,749
135,306.75000000000006,3161,True,284,755
136,305.80000000000007,3161,True,292,761
137,306.65000000000003,3161,True,315,768
138,306.05,3161,True,290,774
139,186.55,1960,False,174,778
140,306.4,3161,True,287,784
141,307.00000000000006,3161,True,282,790
142,306.00000000000006,3161,True,278,796
143,306.20000000000005,3161,True,297,802
144,306.0,3161,True,283,808
145,104.75,1127,False,110,811
146,306.75000000000006,3161,True,278,817
147,306.05000000000007,3161,True,291,823
148,134.40000000000003,1433,False,133,826
149,306.70000000000005,3161,True,296,832
150,306.3,3161,True,291,838
151,306.30000000000007,3161,True,293,844
152,306.75000000000006,3161,True,283,850
153,185.45000000000002,1954,False,172,854
154,306.25,3161,True,278,860
155,306.0,3161,True,304,867
156,306.6,3161,True,279,873
157,169.30000000000004,1787,False,161,877
158,142.70000000000002,1511,False,140,880
159,306.90000000000003,3161,True,290,886
160,306.20000000000005,3161,True,296,892
161,236.40000000000003,2474,False,249,897
162,306.75,3161,True,284,903
163,306.25000000000006,3161,True,278,909
164,305.55000000000007,3161,True,319,916
165,306.00000000000006,3161,True,278,922
166,104.50000000000001,1127,False,107,925
167,306.75000000000006,3161,True,278,931
168,104.4,1130,False,123,934
169,305.75,3161,True,305,941
170,307.1500000000001,3161,True,286,947
171,306.1,3161,True,303,954
172,134.60000000000002,1434,False,128,957
173,306.75000000000006,3161,True,284,963
174,105.75,1144,False,107,966
175,266.05000000000007,2759,False,247,971
176,305.5,3161,True,304,978
177,306.75000000000006,3161,True,284,984
178,185.8,1955,False,171,988
179,307.1,3161,True,278,994
180,236.40000000000003,2473,False,267,1000
181,306.25,3161,True,283,1006
182,134.25,1429,False,132,1009
183,306.05,3161,True,318,1016
184,306.75000000000006,3161,True,284,1022
185,305.75000000000006,3161,True,278,1028
186,306.25,3161,True,307,1035
187,305.25,3161,True,304,1042
188,306.25000000000006,3161,True,282,1048
189,306.05,3161,True,319,1055
190,306.1000000000001,3161,True,303,1062
191,186.3,1959,False,173,1066
192,307.1,3161,True,278,1072
193,306.15000000000003,3161,True,288,1078
194,24.15,311,False,27,1079
195,307.6500000000001,3161,True,338,1086
196,184.55000000000004,1958,False,187,1090
197,306.65000000000003,3161,True,288,1096
198,305.75,3161,True,331,1103
199,306.50000000000006,3161,True,281,1109
200,186.35000000000002,1958,False,178,1113
201,306.50000000000006,3161,True,278,1119
202,306.00000000000006,3161,True,309,1126
203,306.40000000000003,3161,True,286,1132
204,185.7,1959,False,172,1136
205,306.65000000000003,3161,True,290,1142
206,305.90000000000003,3161,True,337,1149
207,305.1,3161,True,352,1157
208,305.75000000000006,3161,True,278,1163
209,24.150000000000002,311,False,27,1164
210,306.85,3161,True,329,1171
211,158.3,1675,False,148,1174
212,60.80000000000001,682,False,58,1176
213,306.75000000000006,3161,True,278,1182
214,306.00000000000006,3161,True,310,1189
215,188.3,1978,False,186,1193
216,306.85,3161,True,279,1199
217,306.25000000000006,3161,True,285,1205
218,306.5,3161,True,283,1211
219,192.35000000000002,2017,False,193,1215
220,185.95000000000002,1959,False,179,1219
221,305.00000000000006,3161,True,352,1227
222,306.4000000000001,3161,True,285,1233
223,235.95000000000002,2468,False,258,1239
224,131.9,1408,False,136,1242
225,105.30000000000003,1131,False,106,1245
226,142.85000000000002,1511,False,142,1248
227,306.30000000000007,3161,True,316,1255
228,306.25000000000006,3161,True,308,1262
229,305.35,3161,True,326,1269
230,132.35000000000002,1409,False,131,1272
231,170.35000000000002,1787,False,177,1276
232,134.05,1431,False,129,1279
233,305.85,3161,True,296,1285
234,305.95000000000005,3161,True,294,1291
235,237.15,2474,False,225,1296
236,235.65,2467,False,266,1302
237,306.45000000000005,3161,True,296,1308
238,306.20000000000005,3161,True,297,1314
239,158.55,1675,False,148,1317
240,307.1,3161,True,278,1323
241,306.25000000000006,3161,True,283,1329
242,193.4,2027,False,177,1333
243,305.1000000000001,3161,True,354,1341
244,305.95000000000005,3161,True,325,1348
245,305.1,3161,True,322,1355
246,306.20000000000005,3161,True,298,1361
247,306.05,3161,True,293,1367
248,306.35,3161,True,303,1374
249,306.05,3161,True,291,1380
250,306.4000000000001,3161,True,290,1386
251,305.65,3161,True,311,1393
252,306.20000000000005,3161,True,298,1399
253,306.05000000000007,3161,True,294,1405
254,104.65,1126,False,106,1408
255,307.6,3161,True,280,1414
256,306.1500000000001,3161,True,285,1420
257,23.700000000000003,310,False,27,1421
258,305.34999999999997,3161,True,378,1429
259,306.65000000000003,3161,True,289,1435
260,306.5,3161,True,282,1441
261,305.85,3161,True,329,1448
262,307.1,3161,True,305,1455
263,300.8,3161,True,494,1465
264,61.550000000000004,695,False,85,1467
265,306.95000000000005,3161,True,300,1473
266,306.30000000000007,3161,True,294,1479
267,306.85,3161,True,279,1485
268,306.3,3161,True,294,1491
269,303.95000000000005,3161,True,393,1499
270,306.25,3161,True,282,1505
271,104.70000000000002,1128,False,104,1508
272,305.25000000000006,3161,True,383,1516
273,104.45000000000002,1130,False,106,1519
274,144.00000000000003,1525,False,137,1522
275,61.050000000000004,688,False,94,1524
276,306.50000000000006,3161,True,308,1531
277,305.75,3161,True,335,1538
278,158.85000000000002,1678,False,149,1541
279,158.8,1675,False,148,1544
280,171.35000000000002,1795,False,158,1548
281,134.10000000000002,1434,False,128,1551
282,105.10000000000002,1127,False,105,1554
283,104.75000000000001,1126,False,107,1557
284,305.8,3161,True,341,1564
285,306.75000000000006,3161,True,285,1570
286,306.1,3161,True,279,1576
287,306.25000000000006,3161,True,278,1582
288,306.50000000000006,3161,True,278,1588
289,305.70000000000005,3161,True,294,1594
290,306.50000000000006,3161,True,283,1600
291,306.35,3161,True,279,1606
292,306.5000000000001,3161,True,308,1613
293,305.25000000000006,3161,True,307,1620
294,307.1,3161,True,279,1626
295,306.25,3161,True,309,1633
296,236.45000000000002,2468,False,231,1638
297,63.1,712,False,72,1640
298,186.8,1955,False,176,1644
299,185.8,1943,False,187,1648
300,305.29999999999995,3161,True,319,1655
301,142.20000000000002,1512,False,140,1658
302,306.50000000000006,3161,True,278,1664
303,306.05000000000007,3161,True,295,1670
304,306.15000000000003,3161,True,283,1676
305,169.05,1780,False,164,1680
306,305.90000000000003,3161,True,313,1687
307,305.40000000000003,3161,True,306,1694
308,304.9,3161,True,336,1701
309,306.55000000000007,3161,True,287,1707
310,305.6,3161,True,327,1714
311,306.40000000000003,3161,True,287,1720
312,71.15,790,False,79,1722
313,264.3,2751,False,278,1728
314,186.9,1960,False,171,1732
315,306.55,3161,True,293,1738
316,306.00000000000006,3161,True,278,1744
317,305.55000000000007,3161,True,288,1750
318,305.90000000000003,3161,True,313,1757
319,306.15000000000003,3161,True,289,1763
320,306.6,3161,True,305,1770
321,305.7,3161,True,296,1776
322,306.85,3161,True,279,1782
323,306.40000000000003,3161,True,286,1788
324,306.50000000000006,3161,True,282,1794
325,306.85,3161,True,279,1800
326,305.6,3161,True,304,1807
327,306.40000000000003,3161,True,313,1814
328,306.1,3161,True,280,1820
329,307.0,3161,True,284,1826
330,158.3,1675,False,148,1829
331,306.85,3161,True,304,1836
332,104.80000000000001,1136,False,108,1839
333,305.80000000000007,3161,True,316,1846
334,305.90000000000003,3161,True,306,1853
335,306.20000000000005,3161,True,300,1859
336,306.15000000000003,3161,True,313,1866
337,305.75,3161,True,279,1872
338,306.85,3161,True,278,1878
339,305.95000000000005,3161,True,297,1884
340,306.6,3161,True,278,1890
341,306.75000000000006,3161,True,284,1896
342,305.80000000000007,3161,True,319,1903
343,306.1,3161,True,304,1910
344,170.40000000000003,1794,False,169,1914
345,306.30000000000007,3161,True,291,1920
346,264.3,2761,False,276,1926
347,306.90000000000003,3161,True,286,1932
348,306.05000000000007,3161,True,294,1938
349,305.65000000000003,3161,True,313,1945
350,305.8,3161,True,319,1952
351,306.50000000000006,3161,True,278,1958
352,305.3,3161,True,318,1965
353,23.650000000000002,307,False,28,1966
354,306.50000000000006,3161,True,310,1973
355,306.8,3161,True,292,1979
356,305.85,3161,True,301,1986
357,307.00000000000006,3161,True,282,1992
358,306.25,3161,True,283,1998
359,306.75000000000006,3161,True,284,2004
360,306.50000000000006,3161,True,285,2010
361,305.75,3161,True,307,2017
362,306.15,3161,True,315,2024
363,305.85,3161,True,302,2031
364,306.40000000000003,3161,True,290,2037
365,185.55,1954,False,191,2041
366,104.85000000000001,1127,False,105,2044
367,265.05000000000007,2751,False,252,2050
368,305.6,3161,True,296,2056
369,81.15,898,False,122,2059
370,307.00000000000006,3161,True,285,2065
371,234.60000000000002,2470,False,341,2072
372,306.00000000000006,3161,True,278,2078
373,236.4,2468,False,247,2083
374,306.30000000000007,3161,True,291,2089
375,306.35,3161,True,301,2096
376,306.40000000000003,3161,True,285,2102
377,305.15000000000003,3161,True,310,2109
378,306.1500000000001,3161,True,315,2116
379,185.90000000000003,1957,False,176,2120
380,305.8,3161,True,318,2127
381,306.4,3161,True,286,2133
382,186.20000000000002,1954,False,180,2137
383,306.90000000000003,3161,True,286,2143
384,185.60000000000002,1954,False,176,2147
385,264.45,2760,False,302,2154
386,305.5,3161,True,300,2160
387,306.35,3161,True,305,2167
388,305.25,3161,True,335,2174
389,306.3,3161,True,295,2180
390,59.85000000000001,675,False,57,2182
391,307.1,3161,True,279,2188
392,306.90000000000003,3161,True,285,2194
393,306.25000000000006,3161,True,282,2200
394,306.15000000000003,3161,True,288,2206
395,194.95000000000002,2038,False,191,2210
396,236.15000000000003,2470,False,229,2215
397,306.25,3161,True,284,2221
398,307.25000000000006,3161,True,285,2227
399,305.90000000000003,3161,True,288,2233
400,192.75000000000003,2023,False,177,2237
401,135.6,1434,False,127,2240
402,184.9,1946,False,179,2244
403,306.1,3161,True,329,2251
404,306.30000000000007,3161,True,292,2257
405,185.9,1957,False,177,2261
406,306.50000000000006,3161,True,308,2268
407,306.00000000000006,3161,True,278,2274
408,304.8,3161,True,342,2281
409,306.85,3161,True,280,2287
410,306.05,3161,True,341,2294
411,306.35,3161,True,280,2300
412,306.0,3161,True,282,2306
413,306.75000000000006,3161,True,285,2312
414,104.60000000000002,1128,False,109,2315
415,170.75,1787,False,159,2319
416,304.8,3161,True,341,2326
417,306.1,3161,True,328,2333
418,185.20000000000002,1950,False,178,2337
419,195.6,2044,False,179,2341
420,306.25000000000006,3161,True,285,2347
421,306.25000000000006,3161,True,281,2353
422,306.40000000000003,3161,True,288,2359
423,158.55,1675,False,148,2362
424,144.15,1526,False,146,2365
425,306.35,3161,True,279,2371
426,132.5,1408,False,131,2374
427,306.40000000000003,3161,True,315,2381
428,305.9000000000001,3161,True,313,2388
429,306.8500000000001,3161,True,280,2394
430,306.00000000000006,3161,True,278,2400
431,305.7,3161,True,297,2406
432,306.3,3161,True,320,2413
433,158.4,1676,False,149,2416
434,23.85,309,False,27,2417
435,306.65000000000003,3161,True,283,2423
436,306.5,3161,True,308,2430
437,305.90000000000003,3161,True,312,2437
438,305.40000000000003,3161,True,313,2444
439,306.25000000000006,3161,True,277,2450
440,306.05,3161,True,319,2457
441,305.40000000000003,3161,True,338,2464
442,305.50000000000006,3161,True,302,2471
443,236.60000000000002,2466,False,229,2476
444,305.75000000000006,3161,True,278,2482
445,306.0,3161,True,310,2489
446,306.15000000000003,3161,True,282,2495
447,304.45000000000005,3161,True,348,2502
448,185.25000000000003,1944,False,184,2506
449,306.80000000000007,3161,True,292,2512
450,306.25000000000006,3161,True,285,2518
451,304.09999999999997,3161,True,376,2526
452,306.70000000000005,3161,True,296,2532
453,305.5,3161,True,332,2539
454,306.00000000000006,3161,True,283,2545
455,306.70000000000005,3161,True,296,2551
456,193.30000000000004,2022,False,181,2555
457,186.0,1957,False,176,2559
458,192.95000000000005,2021,False,184,2563
459,305.75,3161,True,279,2569
460,306.25000000000006,3161,True,278,2575
461,305.6,3161,True,328,2582
462,305.75000000000006,3161,True,278,2588
463,305.65,3161,True,284,2594
464,306.25000000000006,3161,True,331,2601
465,305.75000000000006,3161,True,309,2608
466,305.50000000000006,3161,True,278,2614
467,305.80000000000007,3161,True,318,2621
468,305.20000000000005,3161,True,375,2629
469,184.80000000000004,1944,False,178,2633
470,306.00000000000006,3161,True,305,2640
471,305.50000000000006,3161,True,278,2646
472,307.1,3161,True,277,2652
473,306.15000000000003,3161,True,288,2658
474,306.25000000000006,3161,True,279,2664
475,306.25000000000006,3161,True,283,2670
476,306.6,3161,True,279,2676
477,306.4,3161,True,285,2682
478,305.6000000000001,3161,True,327,2689
479,185.50000000000003,1957,False,197,2693
480,304.90000000000003,3161,True,356,2701
481,306.15000000000003,3161,True,311,2708
482,156.65000000000003,1662,False,153,2712
483,145.60000000000002,1538,False,148,2715
484,306.50000000000006,3161,True,281,2721
485,306.5,3161,True,281,2727
486,305.55,3161,True,316,2734
487,60.900000000000006,687,False,81,2736
488,187.40000000000003,1961,False,178,2740
489,104.30000000000001,1125,False,107,2743
490,265.15,2766,False,298,2749
491,307.00000000000006,3161,True,285,2755
492,305.95000000000005,3161,True,323,2762
493,62.60000000000001,708,False,73,2764
494,135.15,1433,False,131,2767
495,305.1,3161,True,324,2774
496,306.45000000000005,3161,True,296,2780
497,306.70000000000005,3161,True,298,2786
498,306.5,3161,True,281,2792
499,305.85,3161,True,302,2799
500,306.50000000000006,3161,True,282,2805
501,306.0,3161,True,309,2812
502,306.05000000000007,3161,True,320,2819
503,60.050000000000004,687,False,80,2821
504,170.35000000000002,1785,False,164,2825
505,306.65000000000003,3161,True,285,2831
506,237.75000000000006,2476,False,221,2836
507,306.25000000000006,3161,True,282,2842
508,305.75000000000006,3161,True,308,2849
509,306.50000000000006,3161,True,278,2855
510,306.25000000000006,3161,True,284,2861
511,23.9,312,False,27,2862
512,307.75000000000006,3161,True,284,2868
513,306.00000000000006,3161,True,279,2874
514,305.35,3161,True,328,2881
515,236.85000000000002,2471,False,248,2886
516,105.05000000000001,1137,False,113,2889
517,236.90000000000003,2471,False,255,2895
518,305.50000000000006,3161,True,305,2902
519,306.25,3161,True,305,2909
520,305.65000000000003,3161,True,314,2916
521,305.15000000000003,3161,True,340,2923
522,306.75000000000006,3161,True,283,2929
523,144.95000000000005,1532,False,143,2932
524,305.4000000000001,3161,True,308,2939
525,306.6,3161,True,276,2945
526,185.60000000000002,1954,False,179,2949
527,305.35,3161,True,321,2956
528,305.45000000000005,3161,True,322,2963
529,306.55000000000007,3161,True,294,2969
530,305.50000000000006,3161,True,302,2976
531,306.50000000000006,3161,True,284,2982
532,305.6,3161,True,296,2988
533,263.85,2752,False,291,2994
534,263.00000000000006,2750,False,289,3000
535,306.75000000000006,3161,True,283,3006
536,305.6,3161,True,326,3013
537,306.8500000000001,3161,True,279,3019
538,306.3,3161,True,292,3025
539,305.6,3161,True,303,3032
540,305.90000000000003,3161,True,314,3039
541,305.9000000000001,3161,True,310,3046
542,306.50000000000006,3161,True,278,3052
543,184.90000000000003,1946,False,178,3056
544,62.75000000000001,706,False,74,3058
545,63.85,708,False,74,3060
546,306.8500000000001,3161,True,302,3067
547,305.95000000000005,3161,True,294,3073
548,237.30000000000004,2473,False,222,3078
549,306.6,3161,True,278,3084
550,306.25000000000006,3161,True,285,3090
551,264.65000000000003,2762,False,277,3096
552,306.45,3161,True,296,3102
553,305.9000000000001,3161,True,314,3109
554,305.45000000000005,3161,True,321,3116
555,186.40000000000003,1956,False,180,3120
556,134.95000000000002,1435,False,128,3123
557,186.8,1955,False,173,3127
558,306.65000000000003,3161,True,290,3133
559,305.55000000000007,3161,True,290,3139
560,305.95000000000005,3161,True,295,3145
561,306.00000000000006,3161,True,278,3151
562,104.35000000000002,1127,False,105,3154
563,307.25000000000006,3161,True,284,3160
564,236.45000000000005,2467,False,227,3165
565,306.20000000000005,3161,True,298,3171
566,306.40000000000003,3161,True,286,3177
567,236.60000000000002,2467,False,227,3182
568,193.20000000000005,2026,False,182,3186
569,187.1,1963,False,172,3190
570,306.05,3161,True,286,3196
571,305.05000000000007,3161,True,318,3203
572,306.20000000000005,3161,True,296,3209
573,306.70000000000005,3161,True,297,3215
574,305.85,3161,True,328,3222
575,186.65,1960,False,171,3226
576,305.7,3161,True,322,3233
577,305.3500000000001,3161,True,327,3240
578,306.25000000000006,3161,True,278,3246
579,306.6,3161,True,280,3252
580,186.45,1959,False,170,3256
581,306.3,3161,True,293,3262
582,306.3500000000001,3161,True,300,3268
583,305.7,3161,True,293,3274
584,306.75000000000006,3161,True,284,3280
585,186.50000000000003,1962,False,172,3284
586,186.55000000000004,1959,False,172,3288
587,265.6,2761,False,262,3294
588,305.79999999999995,3161,True,317,3301
589,186.10000000000002,1959,False,179,3305
590,306.9,3161,True,290,3311
591,305.90000000000003,3161,True,282,3317
592,306.25000000000006,3161,True,278,3323
593,305.35,3161,True,329,3330
594,305.8,3161,True,318,3337
595,185.35,1949,False,175,3341
596,305.99999999999994,3161,True,310,3348
597,306.2000000000001,3161,True,297,3354
598,237.20000000000005,2473,False,229,3359
599,305.70000000000005,3161,True,294,3365
600,169.54999999999998,1789,False,229,3370
601,185.05,1954,False,173,3374
602,185.0,1938,False,182,3378
603,307.1,3161,True,276,3384
604,306.0,3161,True,282,3390
605,134.95000000000002,1435,False,129,3393
606,237.15,2470,False,225,3398
607,105.55000000000001,1136,False,106,3401
608,306.3,3161,True,291,3407
609,306.8,3161,True,291,3413
610,305.45000000000005,3161,True,293,3419
611,305.85,3161,True,300,3425
612,306.0,3161,True,284,3431
613,265.45000000000005,2763,False,268,3437
614,306.7,3161,True,297,3443
615,305.85,3161,True,301,3450
616,186.5,1956,False,171,3454
617,306.40000000000003,3161,True,285,3460
618,236.25000000000003,2469,False,250,3465
619,169.65,1784,False,169,3469
620,306.50000000000006,3161,True,284,3475
621,185.85000000000002,1959,False,176,3479
622,305.95000000000005,3161,True,323,3486
623,305.40000000000003,3161,True,307,3493
624,186.55,1954,False,171,3497
625,105.9,1138,False,116,3500
626,306.35,3161,True,301,3507
627,306.00000000000006,3161,True,277,3513
628,306.50000000000006,3161,True,283,3519
629,306.00000000000006,3161,True,277,3525
630,304.65000000000003,3161,True,332,3532
631,168.50000000000003,1776,False,172,3536
632,186.0,1958,False,177,3540
633,306.75000000000006,3161,True,283,3546
634,306.6,3161,True,303,3553
635,306.1,3161,True,278,3559
636,306.55000000000007,3161,True,294,3565
637,305.3500000000001,3161,True,297,3571
638,306.45,3161,True,299,3577
639,186.5,1956,False,178,3581
640,235.55,2468,False,274,3587
641,306.0,3161,True,308,3594
642,306.6,3161,True,303,3601
643,186.9,1968,False,183,3605
644,306.80000000000007,3161,True,295,3611
645,305.95,3161,True,299,3617
646,185.45000000000005,1950,False,203,3622
647,81.44999999999999,898,False,132,3625
648,185.75,1956,False,191,3629
649,134.9,1433,False,132,3632
650,193.25,2023,False,178,3636
651,186.5,1956,False,177,3640
652,186.0,1954,False,181,3644
653,306.70000000000005,3161,True,300,3650
654,104.80000000000001,1137,False,112,3653
655,306.3,3161,True,291,3659
656,306.0,3161,True,333,3666
657,306.05,3161,True,319,3673
658,186.10000000000002,1959,False,179,3677
659,187.00000000000003,1962,False,172,3681
660,170.5,1790,False,174,3685
661,134.15,1427,False,130,3688
662,237.20000000000002,2473,False,228,3693
663,306.80000000000007,3161,True,295,3699
664,304.15000000000003,3161,True,390,3707
665,306.90000000000003,3161,True,287,3713
666,306.25,3161,True,282,3719
667,306.09999999999997,3161,True,305,3726
668,306.00000000000006,3161,True,278,3732
669,23.75,313,False,27,3733
670,237.75000000000003,2477,False,251,3739
671,304.55000000000007,3161,True,340,3746
672,306.34999999999997,3161,True,329,3753
673,304.85,3161,True,322,3760
674,265.20000000000005,2758,False,244,3765
675,305.50000000000006,3161,True,278,3771
676,60.9,691,False,103,3774
677,306.5,3161,True,276,3780
678,186.15000000000003,1954,False,195,3784
679,306.5,3161,True,285,3790
680,236.60000000000005,2469,False,266,3796
681,305.25000000000006,3161,True,330,3803
682,305.6,3161,True,329,3810
683,185.85000000000002,1954,False,176,3814
684,306.75000000000006,3161,True,281,3820
685,306.25000000000006,3161,True,281,3826
686,306.5,3161,True,282,3832
687,306.45000000000005,3161,True,297,3838
688,186.05,1955,False,172,3842
689,236.85000000000002,2471,False,246,3847
690,22.600000000000005,300,False,31,3848
691,307.25000000000006,3161,True,306,3855
692,306.6,3161,True,276,3861
693,192.5,2027,False,199,3865
694,305.85,3161,True,298,3871
695,186.85000000000002,1963,False,172,3875
696,305.70000000000005,3161,True,320,3882
697,306.15000000000003,3161,True,290,3888
698,306.6000000000001,3161,True,280,3894
699,104.50000000000001,1127,False,108,3897
700,305.79999999999995,3161,True,310,3904
701,306.45000000000005,3161,True,292,3910
702,305.40000000000003,3161,True,314,3917
703,304.95000000000005,3161,True,325,3924
704,187.05000000000004,1959,False,172,3928
705,306.65000000000003,3161,True,285,3934
706,143.85000000000002,1526,False,136,3937
707,305.4000000000001,3161,True,307,3944
708,306.20000000000005,3161,True,324,3951
709,304.85,3161,True,329,3958
710,305.55000000000007,3161,True,342,3965
711,306.1,3161,True,299,3971
712,305.75000000000006,3161,True,309,3978
713,306.50000000000006,3161,True,285,3984
714,186.4,1956,False,172,3988
715,305.75000000000006,3161,True,309,3995
716,186.6,1959,False,175,3999
717,306.05,3161,True,317,4006
718,306.6,3161,True,279,4012
719,236.15000000000003,2470,False,253,4018
720,104.35000000000002,1122,False,106,4021
721,187.25000000000003,1962,False,172,4025
722,306.75000000000006,3161,True,285,4031
723,305.9000000000001,3161,True,339,4038
724,263.25,2757,False,299,4044
725,306.75000000000006,3161,True,284,4050
726,305.75000000000006,3161,True,331,4057
727,305.35,3161,True,298,4063
728,306.25000000000006,3161,True,278,4069
729,305.90000000000003,3161,True,312,4076
730,170.1,1788,False,159,4080
731,305.05,3161,True,289,4086
732,186.8,1955,False,171,4090
733,305.90000000000003,3161,True,313,4097
734,306.65000000000003,3161,True,288,4103
735,305.1,3161,True,323,4110
736,306.35,3161,True,279,4116
737,306.45,3161,True,298,4122
738,305.65,3161,True,283,4128
739,134.7,1430,False,128,4131
740,305.25,3161,True,301,4138
741,306.15000000000003,3161,True,313,4145
742,306.40000000000003,3161,True,285,4151
743,305.80000000000007,3161,True,291,4157
744,170.45000000000002,1794,False,179,4161
745,306.75000000000006,3161,True,285,4167
746,306.75000000000006,3161,True,284,4173
747,306.1,3161,True,302,4180
748,306.25000000000006,3161,True,279,4186
749,236.55,2469,False,229,4191
750,305.70000000000005,3161,True,298,4197
751,306.40000000000003,3161,True,314,4204
752,132.10000000000002,1408,False,129,4207
753,134.75000000000003,1434,False,132,4210
754,306.90000000000003,3161,True,290,4216
755,306.1,3161,True,302,4223
756,305.75000000000006,3161,True,278,4229
757,237.3,2471,False,239,4234
758,305.40000000000003,3161,True,281,4240
759,306.75,3161,True,282,4246
760,306.50000000000006,3161,True,283,4252
761,62.900000000000006,706,False,74,4254
762,142.45000000000002,1513,False,147,4257
763,307.15000000000003,3161,True,287,4263
764,306.1000000000001,3161,True,305,4270
765,306.40000000000003,3161,True,286,4276
766,23.9,311,False,27,4277
767,306.8,3161,True,316,4284
768,306.1,3161,True,302,4291
769,306.30000000000007,3161,True,294,4297
770,59.85000000000001,675,False,57,4299
771,186.60000000000002,1954,False,177,4303
772,305.3,3161,True,342,4310
773,302.30000000000007,3161,True,486,4320
774,104.10000000000002,1128,False,108,4323
775,307.15000000000003,3161,True,290,4329
776,306.3,3161,True,290,4335
777,306.35,3161,True,278,4341
778,307.35,3161,True,278,4347
779,143.45000000000002,1526,False,134,4350
780,60.40000000000001,678,False,58,4352
781,307.4000000000001,3161,True,286,4358
782,306.75,3161,True,283,4364
783,305.25000000000006,3161,True,277,4370
784,186.60000000000002,1957,False,177,4374
785,186.9,1960,False,172,4378
786,306.25,3161,True,307,4385
787,262.95000000000005,2742,False,266,4391
788,169.25000000000003,1780,False,168,4395
789,305.05000000000007,3161,True,341,4402
790,306.85,3161,True,276,4408
791,305.0,3161,True,304,4415
792,306.25000000000006,3161,True,305,4422
793,306.4,3161,True,314,4429
794,169.3,1787,False,167,4433
795,307.1,3161,True,280,4439
796,306.35,3161,True,278,4445
797,307.25000000000006,3161,True,282,4451
798,305.6,3161,True,279,4457
799,306.45,3161,True,296,4463
800,305.55,3161,True,316,4470
801,171.4,1798,False,158,4474
802,236.45000000000002,2474,False,231,4479
803,306.65000000000003,3161,True,282,4485
804,305.75000000000006,3161,True,307,4492
805,306.6000000000001,3161,True,305,4499
806,104.90000000000002,1136,False,106,4502
807,170.75000000000003,1790,False,192,4506
808,134.05,1431,False,128,4509
809,236.15,2474,False,272,4515
810,305.70000000000005,3161,True,291,4521
811,306.05,3161,True,290,4527
812,306.75000000000006,3161,True,283,4533
813,186.4,1955,False,177,4537
814,306.35,3161,True,279,4543
815,60.650000000000006,686,False,73,4545
816,186.10000000000002,1947,False,177,4549
817,305.6,3161,True,327,4556
818,306.80000000000007,3161,True,294,4562
819,193.45000000000005,2026,False,182,4566
820,171.05,1797,False,157,4570
821,305.75000000000006,3161,True,285,4576
822,306.35,3161,True,303,4583
823,236.20000000000002,2471,False,245,4588
824,305.90000000000003,3161,True,337,4595
825,306.15000000000003,3161,True,286,4601
826,263.75,2758,False,300,4607
827,306.45000000000005,3161,True,297,4613
828,305.70000000000005,3161,True,324,4620
829,306.75000000000006,3161,True,284,4626
830,306.50000000000006,3161,True,284,4632
831,305.45000000000005,3161,True,322,4639
832,305.65000000000003,3161,True,281,4645
833,306.35,3161,True,303,4652
834,306.50000000000006,3161,True,284,4658
835,169.95000000000002,1790,False,160,4662
836,307.1,3161,True,277,4668
837,60.20000000000001,685,False,82,4670
838,306.8,3161,True,290,4676
839,306.05000000000007,3161,True,288,4682
840,304.05,3161,True,393,4690
841,134.00000000000003,1433,False,128,4693
842,105.45,1127,False,104,4696
843,306.65000000000003,3161,True,289,4702
844,305.70000000000005,3161,True,325,4709
845,307.1,3161,True,279,4715
846,305.3500000000001,3161,True,305,4722
847,306.45000000000005,3161,True,298,4728
848,170.35,1792,False,179,4732
849,184.65,1943,False,185,4736
850,305.85,3161,True,329,4743
851,104.60000000000001,1131,False,115,4746
852,306.35,3161,True,301,4753
853,307.00000000000006,3161,True,283,4759
854,305.9,3161,True,282,4765
855,134.6,1434,False,127,4768
856,305.6000000000001,3161,True,326,4775
857,306.6,3161,True,305,4782
858,306.34999999999997,3161,True,302,4789
859,305.75000000000006,3161,True,281,4795
860,306.2,3161,True,324,4802
861,306.00000000000006,3161,True,281,4808
862,306.50000000000006,3161,True,307,4815
863,235.95000000000002,2469,False,264,4821
864,305.05000000000007,3161,True,367,4829
865,305.95,3161,True,323,4836
866,305.4,3161,True,315,4843
867,306.00000000000006,3161,True,278,4849
868,306.25000000000006,3161,True,284,4855
869,306.5,3161,True,283,4861
870,306.90000000000003,3161,True,287,4867
871,306.00000000000006,3161,True,278,4873
872,185.85000000000002,1959,False,175,4877
873,306.65000000000003,3161,True,311,4884
874,306.15,3161,True,286,4890
875,305.0,3161,True,330,4897
876,170.60000000000002,1798,False,170,4901
877,300.70000000000005,3161,True,600,4913
878,304.85,3161,True,351,4921
879,306.0,3161,True,310,4928
880,60.85,692,False,96,4930
881,237.75000000000003,2472,False,258,4936
882,306.00000000000006,3161,True,282,4942
883,305.05,3161,True,341,4949
884,306.40000000000003,3161,True,290,4955
885,306.75000000000006,3161,True,284,4961
886,305.7,3161,True,323,4968
887,305.6,3161,True,305,4975
888,306.75000000000006,3161,True,281,4981
889,306.0,3161,True,283,4987
890,187.10000000000002,1958,False,170,4991
891,304.45,3161,True,397,4999
892,306.35,3161,True,278,5005
893,61.45,694,False,78,5007
894,307.1000000000001,3161,True,301,5014
895,305.5,3161,True,333,5021
896,306.0,3161,True,280,5027
897,306.70000000000005,3161,True,296,5033
898,305.95000000000005,3161,True,325,5040
899,306.15,3161,True,287,5046
900,306.25000000000006,3161,True,281,5052
901,143.10000000000002,1515,False,138,5055
902,306.0,3161,True,304,5062
903,306.09999999999997,3161,True,301,5069
904,305.75000000000006,3161,True,278,5075
905,236.50000000000006,2470,False,221,5080
906,306.35,3161,True,279,5086
907,105.45,1127,False,104,5089
908,305.95000000000005,3161,True,317,5096
909,304.80000000000007,3161,True,314,5103
910,306.2,3161,True,300,5109
911,62.75000000000001,707,False,72,5111
912,307.35,3161,True,303,5118
913,305.85,3161,True,303,5125
914,306.15000000000003,3161,True,290,5131
915,264.40000000000003,2759,False,286,5137
916,305.70000000000005,3161,True,322,5144
917,305.85,3161,True,328,5151
918,305.8,3161,True,319,5158
919,306.6,3161,True,280,5164
920,306.0,3161,True,280,5170
921,105.9,1136,False,104,5173
922,306.09999999999997,3161,True,303,5180
923,195.6,2044,False,178,5184
924,185.35,1954,False,178,5188
925,306.3,3161,True,317,5195
926,24.200000000000003,315,False,27,5196
927,307.25000000000006,3161,True,277,5202
928,305.25,3161,True,326,5209
929,306.25000000000006,3161,True,284,5215
930,305.8,3161,True,286,5221
931,134.35,1435,False,133,5224
932,105.45,1128,False,104,5227
933,306.8,3161,True,294,5233
934,185.50000000000003,1958,False,179,5237
935,306.20000000000005,3161,True,295,5243
936,135.0,1433,False,127,5246
937,237.5,2472,False,232,5251
938,305.9,3161,True,314,5258
939,306.25000000000006,3161,True,309,5265
940,305.20000000000005,3161,True,298,5271
941,170.15000000000003,1788,False,166,5275
942,24.450000000000003,315,False,27,5276
943,307.85,3161,True,277,5282
944,305.75000000000006,3161,True,284,5288
945,135.25,1433,False,127,5291
946,60.900000000000006,685,False,70,5293
947,306.90000000000003,3161,True,286,5299
948,306.25000000000006,3161,True,308,5306
949,104.2,1126,False,118,5309
950,193.9,2023,False,181,5313
951,305.75000000000006,3161,True,278,5319
952,185.60000000000002,1955,False,185,5323
953,306.44999999999993,3161,True,324,5330
954,305.40000000000003,3161,True,282,5336
955,306.90000000000003,3161,True,290,5342
956,305.40000000000003,3161,True,313,5349
957,263.45,2759,False,324,5356
958,306.0,3161,True,332,5363
959,305.75000000000006,3161,True,333,5370
960,305.90000000000003,3161,True,288,5376
961,24.200000000000003,315,False,27,5377
962,186.85000000000002,1954,False,179,5381
963,306.75000000000006,3161,True,284,5387
964,133.9,1430,False,141,5390
965,306.05,3161,True,313,5397
966,305.75,3161,True,278,5403
967,305.80000000000007,3161,True,288,5409
968,305.75000000000006,3161,True,331,5416
969,104.7,1127,False,104,5419
970,306.6,3161,True,278,5425
971,305.6,3161,True,326,5432
972,306.25000000000006,3161,True,278,5438
973,236.45,2474,False,281,5444
974,305.8,3161,True,318,5451
975,305.75000000000006,3161,True,308,5458
976,24.200000000000003,315,False,27,5459
977,307.40000000000003,3161,True,287,5465
978,305.70000000000005,3161,True,321,5472
979,305.80000000000007,3161,True,286,5478
980,305.25000000000006,3161,True,304,5485
981,306.75,3161,True,280,5491
982,104.7,1130,False,106,5494
983,306.3,3161,True,286,5500
984,306.40000000000003,3161,True,288,5506
985,305.55,3161,True,314,5513
986,305.70000000000005,3161,True,297,5519
987,305.9,3161,True,337,5526
988,306.4,3161,True,287,5532
989,306.05,3161,True,292,5538
990,306.25000000000006,3161,True,282,5544
991,24.15,312,False,27,5545
992,170.65,1787,False,165,5549
993,193.25000000000003,2024,False,182,5553
994,305.65000000000003,3161,True,283,5559
995,306.4000000000001,3161,True,314,5566
996,306.25,3161,True,280,5572
997,306.00000000000006,3161,True,278,5578
998,306.45,3161,True,300,5584
999,134.85,1434,False,127,5587
1000,134.45000000000002,1431,False,132,5590
1001,307.1,3161,True,279,5596
1002,306.35,3161,True,280,5602
1003,306.85,3161,True,279,5608
1004,169.75,1787,False,159,5612
1005,306.5,3161,True,282,5618
1006,104.50000000000001,1128,False,110,5621
1007,306.5,3161,True,278,5627
1008,306.25000000000006,3161,True,277,5633
1009,305.90000000000003,3161,True,313,5640
1010,305.5,3161,True,302,5647
1011,305.5,3161,True,332,5654
1012,305.1,3161,True,354,5662
1013,306.6000000000001,3161,True,280,5668
1014,306.20000000000005,3161,True,298,5674
1015,103.70000000000002,1125,False,115,5677
1016,306.35,3161,True,328,5684
1017,306.04999999999995,3161,True,320,5691
1018,305.95000000000005,3161,True,296,5697
1019,307.00000000000006,3161,True,285,5703
1020,236.60000000000002,2474,False,231,5708
1021,305.3,3161,True,319,5715
1022,305.95,3161,True,292,5721
1023,305.6,3161,True,300,5727
1024,305.7,3161,True,321,5734
1025,304.85,3161,True,377,5742
1026,306.6,3161,True,280,5748
1027,306.6,3161,True,277,5754
1028,305.45,3161,True,292,5760
1029,306.70000000000005,3161,True,296,5766
1030,306.05,3161,True,293,5772
1031,306.6,3161,True,278,5778
1032,306.65000000000003,3161,True,287,5784
1033,306.85,3161,True,280,5790
1034,306.0,3161,True,285,5796
1035,306.1,3161,True,302,5803
1036,170.0,1787,False,159,5807
1037,306.85,3161,True,277,5813
1038,305.6,3161,True,303,5820
1039,104.75000000000001,1128,False,111,5823
1040,306.1,3161,True,300,5829
1041,168.65,1780,False,171,5833
1042,305.6000000000001,3161,True,326,5840
1043,306.50000000000006,3161,True,278,5846
1044,134.40000000000003,1433,False,132,5849
1045,306.55000000000007,3161,True,293,5855
1046,185.70000000000002,1955,False,181,5859
1047,306.3,3161,True,319,5866
1048,132.75000000000003,1417,False,130,5869
1049,307.00000000000006,3161,True,278,5875
1050,305.55,3161,True,343,5882
1051,192.55000000000004,2022,False,185,5886
1052,306.25,3161,True,284,5892
1053,306.00000000000006,3161,True,306,5899
1054,104.50000000000001,1127,False,107,5902
1055,306.25,3161,True,331,5909
1056,263.95000000000005,2749,False,249,5914
1057,306.5,3161,True,282,5920
1058,192.45000000000002,2020,False,178,5924
1059,105.20000000000002,1137,False,116,5927
1060,135.4,1432,False,128,5930
1061,306.75000000000006,3161,True,284,5936
1062,106.65000000000002,1153,False,109,5939
1063,186.9,1954,False,185,5943
1064,306.6,3161,True,279,5949
1065,305.40000000000003,3161,True,315,5956
1066,306.5,3161,True,284,5962
1067,306.55000000000007,3161,True,293,5968
1068,306.5,3161,True,284,5974
1069,185.15000000000003,1946,False,178,5978
1070,306.1000000000001,3161,True,305,5985
1071,187.2,1959,False,170,5989
1072,143.35000000000002,1526,False,136,5992
1073,135.35000000000002,1434,False,127,5995
1074,306.50000000000006,3161,True,285,6001
1075,306.15000000000003,3161,True,311,6008
1076,236.10000000000002,2472,False,255,6014
1077,307.1,3161,True,302,6021
1078,263.05,2748,False,264,6027
1079,170.25,1787,False,159,6031
1080,192.50000000000003,2019,False,180,6035
1081,306.40000000000003,3161,True,289,6041
1082,144.10000000000002,1528,False,150,6044
1083,306.25000000000006,3161,True,278,6050
1084,305.75000000000006,3161,True,278,6056
1085,305.45,3161,True,295,6062
1086,307.90000000000003,3161,True,289,6068
1087,305.00000000000006,3161,True,279,6074
1088,104.25,1128,False,112,6077
1089,306.75,3161,True,283,6083
1090,306.1,3161,True,296,6089
1091,306.15000000000003,3161,True,290,6095
1092,305.8,3161,True,320,6102
1093,306.20000000000005,3161,True,297,6108
1094,306.45000000000005,3161,True,296,6114
1095,305.8,3161,True,318,6121
1096,304.05000000000007,3161,True,391,6129
1097,134.35000000000002,1432,False,144,6132
1098,306.6,3161,True,302,6139
1099,305.6,3161,True,297,6145
1100,305.85,3161,True,302,6152
1101,143.7,1526,False,134,6155
1102,144.40000000000003,1527,False,151,6159
1103,168.65000000000003,1779,False,171,6163
1104,306.15000000000003,3161,True,313,6170
1105,306.0,3161,True,306,6177
1106,170.35,1789,False,159,6181
1107,306.1,3161,True,276,6187
1108,306.15000000000003,3161,True,287,6193
1109,170.65,1796,False,172,6197
1110,306.15,3161,True,290,6203
1111,310.1,3161,True,303,6210
1112,303.15000000000003,3161,True,288,6216
1113,61.6,698,False,76,6218
1114,235.95000000000002,2471,False,295,6224
1115,306.65000000000003,3161,True,289,6230
1116,306.75,3161,True,285,6236
1117,193.10000000000002,2024,False,178,6240
1118,306.75000000000006,3161,True,283,6246
1119,305.05,3161,True,344,6253
1120,306.50000000000006,3161,True,284,6259
1121,306.0,3161,True,308,6266
1122,306.30000000000007,3161,True,294,6272
1123,306.45000000000005,3161,True,296,6278
1124,306.05,3161,True,292,6284
1125,305.40000000000003,3161,True,335,6291
1126,306.6,3161,True,278,6297
1127,306.25000000000006,3161,True,306,6304
1128,305.05000000000007,3161,True,343,6311
1129,306.45,3161,True,299,6317
1130,305.85,3161,True,305,6324
1131,237.35000000000002,2473,False,233,6329
1132,168.95,1788,False,170,6333
1133,306.50000000000006,3161,True,278,6339
1134,305.65000000000003,3161,True,340,6346
1135,306.50000000000006,3161,True,284,6352
1136,305.75000000000006,3161,True,278,6358
1137,306.6,3161,True,280,6364
1138,306.25,3161,True,279,6370
1139,305.50000000000006,3161,True,278,6376
1140,306.1,3161,True,326,6383
1141,306.15000000000003,3161,True,290,6389
1142,265.1,2756,False,262,6395
1143,305.50000000000006,3161,True,278,6401
1144,306.5,3161,True,284,6407
1145,306.75,3161,True,285,6413
1146,306.25000000000006,3161,True,284,6419
1147,306.4,3161,True,286,6425
1148,305.4,3161,True,337,6432
1149,62.45,704,False,80,6434
1150,105.6,1129,False,114,6437
1151,307.15000000000003,3161,True,290,6443
1152,133.60000000000002,1431,False,137,6446
1153,193.25000000000003,2025,False,190,6450
1154,306.6,3161,True,305,6457
1155,186.45,1959,False,170,6461
1156,304.6000000000001,3161,True,353,6469
1157,306.75,3161,True,305,6476
1158,185.70000000000002,1953,False,172,6480
1159,306.95000000000005,3161,True,298,6486
1160,169.60000000000002,1792,False,174,6490
1161,186.15000000000003,1956,False,176,6494
1162,143.85000000000002,1526,False,139,6497
1163,307.0,3161,True,306,6504
1164,306.35,3161,True,280,6510
1165,192.65000000000003,2022,False,176,6514
1166,306.25000000000006,3161,True,282,6520
1167,306.75000000000006,3161,True,277,6526
1168,305.5,3161,True,305,6533
1169,306.15000000000003,3161,True,285,6539
1170,236.95000000000005,2467,False,229,6544
1171,236.00000000000003,2470,False,273,6550
1172,306.15000000000003,3161,True,314,6557
1173,186.45000000000002,1959,False,171,6561
1174,306.85,3161,True,278,6567
1175,306.35,3161,True,276,6573
1176,157.25000000000003,1665,False,162,6577
1177,306.25000000000006,3161,True,278,6583
1178,305.5,3161,True,308,6590
1179,306.90000000000003,3161,True,287,6596
1180,306.4,3161,True,290,6602
1181,306.15000000000003,3161,True,288,6608
1182,305.65000000000003,3161,True,337,6615
1183,305.95,3161,True,323,6622
1184,134.70000000000002,1435,False,128,6625
1185,306.00000000000006,3161,True,278,6631
1186,305.55000000000007,3161,True,344,6638
1187,134.75,1435,False,140,6641
1188,305.35,3161,True,327,6648
1189,306.20000000000005,3161,True,349,6655
1190,305.8500000000001,3161,True,278,6661
1191,307.1,3161,True,278,6667
1192,236.70000000000002,2469,False,238,6672
1193,306.4,3161,True,286,6678
1194,306.15000000000003,3161,True,313,6685
1195,306.35,3161,True,276,6691
1196,134.15000000000003,1435,False,144,6694
1197,306.75000000000006,3161,True,278,6700
1198,306.15000000000003,3161,True,290,6706
1199,306.34999999999997,3161,True,329,6713
1200,305.6,3161,True,276,6719
1201,306.40000000000003,3161,True,286,6725
1202,306.50000000000006,3161,True,309,6732
1203,305.75000000000006,3161,True,278,6738
1204,306.34999999999997,3161,True,304,6745
1205,60.099999999999994,683,False,74,6747
1206,307.05000000000007,3161,True,286,6753
1207,305.6000000000001,3161,True,305,6760
1208,104.65,1126,False,112,6763
1209,306.9,3161,True,286,6769
1210,60.00000000000001,679,False,57,6771
1211,306.6,3161,True,297,6777
1212,306.25000000000006,3161,True,277,6783
1213,23.700000000000003,315,False,27,6784
1214,307.59999999999997,3161,True,279,6790
1215,306.1,3161,True,301,6797
1216,306.15,3161,True,282,6803
1217,305.95,3161,True,293,6809
1218,306.35,3161,True,277,6815
1219,104.25000000000001,1127,False,110,6818
1220,185.90000000000003,1957,False,205,6823
1221,236.75000000000003,2470,False,251,6829
1222,306.85,3161,True,278,6835
1223,306.25,3161,True,309,6842
1224,305.90000000000003,3161,True,311,6849
1225,304.65,3161,True,335,6856
1226,170.0,1790,False,169,6860
1227,305.55000000000007,3161,True,291,6866
1228,306.5,3161,True,330,6873
1229,104.00000000000001,1128,False,113,6876
1230,237.9,2470,False,229,6881
1231,134.25,1434,False,132,6884
1232,306.40000000000003,3161,True,283,6890
1233,192.6,2019,False,175,6894
1234,306.5,3161,True,282,6900
1235,306.0,3161,True,309,6907
1236,305.75000000000006,3161,True,308,6914
1237,192.50000000000003,2019,False,185,6918
1238,307.25000000000006,3161,True,281,6924
1239,306.0,3161,True,308,6931
1240,185.9,1957,False,175,6935
1241,305.65000000000003,3161,True,306,6942
1242,306.35,3161,True,276,6948
1243,306.20000000000005,3161,True,300,6954
1244,307.00000000000006,3161,True,281,6960
1245,304.85,3161,True,299,6966
1246,306.1,3161,True,300,6972
1247,24.150000000000002,311,False,27,6973
1248,133.1,1408,False,127,6976
1249,265.1,2759,False,303,6983
1250,306.6,3161,True,279,6989
1251,306.15,3161,True,287,6995
1252,185.75000000000003,1960,False,187,6999
1253,306.6,3161,True,302,7006
1254,236.65,2468,False,245,7011
1255,169.4,1790,False,172,7015
1256,236.25000000000003,2472,False,257,7021
1257,306.90000000000003,3161,True,312,7028
1258,235.50000000000003,2469,False,270,7034
1259,306.75000000000006,3161,True,283,7040
1260,306.25000000000006,3161,True,281,7046
1261,306.15000000000003,3161,True,315,7053
1262,306.15000000000003,3161,True,289,7059
1263,305.90000000000003,3161,True,288,7065
1264,305.79999999999995,3161,True,341,7072
1265,186.9,1960,False,171,7076
1266,104.70000000000002,1129,False,105,7079
1267,306.95000000000005,3161,True,297,7085
1268,134.25,1434,False,132,7088
1269,306.6,3161,True,301,7095
1270,107.35000000000001,1154,False,105,7098
1271,306.75000000000006,3161,True,276,7104
1272,305.85,3161,True,304,7111
1273,306.35,3161,True,280,7117
1274,305.85,3161,True,330,7124
1275,306.0,3161,True,309,7131
1276,134.1,1429,False,129,7134
1277,306.00000000000006,3161,True,278,7140
1278,306.50000000000006,3161,True,278,7146
1279,306.50000000000006,3161,True,283,7152
1280,305.8,3161,True,316,7159
1281,306.25000000000006,3161,True,277,7165
1282,59.35000000000001,675,False,57,7167
1283,306.90000000000003,3161,True,313,7174
1284,306.25000000000006,3161,True,283,7180
1285,306.1500000000001,3161,True,312,7187
1286,305.95000000000005,3161,True,297,7193
1287,307.05,3161,True,295,7199
1288,185.35,1953,False,176,7203
1289,306.5,3161,True,285,7209
1290,306.2,3161,True,297,7215
1291,170.05,1793,False,174,7219
1292,306.20000000000005,3161,True,293,7225
1293,184.10000000000002,1943,False,227,7230
1294,305.7,3161,True,325,7237
1295,185.85,1952,False,171,7241
1296,105.4,1137,False,107,7244
1297,306.70000000000005,3161,True,300,7250
1298,307.00000000000006,3161,True,284,7256
1299,305.50000000000006,3161,True,278,7262
1300,306.75,3161,True,284,7268
1301,169.3,1789,False,171,7272
1302,306.6,3161,True,280,7278
1303,306.54999999999995,3161,True,295,7284
1304,307.1,3161,True,279,7290
1305,186.4,1960,False,171,7294
1306,104.50000000000001,1127,False,105,7297
1307,236.40000000000003,2470,False,276,7303
1308,170.5,1791,False,171,7307
1309,186.3,1960,False,174,7311
1310,306.30000000000007,3161,True,295,7317
1311,158.75000000000003,1677,False,147,7320
1312,305.8,3161,True,343,7327
1313,306.75,3161,True,283,7333
1314,306.1,3161,True,277,7339
1315,236.55000000000004,2471,False,236,7344
1316,132.65000000000003,1431,False,196,7348
1317,307.65000000000003,3161,True,289,7354
1318,134.1,1429,False,127,7357
1319,306.65000000000003,3161,True,288,7363
1320,305.15000000000003,3161,True,362,7371
1321,170.0,1794,False,158,7375
1322,306.25,3161,True,308,7382
1323,306.15000000000003,3161,True,286,7388
1324,306.75000000000006,3161,True,277,7394
1325,303.85,3161,True,348,7401
1326,159.15000000000003,1675,False,147,7404
1327,306.75000000000006,3161,True,282,7410
1328,158.0,1672,False,148,7413
1329,305.95,3161,True,324,7420
1330,306.70000000000005,3161,True,299,7426
1331,306.85,3161,True,276,7432
1332,303.6500000000001,3161,True,363,7440
1333,307.00000000000006,3161,True,282,7446
1334,307.0,3161,True,281,7452
1335,23.700000000000003,315,False,27,7453
1336,306.55000000000007,3161,True,343,7460
1337,306.6,3161,True,280,7466
1338,306.25000000000006,3161,True,282,7472
1339,306.9000000000001,3161,True,290,7478
1340,305.85,3161,True,276,7484
1341,306.80000000000007,3161,True,295,7490
1342,186.7,1959,False,170,7494
1343,305.85,3161,True,298,7500
1344,305.55,3161,True,292,7506
1345,159.10000000000002,1672,False,147,7509
1346,305.90000000000003,3161,True,314,7516
1347,186.9,1960,False,171,7520
1348,131.60000000000002,1409,False,130,7523
1349,186.85000000000002,1959,False,175,7527
1350,306.70000000000005,3161,True,321,7534
1351,104.55000000000003,1128,False,104,7537
1352,306.90000000000003,3161,True,289,7543
1353,192.85,2019,False,180,7547
1354,186.10000000000002,1958,False,170,7551
1355,305.65,3161,True,309,7558
1356,304.45000000000005,3161,True,345,7565
1357,305.20000000000005,3161,True,348,7572
1358,306.3,3161,True,291,7578
1359,306.75,3161,True,283,7584
1360,306.20000000000005,3161,True,296,7590
1361,104.45,1129,False,106,7593
1362,306.75000000000006,3161,True,308,7600
1363,306.35,3161,True,278,7606
1364,194.20000000000002,2026,False,182,7610
1365,305.4000000000001,3161,True,312,7617
1366,306.35,3161,True,276,7623
1367,305.90000000000003,3161,True,282,7629
1368,306.25000000000006,3161,True,277,7635
1369,305.75000000000006,3161,True,306,7642
1370,305.25,3161,True,333,7649
1371,307.1,3161,True,279,7655
1372,305.70000000000005,3161,True,294,7661
1373,185.95,1959,False,170,7665
1374,307.1,3161,True,277,7671
1375,305.75000000000006,3161,True,278,7677
1376,132.25,1408,False,132,7680
1377,306.1,3161,True,297,7686
1378,302.50000000000006,3161,True,457,7696
1379,307.35,3161,True,276,7702
1380,305.25,3161,True,276,7708
1381,307.1,3161,True,276,7714
1382,23.65,312,False,27,7715
1383,308.1,3161,True,279,7721
1384,237.2,2473,False,227,7726
1385,306.25,3161,True,281,7732
1386,305.85,3161,True,300,7738
1387,306.05,3161,True,315,7745
1388,305.6,3161,True,304,7752
1389,306.0,3161,True,304,7759
1390,264.0,2758,False,277,7765
1391,306.50000000000006,3161,True,277,7771
1392,158.50000000000003,1677,False,147,7774
1393,305.85,3161,True,326,7781
1394,306.6,3161,True,279,7787
1395,23.9,312,False,27,7788
1396,185.4,1942,False,183,7792
1397,61.150000000000006,682,False,59,7794
1398,266.1,2759,False,252,7800
1399,305.8,3161,True,318,7807
1400,304.75000000000006,3161,True,380,7815
1401,306.15000000000003,3161,True,287,7821
1402,305.75000000000006,3161,True,278,7827
1403,60.10000000000001,679,False,58,7829
1404,105.95,1128,False,105,7832
1405,305.70000000000005,3161,True,345,7839
1406,186.15,1960,False,171,7843
1407,307.1,3161,True,280,7849
1408,304.7,3161,True,343,7856
1409,305.50000000000006,3161,True,304,7863
1410,306.6,3161,True,280,7869
1411,133.75,1434,False,134,7872
1412,24.950000000000003,315,False,27,7873
1413,135.95000000000002,1435,False,128,7876
1414,306.15000000000003,3161,True,338,7883
1415,191.50000000000003,2019,False,182,7887
1416,307.6,3161,True,279,7893
1417,305.50000000000006,3161,True,309,7900
1418,142.75,1515,False,143,7903
1419,306.3,3161,True,319,7910
1420,306.00000000000006,3161,True,276,7916
1421,306.35,3161,True,304,7923
1422,306.25000000000006,3161,True,281,7929
1423,306.25000000000006,3161,True,276,7935
1424,305.85,3161,True,279,7941
1425,306.6,3161,True,276,7947
1426,306.25000000000006,3161,True,276,7953
1427,306.1000000000001,3161,True,301,7960
1428,305.35,3161,True,326,7967
1429,187.4,1960,False,171,7971
1430,192.9,2022,False,185,7975
1431,305.75,3161,True,282,7981
1432,307.25000000000006,3161,True,285,7987
1433,306.6,3161,True,278,7993
1434,305.40000000000003,3161,True,309,8000
1435,306.6,3161,True,276,8006
1436,305.3,3161,True,314,8013
1437,305.8500000000001,3161,True,304,8020
1438,305.90000000000003,3161,True,290,8026
1439,305.20000000000005,3161,True,375,8034
1440,304.4,3161,True,390,8042
1441,307.0,3161,True,285,8048
1442,306.15000000000003,3161,True,288,8054
1443,304.65000000000003,3161,True,361,8062
1444,184.3,1943,False,189,8066
1445,306.70000000000005,3161,True,300,8072
1446,306.40000000000003,3161,True,289,8078
1447,60.55000000000001,687,False,81,8080
1448,188.0,1961,False,171,8084
1449,306.25000000000006,3161,True,307,8091
1450,304.55,3161,True,337,8098
1451,306.05,3161,True,316,8105
1452,185.55000000000004,1956,False,176,8109
1453,187.15,1960,False,171,8113
1454,134.95000000000002,1435,False,127,8116
1455,305.75000000000006,3161,True,301,8123
1456,186.10000000000002,1954,False,177,8127
1457,307.1,3161,True,276,8133
1458,306.25000000000006,3161,True,281,8139
1459,306.3,3161,True,291,8145
1460,185.45000000000002,1954,False,171,8149
1461,307.00000000000006,3161,True,280,8155
1462,23.9,312,False,27,8156
1463,187.65,1955,False,171,8160
1464,185.45000000000002,1954,False,174,8164
1465,170.60000000000002,1790,False,190,8168
1466,193.60000000000002,2030,False,185,8172
1467,306.6,3161,True,276,8178
1468,60.050000000000004,687,False,82,8180
1469,307.1,3161,True,302,8187
1470,186.65,1960,False,171,8191
1471,306.00000000000006,3161,True,310,8198
1472,306.85,3161,True,276,8204
1473,186.05,1955,False,171,8208
1474,305.20000000000005,3161,True,324,8215
1475,143.6,1526,False,164,8219
1476,305.8,3161,True,313,8226
1477,306.3,3161,True,292,8232
1478,158.4,1676,False,153,8236
1479,307.00000000000006,3161,True,285,8242
1480,306.5,3161,True,282,8248
1481,305.70000000000005,3161,True,291,8254
1482,107.15,1152,False,103,8257
1483,306.80000000000007,3161,True,291,8263
1484,305.8,3161,True,289,8269
1485,305.09999999999997,3161,True,329,8276
1486,306.75000000000006,3161,True,283,8282
1487,305.90000000000003,3161,True,314,8289
1488,306.0,3161,True,278,8295
1489,306.80000000000007,3161,True,291,8301
1490,133.4,1428,False,135,8304
1491,24.700000000000003,315,False,27,8305
1492,306.70000000000005,3161,True,324,8312
1493,186.7,1959,False,170,8316
1494,134.35000000000002,1430,False,131,8319
1495,306.25000000000006,3161,True,278,8325
1496,185.95000000000002,1953,False,177,8329
1497,186.6,1957,False,171,8333
1498,132.70000000000002,1409,False,127,8336
1499,305.85,3161,True,326,8343
1500,305.4,3161,True,306,8350
1501,306.00000000000006,3161,True,278,8356
1502,187.10000000000002,1963,False,172,8360
1503,306.85,3161,True,280,8366
1504,306.45,3161,True,298,8372
1505,169.75,1787,False,159,8376
1506,305.20000000000005,3161,True,324,8383
1507,134.3,1433,False,138,8386
1508,306.75000000000006,3161,True,331,8393
1509,306.35,3161,True,276,8399
1510,305.45000000000005,3161,True,294,8405
1511,306.6,3161,True,279,8411
1512,306.84999999999997,3161,True,278,8417
1513,306.25000000000006,3161,True,276,8423
1514,186.65,1960,False,171,8427
1515,185.90000000000003,1956,False,173,8431
1516,306.20000000000005,3161,True,298,8437
1517,305.9000000000001,3161,True,315,8444
1518,305.65,3161,True,335,8451
1519,306.65000000000003,3161,True,288,8457
1520,191.85000000000002,2019,False,177,8461
1521,135.6,1434,False,127,8464
1522,306.3,3161,True,294,8470
1523,193.3,2021,False,176,8474
1524,186.05000000000004,1954,False,172,8478
1525,305.50000000000006,3161,True,278,8484
1526,236.65,2475,False,274,8490
1527,305.95000000000005,3161,True,322,8497
1528,305.80000000000007,3161,True,287,8503
1529,305.55,3161,True,318,8510
1530,306.75,3161,True,284,8516
1531,306.05,3161,True,294,8522
1532,186.5,1955,False,172,8526
1533,186.3,1955,False,171,8530
1534,306.85,3161,True,278,8536
1535,306.35,3161,True,278,8542
1536,307.1,3161,True,276,8548
1537,305.25,3161,True,359,8556
1538,305.3,3161,True,316,8563
1539,306.85,3161,True,279,8569
1540,105.25,1136,False,104,8572
1541,104.50000000000001,1128,False,112,8575
1542,307.2,3161,True,297,8581
1543,263.2,2761,False,308,8588
1544,135.35000000000002,1435,False,135,8591
1545,186.70000000000002,1954,False,176,8595
1546,306.05,3161,True,319,8602
1547,105.25000000000001,1136,False,105,8605
1548,306.15000000000003,3161,True,285,8611
1549,237.85,2471,False,225,8616
1550,169.85,1789,False,159,8620
1551,142.15,1513,False,140,8623
1552,307.3,3161,True,291,8629
1553,305.75000000000006,3161,True,278,8635
1554,306.00000000000006,3161,True,284,8641
1555,306.75000000000006,3161,True,282,8647
1556,306.6,3161,True,277,8653
1557,306.1,3161,True,303,8660
1558,306.3500000000001,3161,True,278,8666
1559,306.6,3161,True,301,8673
1560,306.00000000000006,3161,True,278,8679
1561,306.59999999999997,3161,True,278,8685
1562,236.4,2472,False,311,8692
1563,305.75000000000006,3161,True,283,8698
1564,236.8,2471,False,238,8703
1565,305.65000000000003,3161,True,286,8709
1566,305.05000000000007,3161,True,340,8716
1567,236.8,2471,False,240,8721
1568,306.70000000000005,3161,True,296,8727
1569,60.650000000000006,691,False,72,8729
1570,61.9,691,False,75,8731
1571,304.90000000000003,3161,True,437,8740
1572,237.75000000000003,2471,False,304,8747
1573,303.0,3161,True,279,8753
1574,305.8500000000001,3161,True,299,8759
1575,305.40000000000003,3161,True,337,8766
1576,23.950000000000003,315,False,27,8767
1577,307.30000000000007,3161,True,293,8773
1578,306.0,3161,True,308,8780
1579,193.8,2021,False,184,8784
1580,21.600000000000005,300,False,31,8785
1581,135.85,1434,False,129,8788
1582,236.35000000000002,2470,False,271,8794
1583,305.70000000000005,3161,True,293,8800
1584,23.299999999999997,305,False,28,8801
1585,307.3,3161,True,294,8807
1586,306.55000000000007,3161,True,293,8813
1587,132.35,1408,False,127,8816
1588,305.00000000000006,3161,True,335,8823
1589,307.2,3161,True,296,8829
1590,306.1,3161,True,278,8835
1591,61.2,694,False,77,8837
1592,306.7,3161,True,324,8844
1593,305.45000000000005,3161,True,315,8851
1594,306.5,3161,True,306,8858
1595,60.19999999999999,689,False,74,8860
1596,307.25,3161,True,283,8866
1597,186.30000000000004,1954,False,173,8870
1598,60.25000000000001,678,False,58,8872
1599,24.75,313,False,27,8873
1600,307.3,3161,True,295,8879
1601,186.7,1959,False,170,8883
1602,306.30000000000007,3161,True,320,8890
1603,168.85000000000002,1782,False,170,8894
1604,104.35000000000001,1129,False,111,8897
1605,306.95,3161,True,298,8903
1606,306.8500000000001,3161,True,278,8909
1607,306.2,3161,True,298,8915
1608,62.100000000000016,708,False,75,8917
1609,105.60000000000001,1126,False,104,8920
1610,237.65000000000003,2467,False,220,8925
1611,306.35,3161,True,276,8931
1612,305.75000000000006,3161,True,309,8938
1613,192.95000000000002,2020,False,183,8942
1614,305.6,3161,True,326,8949
1615,61.05,691,False,78,8951
1616,307.30000000000007,3161,True,292,8957
1617,306.15000000000003,3161,True,285,8963
1618,306.6,3161,True,276,8969
1619,306.5,3161,True,285,8975
1620,305.65,3161,True,338,8982
1621,185.95,1959,False,170,8986
1622,306.45,3161,True,323,8993
1623,60.30000000000001,682,False,58,8995
1624,307.25,3161,True,284,9001
1625,307.1,3161,True,278,9007
1626,305.90000000000003,3161,True,290,9013
1627,307.1,3161,True,276,9019
1628,168.95000000000002,1782,False,167,9023
1629,306.4,3161,True,286,9029
1630,186.45,1959,False,170,9033
1631,307.1,3161,True,276,9039
1632,305.75,3161,True,276,9045
1633,306.6,3161,True,276,9051
1634,306.85,3161,True,276,9057
1635,305.75000000000006,3161,True,277,9063
1636,304.49999999999994,3161,True,360,9071
1637,171.50000000000003,1798,False,176,9075
1638,59.650000000000006,682,False,59,9077
1639,306.70000000000005,3161,True,325,9084
1640,305.8,3161,True,290,9090
1641,134.75,1432,False,145,9093
1642,237.3,2469,False,226,9098
1643,306.25,3161,True,277,9104
1644,265.50000000000006,2763,False,255,9110
1645,306.1,3161,True,278,9116
1646,264.65000000000003,2759,False,262,9122
1647,304.9,3161,True,390,9130
1648,186.65,1960,False,171,9134
1649,135.1,1434,False,127,9137
1650,186.40000000000003,1955,False,172,9141
1651,237.35000000000002,2473,False,234,9146
1652,104.80000000000001,1136,False,106,9149
1653,306.35,3161,True,296,9155
1654,186.0,1956,False,172,9159
1655,307.50000000000006,3161,True,283,9165
1656,306.00000000000006,3161,True,284,9171
1657,305.70000000000005,3161,True,300,9177
1658,307.50000000000006,3161,True,282,9183
1659,305.4,3161,True,315,9190
1660,306.35,3161,True,278,9196
1661,307.35,3161,True,276,9202
1662,305.85,3161,True,300,9208
1663,306.2,3161,True,298,9214
1664,302.6,3161,True,425,9223
1665,307.1,3161,True,276,9229
1666,306.35,3161,True,276,9235
1667,305.75000000000006,3161,True,305,9242
1668,306.09999999999997,3161,True,305,9249
1669,305.35,3161,True,330,9256
1670,306.75000000000006,3161,True,281,9262
1671,305.95000000000005,3161,True,298,9268
1672,186.25,1957,False,178,9272
1673,306.40000000000003,3161,True,313,9279
1674,306.50000000000006,3161,True,280,9285
1675,306.6,3161,True,279,9291
1676,305.75,3161,True,277,9297
1677,193.0,2019,False,181,9301
1678,306.6,3161,True,278,9307
1679,169.65,1786,False,160,9311
1680,169.75,1787,False,159,9315
1681,305.6000000000001,3161,True,329,9322
1682,304.34999999999997,3161,True,347,9329
1683,307.1,3161,True,277,9335
1684,105.15,1136,False,104,9338
1685,306.55,3161,True,294,9344
1686,307.40000000000003,3161,True,288,9350
1687,185.20000000000002,1954,False,175,9354
1688,306.85,3161,True,303,9361
1689,306.85,3161,True,277,9367
1690,305.40000000000003,3161,True,287,9373
1691,306.3500000000001,3161,True,305,9380
1692,306.45,3161,True,299,9386
1693,186.45,1959,False,170,9390
1694,186.00000000000003,1958,False,176,9394
1695,306.70000000000005,3161,True,296,9400
1696,306.35,3161,True,280,9406
1697,193.70000000000002,2026,False,183,9410
1698,305.05,3161,True,345,9417
1699,306.15000000000003,3161,True,286,9423
1700,306.80000000000007,3161,True,291,9429
1701,306.85,3161,True,280,9435
1702,168.95000000000002,1792,False,173,9439
1703,187.6,1957,False,170,9443
1704,306.35,3161,True,300,9449
1705,304.8,3161,True,314,9456
1706,185.85000000000002,1956,False,187,9460
1707,171.8,1797,False,157,9464
1708,306.1,3161,True,278,9470
1709,305.1,3161,True,299,9476
1710,307.35,3161,True,278,9482
1711,234.90000000000003,2470,False,306,9489
1712,305.8,3161,True,317,9496
1713,307.1,3161,True,279,9502
1714,305.95000000000005,3161,True,298,9508
1715,306.25,3161,True,284,9514
1716,305.25,3161,True,329,9521
1717,134.35,1429,False,128,9524
1718,134.5,1433,False,127,9527
1719,306.6500000000001,3161,True,287,9533
1720,187.4,1960,False,171,9537
1721,306.4,3161,True,287,9543
1722,306.25,3161,True,307,9550
1723,306.6,3161,True,276,9556
1724,186.2,1959,False,170,9560
1725,306.25,3161,True,276,9566
1726,305.90000000000003,3161,True,290,9572
1727,307.35,3161,True,279,9578
1728,186.2,1959,False,170,9582
1729,307.00000000000006,3161,True,280,9588
1730,305.75000000000006,3161,True,305,9595
1731,306.65000000000003,3161,True,288,9601
1732,235.85000000000002,2470,False,269,9607
1733,306.35,3161,True,276,9613
1734,305.8,3161,True,319,9620
1735,186.7,1958,False,170,9624
1736,306.8500000000001,3161,True,279,9630
1737,134.5,1433,False,129,9633
1738,306.1500000000001,3161,True,313,9640
1739,305.59999999999997,3161,True,322,9647
1740,105.00000000000001,1137,False,105,9650
1741,307.00000000000006,3161,True,284,9656
1742,305.65000000000003,3161,True,312,9663
1743,307.05,3161,True,292,9669
1744,60.35000000000001,689,False,81,9671
1745,134.4,1427,False,129,9674
1746,24.45,310,False,28,9675
1747,308.00000000000006,3161,True,282,9681
1748,306.00000000000006,3161,True,277,9687
1749,306.6,3161,True,276,9693
1750,132.20000000000002,1409,False,129,9696
1751,306.85,3161,True,276,9702
1752,306.4,3161,True,286,9708
1753,305.65000000000003,3161,True,315,9715
1754,305.85,3161,True,303,9722
1755,104.75,1127,False,106,9725
1756,307.6,3161,True,276,9731
1757,235.65,2473,False,272,9737
1758,306.0,3161,True,308,9744
1759,305.25,3161,True,302,9751
1760,135.15000000000003,1433,False,135,9754
1761,104.45000000000002,1129,False,126,9757
1762,307.35,3161,True,276,9763
1763,306.59999999999997,3161,True,278,9769
1764,306.15000000000003,3161,True,286,9775
1765,306.30000000000007,3161,True,293,9781
1766,133.75,1423,False,127,9784
1767,307.05000000000007,3161,True,293,9790
1768,305.85,3161,True,279,9796
1769,306.75000000000006,3161,True,285,9802
1770,306.70000000000005,3161,True,298,9808
1771,306.0,3161,True,283,9814
1772,306.85,3161,True,276,9820
1773,306.85,3161,True,277,9826
1774,184.85000000000002,1954,False,176,9830
1775,306.90000000000003,3161,True,283,9836
1776,305.80000000000007,3161,True,290,9842
1777,134.85,1434,False,127,9845
1778,306.35,3161,True,276,9851
1779,307.35,3161,True,276,9857
1780,305.4,3161,True,310,9864
1781,306.15000000000003,3161,True,314,9871
1782,235.95000000000005,2468,False,260,9877
1783,306.05,3161,True,316,9884
1784,236.70000000000002,2468,False,227,9889
1785,306.5,3161,True,284,9895
1786,232.00000000000003,2471,False,452,9905
1787,306.1000000000001,3161,True,301,9912
1788,187.15,1960,False,171,9916
1789,306.05,3161,True,294,9922
1790,306.55,3161,True,292,9928
1791,104.45000000000002,1129,False,110,9931
1792,307.65,3161,True,287,9937
1793,193.15,2018,False,182,9941
1794,142.15,1524,False,136,9944
1795,237.65,2469,False,228,9949
1796,134.6,1434,False,127,9952
1797,105.2,1128,False,104,9955
1798,192.75,2009,False,190,9959
1799,102.95000000000002,1126,False,150,9962
1800,104.95,1128,False,104,9965
1801,307.20000000000005,3161,True,298,9971
1802,306.35,3161,True,278,9977
1803,306.85,3161,True,276,9983
1804,306.05,3161,True,291,9989
1805,305.25,3161,True,359,9997
1806,304.85,3161,True,296,10003
1807,305.35,3161,True,324,10010
1808,306.50000000000006,3161,True,276,10016
1809,306.35,3161,True,276,10022
1810,306.25000000000006,3161,True,280,10028
1811,170.1,1789,False,159,10032
1812,306.20000000000005,3161,True,296,10038
1813,186.15,1955,False,170,10042
1814,307.1,3161,True,276,10048
1815,193.05,2022,False,180,10052
1816,306.35,3161,True,276,10058
1817,306.25,3161,True,277,10064
1818,185.95000000000002,1958,False,172,10068
1819,306.85,3161,True,276,10074
1820,62.35,705,False,82,10076
1821,170.15000000000003,1778,False,164,10080
1822,304.9,3161,True,309,10087
1823,307.1,3161,True,276,10093
1824,185.45,1954,False,172,10097
1825,306.40000000000003,3161,True,282,10103
1826,186.4,1954,False,171,10107
1827,306.35,3161,True,304,10114
1828,305.65000000000003,3161,True,286,10120
1829,306.09999999999997,3161,True,302,10127
1830,306.75000000000006,3161,True,281,10133
1831,236.95000000000002,2473,False,253,10139
1832,186.4,1955,False,170,10143
1833,305.70000000000005,3161,True,291,10149
1834,237.15000000000003,2470,False,233,10154
1835,304.7,3161,True,325,10161
1836,306.30000000000007,3161,True,286,10167
1837,61.0,692,False,75,10169
1838,307.6,3161,True,279,10175
1839,132.6,1409,False,132,10178
1840,306.3,3161,True,342,10185
1841,305.5,3161,True,282,10191
1842,306.25000000000006,3161,True,283,10197
1843,170.25,1787,False,160,10201
1844,170.75,1796,False,166,10205
1845,105.50000000000001,1136,False,104,10208
1846,104.95000000000002,1130,False,112,10211
1847,104.65,1126,False,106,10214
1848,307.6,3161,True,276,10220
1849,305.90000000000003,3161,True,286,10226
1850,187.4,1960,False,171,10230
1851,306.0,3161,True,283,10236
1852,306.90000000000003,3161,True,288,10242
1853,305.75,3161,True,332,10249
1854,305.25,3161,True,278,10255
1855,307.0,3161,True,281,10261
1856,305.75000000000006,3161,True,305,10268
1857,306.8,3161,True,294,10274
1858,304.6,3161,True,298,10280
1859,104.35000000000001,1124,False,113,10283
1860,306.55000000000007,3161,True,289,10289
1861,192.20000000000002,2020,False,176,10293
1862,307.4,3161,True,288,10299
1863,236.60000000000002,2470,False,271,10305
1864,304.4,3161,True,306,10312
1865,184.45000000000002,1939,False,179,10316
1866,307.05000000000007,3161,True,291,10322
1867,305.6000000000001,3161,True,326,10329
1868,305.65000000000003,3161,True,285,10335
1869,306.85,3161,True,276,10341
1870,306.84999999999997,3161,True,279,10347
1871,104.25000000000001,1127,False,106,10350
1872,170.65,1786,False,159,10354
1873,306.35,3161,True,276,10360
1874,186.95,1959,False,170,10364
1875,23.849999999999998,314,False,28,10365
1876,145.2,1526,False,135,10368
1877,306.1,3161,True,329,10375
1878,306.6,3161,True,280,10381
1879,132.1,1408,False,129,10384
1880,305.4000000000001,3161,True,308,10391
1881,60.75,689,False,92,10393
1882,105.50000000000001,1134,False,112,10396
1883,306.25,3161,True,335,10403
1884,104.60000000000001,1127,False,104,10406
1885,306.8500000000001,3161,True,296,10412
1886,304.40000000000003,3161,True,335,10419
1887,186.05,1957,False,180,10423
1888,306.30000000000007,3161,True,294,10429
1889,306.05,3161,True,318,10436
1890,306.35,3161,True,300,10442
1891,304.90000000000003,3161,True,336,10449
1892,134.75,1433,False,127,10452
1893,307.1,3161,True,277,10458
1894,104.85000000000002,1128,False,107,10461
1895,185.5,1948,False,176,10465
1896,306.0,3161,True,306,10472
1897,23.599999999999998,309,False,27,10473
1898,307.29999999999995,3161,True,291,10479
1899,306.65,3161,True,287,10485
1900,305.45,3161,True,291,10491
1901,305.3500000000001,3161,True,323,10498
1902,306.3,3161,True,316,10505
1903,305.05,3161,True,319,10512
1904,306.15,3161,True,311,10519
1905,306.15000000000003,3161,True,284,10525
1906,305.40000000000003,3161,True,284,10531
1907,306.85,3161,True,280,10537
1908,104.7,1128,False,104,10540
1909,307.25,3161,True,282,10546
1910,305.75000000000006,3161,True,278,10552
1911,305.65000000000003,3161,True,310,10559
1912,306.50000000000006,3161,True,281,10565
1913,235.85,2469,False,291,10571
1914,236.60000000000002,2471,False,221,10576
1915,307.34999999999997,3161,True,278,10582
1916,306.15000000000003,3161,True,287,10588
1917,305.9,3161,True,315,10595
1918,104.60000000000001,1127,False,104,10598
1919,186.5,1959,False,190,10602
1920,235.15000000000003,2470,False,327,10609
1921,307.1,3161,True,279,10615
1922,134.20000000000002,1435,False,129,10618
1923,306.25,3161,True,335,10625
1924,306.75000000000006,3161,True,281,10631
1925,306.30000000000007,3161,True,294,10637
1926,305.7,3161,True,325,10644
1927,306.35,3161,True,276,10650
1928,306.25000000000006,3161,True,310,10657
1929,301.6000000000001,3161,True,472,10667
1930,305.8,3161,True,320,10674
1931,305.45000000000005,3161,True,318,10681
1932,306.25,3161,True,282,10687
1933,306.85,3161,True,276,10693
1934,306.00000000000006,3161,True,278,10699
1935,306.75000000000006,3161,True,283,10705
1936,306.1000000000001,3161,True,304,10712
1937,236.40000000000003,2469,False,221,10717
1938,305.95000000000005,3161,True,325,10724
1939,306.50000000000006,3161,True,282,10730
1940,306.1,3161,True,276,10736
1941,305.8,3161,True,286,10742
1942,306.6,3161,True,303,10749
1943,184.75,1942,False,177,10753
1944,106.9,1152,False,103,10756
1945,306.0,3161,True,383,10764
1946,305.65000000000003,3161,True,288,10770
1947,306.00000000000006,3161,True,277,10776
1948,306.00000000000006,3161,True,278,10782
1949,306.6,3161,True,279,10788
1950,306.40000000000003,3161,True,285,10794
1951,185.00000000000003,1953,False,177,10798
1952,307.15000000000003,3161,True,286,10804
1953,306.6,3161,True,279,10810
1954,306.65000000000003,3161,True,289,10816
1955,306.6,3161,True,278,10822
1956,305.05,3161,True,311,10829
1957,237.8,2472,False,221,10834
1958,305.9000000000001,3161,True,313,10841
1959,306.0,3161,True,277,10847
1960,306.6,3161,True,277,10853
1961,306.0,3161,True,277,10859
1962,134.35,1434,False,128,10862
1963,305.80000000000007,3161,True,313,10869
1964,306.00000000000006,3161,True,277,10875
1965,186.65,1960,False,171,10879
1966,307.0,3161,True,284,10885
1967,305.50000000000006,3161,True,278,10891
1968,170.45000000000002,1790,False,159,10895
1969,306.3,3161,True,290,10901
1970,304.95000000000005,3161,True,320,10908
1971,307.1,3161,True,276,10914
1972,305.00000000000006,3161,True,309,10921
1973,237.85000000000002,2470,False,222,10926
1974,306.1,3161,True,276,10932
1975,307.35,3161,True,276,10938
1976,306.35,3161,True,276,10944
1977,186.45,1959,False,170,10948
1978,306.80000000000007,3161,True,294,10954
1979,306.00000000000006,3161,True,283,10960
1980,186.25,1952,False,175,10964
1981,306.40000000000003,3161,True,313,10971
1982,304.95000000000005,3161,True,324,10978
1983,306.09999999999997,3161,True,328,10985
1984,23.1,309,False,27,10986
1985,238.25,2471,False,230,10991
1986,305.1,3161,True,354,10999
1987,305.75000000000006,3161,True,278,11005
1988,306.35,3161,True,279,11011
1989,306.5,3161,True,308,11018
1990,306.6,3161,True,279,11024
1991,305.55,3161,True,319,11031
1992,307.00000000000006,3161,True,284,11037
1993,306.59999999999997,3161,True,278,11043
1994,133.9,1433,False,132,11046
1995,133.10000000000002,1409,False,131,11049
1996,62.60000000000001,708,False,72,11051
1997,307.1,3161,True,300,11057
1998,306.70000000000005,3161,True,300,11063
1999,169.0,1788,False,161,11067
2000,306.80000000000007,3161,True,293,11073
2001,306.55000000000007,3161,True,294,11079
2002,193.15,2027,False,177,11083
2003,306.3,3161,True,317,11090
2004,305.55000000000007,3161,True,320,11097
