0,40.89999999999999,482,False,94,2
1,15.399999999999999,210,False,20,3
2,12.899999999999999,195,False,19,4
3,13.399999999999999,194,False,19,5
4,40.199999999999996,482,False,155,9
5,12.2,189,False,23,10
6,13.399999999999999,195,False,19,11
7,13.399999999999999,195,False,19,12
8,59.99999999999999,677,False,123,15
9,81.94999999999999,884,False,173,19
10,78.14999999999999,899,False,188,23
11,12.299999999999999,194,False,20,24
12,12.7,189,False,23,25
13,20.349999999999998,258,False,37,26
14,11.950000000000001,188,False,23,27
15,13.299999999999997,193,False,20,28
16,12.599999999999998,188,False,23,29
17,11.6,178,False,26,30
18,77.24999999999999,896,False,366,38
19,56.65,680,False,242,43
20,58.900000000000006,660,False,94,45
21,39.8,482,False,121,48
22,60.05,668,False,136,51
23,56.949999999999996,672,False,140,54
24,13.7,198,False,19,55
25,14.2,198,False,19,56
26,54.099999999999994,649,False,234,61
27,58.69999999999999,667,False,114,64
28,92.10000000000001,984,False,110,67
29,83.75,908,False,151,71
30,10.45,198,False,19,72
31,81.10000000000001,884,False,155,76
32,13.899999999999999,210,False,20,77
33,59.349999999999994,677,False,117,80
34,41.199999999999996,482,False,102,83
35,79.9,892,False,152,87
36,86.8,949,False,145,90
37,13.349999999999998,197,False,25,91
38,12.899999999999999,194,False,19,92
39,15.399999999999999,210,False,20,93
40,57.85000000000001,675,False,185,97
41,11.95,183,False,23,98
42,57.55,648,False,120,101
43,82.19999999999999,910,False,127,104
44,11.85,181,False,25,105
45,84.6,894,False,129,108
46,55.1,668,False,125,111
47,60.0,675,False,140,114
48,11.500000000000002,186,False,22,115
49,13.7,198,False,19,116
50,41.8,482,False,73,118
51,82.69999999999999,900,False,229,123
52,110.3,1197,False,156,127
53,79.95,898,False,191,131
54,12.649999999999999,210,False,20,132
55,81.25000000000001,896,False,118,135
56,59.95,677,False,111,138
57,58.64999999999999,675,False,167,142
58,12.95,198,False,19,143
59,13.399999999999999,195,False,19,144
60,42.050000000000004,482,False,73,146
61,12.35,192,False,19,147
62,85.00000000000001,893,False,105,150
63,9.899999999999999,195,False,19,151
64,60.1,675,False,108,154
65,83.05000000000001,908,False,87,156
66,13.45,198,False,19,157
67,13.499999999999998,196,False,19,158
68,57.35,650,False,108,161
69,81.3,893,False,125,164
70,85.20000000000002,906,False,110,167
71,10.95,198,False,19,168
72,61.05,675,False,96,170
73,82.95,906,False,84,172
74,12.399999999999999,195,False,19,173
75,84.55,908,False,161,177
76,55.150000000000006,654,False,117,180
77,13.7,198,False,19,181
78,13.7,198,False,19,182
79,83.1,909,False,129,185
80,12.399999999999999,195,False,19,186
81,13.2,193,False,19,187
82,59.900000000000006,675,False,117,190
83,60.2,675,False,78,192
84,88.2,942,False,144,195
85,84.30000000000001,944,False,125,198
86,81.4,890,False,91,200
87,81.5,908,False,177,204
88,11.500000000000002,186,False,22,205
89,13.7,198,False,19,206
90,59.5,674,False,110,209
91,14.2,198,False,19,210
92,13.2,198,False,19,211
93,13.7,198,False,19,212
94,40.89999999999999,482,False,94,214
95,81.45,898,False,145,217
96,88.0,954,False,133,220
97,59.349999999999994,676,False,114,223
98,58.0,677,False,148,226
99,13.7,198,False,19,227
100,82.45,877,False,170,231
101,79.95,907,False,113,234
102,37.85,482,False,231,239
103,11.35,182,False,24,240
104,14.2,198,False,19,241
105,13.2,198,False,19,242
106,13.399999999999999,194,False,19,243
107,82.35,905,False,132,246
108,83.20000000000002,903,False,95,248
109,12.95,198,False,19,249
110,84.55000000000001,892,False,83,251
111,10.95,198,False,19,252
112,14.2,198,False,19,253
113,83.2,907,False,119,256
114,86.64999999999999,956,False,148,259
115,40.449999999999996,482,False,104,262
116,60.65,681,False,105,265
117,59.300000000000004,673,False,111,268
118,86.5,948,False,185,272
119,56.3,660,False,148,275
120,14.649999999999999,210,False,20,276
121,88.44999999999999,932,False,115,279
122,56.39999999999999,671,False,71,281
123,58.75,673,False,153,285
124,84.2,905,False,160,289
125,82.80000000000001,910,False,146,292
126,10.7,198,False,19,293
127,84.2,897,False,139,296
128,11.099999999999998,207,False,20,297
129,57.15,662,False,209,302
130,81.05,884,False,142,305
131,10.299999999999999,185,False,22,306
132,13.899999999999999,201,False,24,307
133,58.5,661,False,92,309
134,82.75,897,False,105,312
135,59.8,680,False,122,315
136,93.25000000000001,991,False,118,318
137,9.4,186,False,22,319
138,82.19999999999999,908,False,168,323
139,12.199999999999998,189,False,21,324
140,83.05,909,False,141,327
141,57.9,670,False,168,331
142,12.649999999999999,195,False,19,332
143,59.550000000000004,663,False,90,334
144,54.949999999999996,649,False,176,338
145,56.74999999999999,646,False,146,341
146,41.3,482,False,75,343
147,12.95,198,False,19,344
148,80.35,876,False,268,350
149,55.35,662,False,94,352
150,57.699999999999996,657,False,140,355
151,59.800000000000004,673,False,64,357
152,86.5,942,False,126,360
153,59.89999999999999,672,False,78,362
154,58.95,676,False,132,365
155,60.35,678,False,123,368
156,58.150000000000006,666,False,100,370
157,59.349999999999994,673,False,96,372
158,60.60000000000001,674,False,76,374
159,14.399999999999999,210,False,20,375
160,79.75000000000001,871,False,122,378
161,12.45,198,False,19,379
162,57.80000000000001,978,False,2005,420
163,8.2,198,False,19,421
164,13.399999999999999,195,False,19,422
165,12.7,189,False,23,423
166,88.39999999999999,943,False,114,426
167,38.85,482,False,132,429
168,14.649999999999999,210,False,20,430
169,11.499999999999996,182,False,23,431
170,40.9,482,False,94,433
171,55.79999999999999,642,False,186,437
172,12.7,198,False,19,438
173,60.900000000000006,678,False,108,441
174,59.599999999999994,674,False,80,443
175,59.25,664,False,113,446
176,11.15,186,False,22,447
177,15.399999999999999,210,False,20,448
178,83.7,911,False,106,451
179,79.75,898,False,181,455
180,77.60000000000001,851,False,127,458
181,12.649999999999999,195,False,19,459
182,54.55000000000001,978,False,2005,500
183,9.850000000000003,183,False,23,501
184,60.300000000000004,681,False,155,505
185,92.55,986,False,159,509
186,83.0,957,False,221,514
187,10.949999999999998,183,False,23,515
188,13.7,198,False,19,516
189,13.7,198,False,19,517
190,76.95,863,False,204,522
191,13.649999999999999,201,False,24,523
192,12.799999999999999,189,False,20,524
193,13.7,198,False,19,525
194,84.85,898,False,96,527
195,10.649999999999999,195,False,19,528
196,13.7,198,False,19,529
197,58.599999999999994,663,False,124,532
198,60.14999999999999,683,False,132,535
199,81.19999999999999,889,False,126,538
200,10.85,182,False,24,539
201,12.799999999999999,189,False,20,540
202,13.7,198,False,19,541
203,13.7,198,False,19,542
204,39.4,458,False,66,544
205,13.2,198,False,19,545
206,42.150000000000006,482,False,69,547
207,11.749999999999998,186,False,23,548
208,40.9,482,False,94,550
209,13.7,198,False,19,551
210,57.94999999999999,671,False,208,556
211,58.65,663,False,87,558
212,13.2,198,False,19,559
213,59.400000000000006,675,False,118,562
214,83.25000000000001,909,False,157,566
215,11.649999999999999,191,False,22,567
216,42.05,482,False,75,569
217,59.599999999999994,683,False,146,572
218,59.14999999999999,678,False,131,575
219,58.49999999999999,680,False,189,579
220,85.6,910,False,131,582
221,54.349999999999994,656,False,139,585
222,80.3,870,False,156,589
223,76.7,870,False,109,592
224,79.25,878,False,208,597
225,58.0,679,False,132,600
226,81.3,881,False,106,603
227,12.7,198,False,19,604
228,12.599999999999998,188,False,23,605
229,84.7,898,False,146,608
230,37.8,482,False,100,610
231,59.7,676,False,156,614
232,58.5,676,False,117,617
233,81.45000000000002,891,False,113,620
234,60.05000000000001,672,False,58,622
235,14.899999999999999,210,False,20,623
236,59.89999999999999,672,False,89,625
237,13.2,198,False,19,626
238,13.7,198,False,19,627
239,60.55,676,False,103,630
240,11.649999999999999,185,False,23,631
241,13.399999999999999,195,False,19,632
242,13.799999999999997,194,False,25,633
243,14.899999999999999,210,False,20,634
244,82.45000000000002,892,False,164,638
245,77.45000000000002,867,False,93,640
246,58.95,677,False,138,643
247,11.549999999999999,185,False,22,644
248,82.85,899,False,176,648
249,76.15,853,False,147,651
250,81.30000000000001,889,False,105,654
251,11.3,190,False,22,655
252,85.49999999999999,916,False,120,658
253,11.7,198,False,19,659
254,60.85,679,False,102,662
255,11.649999999999999,185,False,23,663
256,82.45,907,False,187,667
257,85.15,942,False,126,670
258,59.05,656,False,84,672
259,12.45,198,False,19,673
260,58.35,655,False,116,676
261,40.699999999999996,482,False,103,679
262,59.55,676,False,102,682
263,59.15,669,False,113,685
264,93.94999999999999,988,False,144,688
265,82.15,943,False,115,691
266,60.199999999999996,677,False,113,694
267,91.0,988,False,180,698
268,81.0,906,False,116,701
269,60.95,681,False,85,703
270,12.7,198,False,19,704
271,60.05,677,False,131,707
272,88.30000000000001,956,False,139,710
273,38.75,472,False,51,712
274,13.7,198,False,19,713
275,13.7,198,False,19,714
276,89.14999999999999,959,False,140,717
277,59.099999999999994,682,False,116,720
278,14.649999999999999,210,False,20,721
279,79.65,870,False,100,723
280,58.55,679,False,191,727
281,59.75000000000001,679,False,107,730
282,40.55,482,False,100,732
283,60.3,677,False,111,735
284,82.95000000000002,909,False,147,738
285,11.95,198,False,19,739
286,60.55,683,False,136,742
287,80.95,903,False,172,746
288,58.75,678,False,151,750
289,40.8,482,False,125,753
290,13.45,198,False,19,754
291,39.9,482,False,120,757
292,13.7,198,False,19,758
293,80.8,881,False,135,761
294,12.7,198,False,19,762
295,15.399999999999999,210,False,20,763
296,81.55,884,False,219,768
297,79.54999999999998,915,False,147,771
298,82.8,905,False,121,774
299,60.05000000000001,672,False,58,776
300,59.10000000000001,675,False,132,779
301,89.9,957,False,152,783
302,79.7,906,False,106,786
303,81.35,894,False,155,790
304,84.5,911,False,141,793
305,79.0,896,False,120,796
306,56.49999999999999,678,False,280,802
307,60.05,677,False,85,804
308,81.9,887,False,179,808
309,37.65,482,False,94,810
310,13.7,198,False,19,811
311,82.25,893,False,106,814
312,12.95,198,False,19,815
313,13.7,198,False,19,816
314,54.55000000000001,978,False,2005,857
315,53.05,978,False,2005,898
316,10.7,198,False,19,899
317,81.94999999999999,893,False,121,902
318,59.55,679,False,94,904
319,82.15,893,False,114,907
320,59.9,678,False,107,910
321,60.15,676,False,98,912
322,86.25,945,False,116,915
323,59.15,676,False,121,918
324,13.2,198,False,19,919
325,13.7,198,False,19,920
326,61.05000000000001,672,False,58,922
327,59.25,677,False,98,924
328,42.949999999999996,482,False,79,926
329,39.449999999999996,482,False,102,929
330,86.65,945,False,119,932
331,40.7,482,False,103,935
332,12.75,196,False,19,936
333,13.7,198,False,19,937
334,60.7,676,False,81,939
335,60.75,681,False,120,942
336,11.05,185,False,24,943
337,15.399999999999999,210,False,20,944
338,40.900000000000006,482,False,68,946
339,12.7,189,False,23,947
340,60.8,680,False,98,949
341,13.2,198,False,19,950
342,15.399999999999999,210,False,20,951
343,82.89999999999999,903,False,107,954
344,12.399999999999999,194,False,19,955
345,84.10000000000001,907,False,93,957
346,12.299999999999999,193,False,19,958
347,12.3,185,False,22,959
348,13.7,198,False,19,960
349,60.6,677,False,143,963
350,58.099999999999994,672,False,142,966
351,83.10000000000001,909,False,101,969
352,80.45000000000002,888,False,124,972
353,59.550000000000004,672,False,59,974
354,13.7,198,False,19,975
355,57.5,652,False,98,977
356,12.499999999999998,187,False,23,978
357,41.89999999999999,482,False,68,980
358,13.2,198,False,19,981
359,59.89999999999999,676,False,122,984
360,81.84999999999998,889,False,104,987
361,12.45,198,False,19,988
362,41.95,482,False,76,990
363,13.95,208,False,20,991
364,61.75,677,False,71,993
365,39.199999999999996,482,False,152,997
366,12.95,198,False,19,998
367,56.05,653,False,188,1002
368,82.95,885,False,158,1006
369,56.99999999999999,674,False,107,1009
370,12.399999999999999,195,False,19,1010
371,87.75,945,False,121,1013
372,81.65,912,False,151,1017
373,13.2,198,False,19,1018
374,13.399999999999999,195,False,19,1019
375,40.39999999999999,482,False,120,1022
376,13.899999999999999,201,False,24,1023
377,59.99999999999999,676,False,142,1026
378,85.45,910,False,103,1029
379,57.45,682,False,111,1032
380,59.550000000000004,674,False,119,1035
381,86.05000000000001,911,False,126,1038
382,78.65,906,False,126,1041
383,92.60000000000001,987,False,121,1044
384,13.149999999999999,210,False,20,1045
385,13.2,198,False,19,1046
386,92.30000000000001,984,False,95,1048
387,81.7,906,False,132,1051
388,11.7,189,False,23,1052
389,59.75,671,False,93,1054
390,59.900000000000006,678,False,106,1057
391,58.05,665,False,121,1060
392,59.949999999999996,679,False,146,1063
393,12.95,198,False,19,1064
394,15.399999999999999,210,False,20,1065
395,41.65,482,False,68,1067
396,11.349999999999998,181,False,25,1068
397,60.7,672,False,62,1070
398,58.150000000000006,656,False,97,1072
399,14.649999999999999,210,False,20,1073
400,58.89999999999999,675,False,116,1076
401,12.100000000000003,183,False,23,1077
402,87.7,946,False,112,1080
403,81.6,885,False,185,1084
404,38.55,482,False,74,1086
405,58.349999999999994,673,False,125,1089
406,15.399999999999999,210,False,20,1090
407,104.45000000000002,1108,False,168,1094
408,38.150000000000006,482,False,68,1096
409,55.3,978,False,2005,1137
410,57.4,684,False,112,1140
411,41.45,482,False,103,1143
412,12.649999999999999,194,False,19,1144
413,85.0,908,False,153,1148
414,77.55,879,False,122,1151
415,14.649999999999999,210,False,20,1152
416,82.35000000000001,905,False,133,1155
417,60.150000000000006,677,False,130,1158
418,58.8,674,False,69,1160
419,84.35,902,False,141,1163
420,12.649999999999999,210,False,20,1164
421,85.75,911,False,141,1167
422,37.25,482,False,115,1170
423,39.949999999999996,482,False,153,1174
424,59.35,681,False,111,1177
425,59.3,677,False,134,1180
426,85.95,909,False,121,1183
427,57.89999999999999,681,False,121,1186
428,40.2,482,False,101,1189
429,57.949999999999996,662,False,119,1192
430,81.74999999999999,907,False,172,1196
431,12.95,198,False,19,1197
432,83.60000000000001,905,False,108,1200
433,58.400000000000006,674,False,111,1203
434,60.150000000000006,678,False,108,1206
435,81.60000000000001,889,False,176,1210
436,55.849999999999994,662,False,116,1213
437,83.35,911,False,138,1216
438,12.649999999999999,195,False,19,1217
439,61.2,677,False,68,1219
440,61.05,677,False,84,1221
441,84.05000000000001,895,False,98,1223
442,77.65,884,False,114,1226
443,14.649999999999999,210,False,20,1227
444,13.2,198,False,19,1228
445,15.399999999999999,210,False,20,1229
446,59.5,677,False,98,1231
447,60.45,675,False,126,1234
448,58.75,675,False,113,1237
449,87.2,946,False,112,1240
450,40.89999999999999,482,False,68,1242
451,59.349999999999994,677,False,144,1245
452,60.0,683,False,103,1248
453,89.35,947,False,170,1252
454,9.7,198,False,19,1253
455,60.75,679,False,134,1256
456,82.30000000000001,907,False,85,1258
457,83.8,910,False,123,1261
458,80.35,891,False,138,1264
459,12.7,198,False,19,1265
460,13.7,198,False,19,1266
461,41.4,482,False,94,1268
462,12.2,189,False,23,1269
463,60.65,672,False,80,1271
464,11.95,189,False,23,1272
465,13.7,198,False,19,1273
466,60.599999999999994,676,False,88,1275
467,81.79999999999998,892,False,107,1278
468,11.1,182,False,23,1279
469,59.099999999999994,674,False,129,1282
470,60.449999999999996,684,False,148,1285
471,59.75,684,False,106,1288
472,13.7,198,False,19,1289
473,13.7,198,False,19,1290
474,83.85000000000001,892,False,120,1293
475,38.9,482,False,94,1295
476,12.95,198,False,19,1296
477,60.449999999999996,673,False,91,1298
478,82.1,906,False,115,1301
479,60.5,674,False,84,1303
480,12.95,198,False,19,1304
481,88.7,960,False,155,1308
482,10.6,182,False,23,1309
483,15.399999999999999,210,False,20,1310
484,40.8,482,False,100,1312
485,60.65,678,False,85,1314
486,40.699999999999996,482,False,101,1317
487,12.95,198,False,19,1318
488,20.349999999999998,258,False,37,1319
489,12.95,198,False,19,1320
490,62.150000000000006,679,False,86,1322
491,59.1,680,False,106,1325
492,81.05,891,False,127,1328
493,14.399999999999999,210,False,20,1329
494,59.49999999999999,676,False,145,1332
495,59.849999999999994,681,False,113,1335
496,12.549999999999999,194,False,19,1336
497,80.6,869,False,210,1341
498,38.05,482,False,100,1343
499,59.60000000000001,673,False,96,1345
500,12.549999999999999,193,False,19,1346
501,83.8,910,False,122,1349
502,81.5,897,False,129,1352
503,60.55000000000001,677,False,59,1354
504,59.7,674,False,100,1356
505,84.25,893,False,104,1359
506,11.899999999999999,210,False,20,1360
507,14.899999999999999,210,False,20,1361
508,60.14999999999999,676,False,96,1363
509,40.7,482,False,102,1366
510,11.749999999999998,186,False,23,1367
511,15.399999999999999,210,False,20,1368
512,83.5,906,False,91,1370
513,59.8,677,False,84,1372
514,81.05000000000001,882,False,86,1374
515,13.45,198,False,19,1375
516,80.95,882,False,95,1377
517,39.699999999999996,482,False,152,1381
518,82.75,910,False,137,1384
519,81.55,892,False,135,1387
520,59.0,675,False,89,1389
521,58.849999999999994,675,False,108,1392
522,85.8,906,False,104,1395
523,12.399999999999999,210,False,20,1396
524,83.05000000000001,908,False,138,1399
525,80.15,880,False,95,1401
526,81.20000000000002,893,False,117,1404
527,82.8,890,False,149,1407
528,56.39999999999999,675,False,116,1410
529,13.2,198,False,19,1411
530,86.15,909,False,113,1414
531,58.05,681,False,102,1417
532,60.45,674,False,96,1419
533,80.0,887,False,125,1422
534,84.4,945,False,199,1426
535,40.65,482,False,94,1428
536,61.3,680,False,75,1430
537,60.349999999999994,682,False,95,1432
538,14.649999999999999,210,False,20,1433
539,13.2,198,False,19,1434
540,60.15,671,False,96,1436
541,59.349999999999994,677,False,93,1438
542,82.6,907,False,166,1442
543,11.100000000000003,183,False,23,1443
544,13.7,198,False,19,1444
545,13.7,198,False,19,1445
546,13.799999999999997,194,False,25,1446
547,83.50000000000001,908,False,101,1449
548,83.1,920,False,157,1453
549,59.6,674,False,101,1456
550,102.05,1106,False,158,1460
551,55.8,978,False,2005,1501
552,55.05,673,False,88,1503
553,60.2,684,False,172,1507
554,59.25,677,False,125,1510
555,12.95,198,False,19,1511
556,82.85,905,False,108,1514
557,59.85,679,False,105,1517
558,40.4,482,False,120,1520
559,60.0,675,False,89,1522
560,40.449999999999996,482,False,151,1526
561,60.6,683,False,121,1529
562,60.099999999999994,681,False,86,1531
563,40.8,482,False,100,1533
564,84.00000000000001,898,False,104,1536
565,12.649999999999999,210,False,20,1537
566,13.2,198,False,19,1538
567,83.69999999999999,908,False,119,1541
568,57.75,657,False,100,1543
569,115.99999999999999,1209,False,183,1547
570,36.650000000000006,482,False,68,1549
571,40.9,482,False,68,1551
572,60.15,680,False,145,1554
573,37.849999999999994,466,False,125,1557
574,58.900000000000006,675,False,168,1561
575,14.899999999999999,210,False,20,1562
576,92.80000000000001,974,False,121,1565
577,9.7,198,False,19,1566
578,58.650000000000006,661,False,122,1569
579,81.6,891,False,90,1571
580,81.0,893,False,127,1574
581,58.9,658,False,89,1576
582,40.15,482,False,68,1578
583,60.5,678,False,128,1581
584,40.4,482,False,68,1583
585,15.399999999999999,210,False,20,1584
586,14.899999999999999,210,False,20,1585
587,83.55,895,False,123,1588
588,58.4,680,False,116,1591
589,77.75,862,False,127,1594
590,12.7,198,False,19,1595
591,13.7,198,False,19,1596
592,80.65,882,False,129,1599
593,79.8,881,False,133,1602
594,91.0,991,False,141,1605
595,84.94999999999999,943,False,150,1608
596,40.9,482,False,68,1610
597,82.50000000000001,895,False,112,1613
598,79.0,875,False,119,1616
599,80.75,889,False,140,1619
600,58.849999999999994,674,False,103,1622
601,61.0,677,False,96,1624
602,40.55,482,False,100,1626
603,92.10000000000001,975,False,108,1629
604,10.45,198,False,19,1630
605,89.89999999999999,964,False,171,1634
606,78.60000000000001,883,False,123,1637
607,80.25,888,False,127,1640
608,85.95,940,False,127,1643
609,78.75,876,False,152,1647
610,39.5,472,False,104,1650
611,41.199999999999996,482,False,76,1652
612,82.50000000000001,905,False,86,1654
613,59.55,677,False,108,1657
614,83.45000000000002,908,False,93,1659
615,60.349999999999994,676,False,115,1662
616,12.399999999999999,195,False,19,1663
617,13.7,198,False,19,1664
618,15.399999999999999,210,False,20,1665
619,83.9,907,False,102,1668
620,59.39999999999999,672,False,87,1670
621,81.94999999999999,894,False,123,1673
622,56.95,659,False,97,1675
623,79.80000000000001,877,False,140,1678
624,84.35,907,False,116,1681
625,85.05000000000001,955,False,154,1685
626,78.25,868,False,140,1688
627,59.7,676,False,108,1691
628,39.39999999999999,470,False,96,1693
629,83.25,911,False,168,1697
630,81.35,911,False,114,1700
631,126.35000000000002,1340,False,160,1704
632,12.399999999999999,201,False,24,1705
633,83.05000000000001,912,False,157,1709
634,82.85,906,False,115,1712
635,81.1,895,False,133,1715
636,12.399999999999999,194,False,19,1716
637,60.449999999999996,677,False,115,1719
638,81.49999999999999,911,False,168,1723
639,60.95,679,False,99,1725
640,60.3,678,False,86,1727
641,13.2,198,False,19,1728
642,89.2,946,False,165,1732
643,81.79999999999998,933,False,150,1735
644,103.00000000000001,1108,False,151,1739
645,81.3,906,False,135,1742
646,79.4,883,False,162,1746
647,91.35,971,False,143,1749
648,37.199999999999996,482,False,127,1752
649,82.85,908,False,121,1755
650,82.5,906,False,119,1758
651,85.65,910,False,119,1761
652,56.999999999999986,676,False,119,1764
653,12.45,198,False,19,1765
654,81.80000000000001,889,False,117,1768
655,12.7,198,False,19,1769
656,85.39999999999999,907,False,151,1773
657,11.899999999999999,210,False,20,1774
658,39.849999999999994,468,False,77,1776
659,82.19999999999999,912,False,136,1779
660,15.149999999999999,210,False,20,1780
661,41.05,482,False,100,1782
662,81.54999999999998,898,False,138,1785
663,41.150000000000006,482,False,68,1787
664,81.25,892,False,122,1790
665,149.85,1560,False,181,1794
666,55.5,675,False,111,1797
667,60.4,675,False,91,1799
668,59.550000000000004,678,False,111,1802
669,82.8,887,False,157,1806
670,11.899999999999999,210,False,20,1807
671,40.449999999999996,482,False,127,1810
672,80.9,884,False,94,1812
673,88.60000000000001,943,False,152,1816
674,57.15,676,False,85,1818
675,83.5,909,False,110,1821
676,60.95,681,False,81,1823
677,11.049999999999999,185,False,22,1824
678,89.0,960,False,190,1828
679,78.95000000000002,888,False,119,1831
680,12.95,198,False,19,1832
681,59.599999999999994,675,False,110,1835
682,62.55,680,False,74,1837
683,87.95000000000002,941,False,107,1840
684,76.35,883,False,174,1844
685,84.55000000000001,895,False,102,1847
686,55.9,674,False,115,1850
687,84.10000000000001,904,False,78,1852
688,40.7,482,False,80,1854
689,85.8,940,False,157,1858
690,12.399999999999999,195,False,19,1859
691,83.35000000000002,910,False,109,1862
692,13.45,198,False,19,1863
693,82.5,908,False,154,1867
694,81.60000000000001,885,False,86,1869
695,89.4,969,False,116,1872
696,58.95,675,False,76,1874
697,83.95,915,False,128,1877
698,81.2,888,False,118,1880
699,82.5,906,False,119,1883
700,84.04999999999998,909,False,166,1887
701,82.25000000000001,911,False,145,1890
702,83.9,940,False,125,1893
703,82.2,911,False,131,1896
704,40.45,482,False,102,1899
705,12.95,198,False,19,1900
706,83.45,909,False,171,1904
707,89.05,948,False,123,1907
708,9.7,198,False,19,1908
709,84.4,907,False,101,1911
710,83.85,911,False,136,1914
711,79.44999999999999,894,False,121,1917
712,56.54999999999998,978,False,2005,1958
713,81.05000000000001,914,False,145,1961
714,87.9,969,False,91,1963
715,57.9,680,False,143,1966
716,82.65,907,False,132,1969
717,12.95,198,False,19,1970
718,125.30000000000001,1342,False,285,1976
719,81.8,910,False,100,1978
720,82.80000000000001,906,False,105,1981
721,82.1,894,False,101,1984
722,88.65,980,False,166,1988
723,12.45,198,False,19,1989
724,83.60000000000001,912,False,145,1992
725,13.2,198,False,19,1993
726,13.2,198,False,19,1994
727,13.7,198,False,19,1995
728,85.95,909,False,122,1998
729,82.2,908,False,119,2001
730,81.5,904,False,106,2004
731,80.69999999999999,905,False,129,2007
732,41.900000000000006,482,False,68,2009
733,41.3,482,False,73,2011
734,40.55,482,False,100,2013
735,39.3,482,False,146,2016
736,55.04999999999998,978,False,2005,2057
737,56.80000000000001,659,False,70,2059
738,59.85,674,False,80,2061
739,82.70000000000002,912,False,162,2065
740,41.05,482,False,73,2067
741,60.2,675,False,77,2069
742,40.45,482,False,103,2072
743,14.899999999999999,210,False,20,2073
744,90.09999999999998,955,False,165,2077
745,52.55000000000001,978,False,2005,2118
746,79.15,907,False,139,2121
747,39.25,467,False,79,2123
748,82.75000000000001,908,False,126,2126
749,84.9,907,False,129,2129
750,10.2,198,False,19,2130
751,85.15,908,False,132,2133
752,10.95,198,False,19,2134
753,88.3,958,False,162,2138
754,13.899999999999999,210,False,20,2139
755,13.2,198,False,19,2140
756,60.44999999999999,678,False,117,2143
757,12.95,198,False,19,2144
758,40.55,482,False,146,2147
759,89.5,958,False,103,2150
760,11.45,198,False,19,2151
761,83.69999999999999,912,False,138,2154
762,81.65,881,False,179,2158
763,83.85,944,False,129,2161
764,12.2,198,False,19,2162
765,40.900000000000006,482,False,94,2164
766,87.55000000000001,943,False,115,2167
767,56.55000000000001,978,False,2005,2208
768,8.7,198,False,19,2209
769,61.5,681,False,93,2211
770,82.1,908,False,123,2214
771,79.60000000000001,877,False,116,2217
772,12.7,198,False,19,2218
773,13.7,198,False,19,2219
774,39.75000000000001,457,False,56,2221
775,85.15,911,False,147,2224
776,81.8,897,False,108,2227
777,56.1,675,False,107,2230
778,60.2,674,False,98,2232
779,60.45,677,False,87,2234
780,85.55,938,False,161,2238
781,58.800000000000004,680,False,122,2241
782,41.55,482,False,74,2243
783,12.95,198,False,19,2244
784,79.69999999999999,878,False,179,2248
785,41.15,482,False,68,2250
786,40.7,482,False,102,2253
787,126.2,1339,False,172,2257
788,53.04999999999998,978,False,2005,2298
789,38.9,482,False,68,2300
790,14.899999999999999,210,False,20,2301
791,77.35,858,False,133,2304
792,60.5,682,False,121,2307
793,12.95,198,False,19,2308
794,83.94999999999999,908,False,118,2311
795,59.9,679,False,89,2313
796,80.75,896,False,167,2317
797,84.9,943,False,165,2321
798,82.05,901,False,180,2325
799,58.0,673,False,103,2328
800,85.69999999999999,908,False,141,2331
801,79.75,906,False,119,2334
802,60.25,672,False,72,2336
803,14.149999999999999,210,False,20,2337
804,41.650000000000006,482,False,68,2339
805,59.6,675,False,108,2342
806,84.6,907,False,141,2345
807,80.60000000000001,905,False,90,2347
808,40.9,482,False,95,2349
809,12.35,192,False,19,2350
810,83.9,906,False,100,2352
811,53.80000000000001,978,False,2005,2393
812,52.79999999999998,978,False,2005,2434
813,52.30000000000001,978,False,2005,2475
814,9.7,189,False,23,2476
815,39.8,482,False,146,2479
816,83.80000000000001,905,False,96,2481
817,12.599999999999998,197,False,19,2482
818,60.400000000000006,681,False,149,2485
819,60.199999999999996,680,False,104,2488
820,40.45,482,False,103,2491
821,83.05000000000001,906,False,104,2494
822,60.45,679,False,80,2496
823,80.3,892,False,156,2500
824,12.95,198,False,19,2501
825,60.1,676,False,114,2504
826,12.2,189,False,23,2505
827,89.9,969,False,146,2508
828,86.3,957,False,137,2511
829,13.2,198,False,19,2512
830,60.7,683,False,93,2514
831,36.099999999999994,464,False,263,2520
832,57.54999999999998,978,False,2005,2561
833,78.2,910,False,105,2564
834,12.95,198,False,19,2565
835,60.3,677,False,133,2568
836,58.8,680,False,147,2571
837,14.899999999999999,210,False,20,2572
838,40.8,482,False,96,2574
839,61.35000000000001,678,False,76,2576
840,12.45,198,False,19,2577
841,13.7,198,False,19,2578
842,60.900000000000006,675,False,66,2580
843,80.65,859,False,124,2583
844,79.4,904,False,118,2586
845,15.149999999999999,210,False,20,2587
846,80.65,879,False,88,2589
847,12.95,198,False,19,2590
848,82.75000000000001,908,False,155,2594
849,59.24999999999999,674,False,132,2597
850,89.64999999999999,970,False,122,2600
851,78.14999999999999,851,False,138,2603
852,79.55,908,False,170,2607
853,83.4,907,False,105,2610
854,82.65,912,False,128,2613
855,40.55,482,False,100,2615
856,58.65,673,False,106,2618
857,82.35,895,False,134,2621
858,40.8,482,False,73,2623
859,12.95,198,False,19,2624
860,88.70000000000002,960,False,151,2628
861,86.75000000000001,956,False,144,2631
862,12.45,198,False,19,2632
863,60.55,671,False,78,2634
864,78.60000000000001,871,False,170,2638
865,81.85000000000002,897,False,95,2640
866,39.94999999999999,482,False,129,2643
867,60.25000000000001,680,False,115,2646
868,79.49999999999999,871,False,152,2650
869,11.7,198,False,19,2651
870,13.7,198,False,19,2652
871,80.35,869,False,138,2655
872,13.649999999999999,210,False,20,2656
873,60.05,677,False,133,2659
874,88.75,971,False,150,2662
875,86.55000000000001,955,False,160,2666
876,59.95000000000001,677,False,61,2668
877,41.3,482,False,73,2670
878,111.25,1195,False,163,2674
879,14.149999999999999,210,False,20,2675
880,41.55,482,False,74,2677
881,41.150000000000006,482,False,68,2679
882,83.40000000000002,905,False,95,2681
883,82.15,897,False,101,2684
884,10.849999999999998,181,False,25,2685
885,41.55,482,False,100,2687
886,80.45,881,False,113,2690
887,59.0,680,False,115,2693
888,81.05,884,False,128,2696
889,12.049999999999999,189,False,20,2697
890,13.7,198,False,19,2698
891,79.7,870,False,111,2701
892,13.2,198,False,19,2702
893,82.95000000000002,905,False,128,2705
894,86.55000000000001,943,False,143,2708
895,90.35,959,False,139,2711
896,77.55000000000001,880,False,204,2716
897,54.900000000000006,659,False,88,2718
898,85.65,908,False,134,2721
899,38.9,482,False,68,2723
900,87.80000000000001,962,False,164,2727
901,60.44999999999999,678,False,69,2729
902,79.15,870,False,99,2731
903,82.85000000000001,906,False,113,2734
904,59.8,678,False,122,2737
905,12.299999999999999,193,False,19,2738
906,58.30000000000001,978,False,2005,2779
907,9.399999999999999,210,False,20,2780
908,13.2,198,False,19,2781
909,60.150000000000006,677,False,105,2784
910,83.1,909,False,133,2787
911,80.64999999999999,883,False,165,2791
912,81.2,905,False,135,2794
913,14.399999999999999,210,False,20,2795
914,41.050000000000004,482,False,99,2797
915,78.35,861,False,122,2800
916,12.7,198,False,19,2801
917,41.4,482,False,68,2803
918,12.4,186,False,22,2804
919,84.80000000000001,910,False,122,2807
920,83.65,909,False,161,2811
921,57.55,682,False,82,2813
922,13.2,198,False,19,2814
923,79.15,855,False,202,2819
924,10.45,198,False,19,2820
925,128.95000000000002,1318,False,280,2826
926,78.80000000000001,909,False,120,2829
927,78.55000000000001,892,False,92,2831
928,57.400000000000006,656,False,79,2833
929,13.7,198,False,19,2834
930,88.20000000000002,932,False,118,2837
931,58.699999999999996,677,False,87,2839
932,83.1,893,False,124,2842
933,38.55,482,False,76,2844
934,84.44999999999999,911,False,185,2848
935,82.25,944,False,215,2853
936,59.099999999999994,678,False,100,2855
937,80.2,880,False,161,2859
938,82.20000000000002,909,False,147,2862
939,80.1,895,False,156,2866
940,12.95,198,False,19,2867
941,60.550000000000004,674,False,93,2869
942,80.6,891,False,145,2872
943,79.3,887,False,165,2876
944,13.45,198,False,19,2877
945,82.85,912,False,141,2880
946,13.95,198,False,19,2881
947,83.4,903,False,85,2883
948,12.7,198,False,19,2884
949,61.55000000000001,679,False,91,2886
950,14.149999999999999,210,False,20,2887
951,110.2,1184,False,152,2891
952,60.650000000000006,677,False,77,2893
953,87.85000000000001,937,False,123,2896
954,78.85000000000001,889,False,101,2899
955,82.45,907,False,114,2902
956,12.7,198,False,19,2903
957,84.45,893,False,123,2906
958,57.60000000000001,675,False,84,2908
959,81.1,906,False,163,2912
960,82.1,889,False,110,2915
961,112.19999999999999,1202,False,160,2919
962,40.4,482,False,68,2921
963,59.599999999999994,678,False,122,2924
964,58.55,667,False,109,2927
965,12.799999999999999,194,False,19,2928
966,85.2,908,False,166,2932
967,58.00000000000001,680,False,86,2934
968,40.9,482,False,68,2936
969,88.9,968,False,169,2940
970,77.89999999999999,864,False,122,2943
971,12.7,198,False,19,2944
972,54.55,978,False,2005,2985
973,38.64999999999999,482,False,94,2987
974,87.15,946,False,135,2990
975,82.94999999999999,913,False,141,2993
976,83.30000000000001,906,False,86,2995
977,87.7,955,False,136,2998
978,81.05000000000001,907,False,157,3002
979,83.05,905,False,128,3005
980,13.899999999999999,210,False,20,3006
981,40.900000000000006,482,False,68,3008
982,88.95,956,False,106,3011
983,11.450000000000001,189,False,23,3012
984,83.7,906,False,112,3015
985,126.6,1339,False,176,3019
986,57.199999999999996,678,False,118,3022
987,80.7,883,False,124,3025
988,112.75,1208,False,180,3029
989,80.05,905,False,171,3033
990,41.05,482,False,74,3035
991,81.7,893,False,118,3038
992,54.8,978,False,2005,3079
993,57.25,674,False,83,3081
994,12.7,198,False,19,3082
995,13.7,198,False,19,3083
996,12.799999999999999,189,False,20,3084
997,58.10000000000001,659,False,101,3087
998,84.24999999999999,903,False,157,3091
999,12.649999999999999,210,False,20,3092
1000,80.55000000000001,881,False,108,3095
1001,12.95,198,False,19,3096
1002,60.849999999999994,675,False,108,3099
1003,12.45,198,False,19,3100
1004,83.3,909,False,141,3103
1005,40.95,482,False,77,3105
1006,14.649999999999999,210,False,20,3106
1007,83.44999999999999,906,False,134,3109
1008,59.599999999999994,677,False,91,3111
1009,90.85000000000001,970,False,170,3115
1010,36.39999999999999,470,False,72,3117
1011,82.15,907,False,152,3121
1012,88.94999999999999,946,False,111,3124
1013,79.5,881,False,128,3127
1014,39.65,482,False,68,3129
1015,12.95,198,False,19,3130
1016,83.44999999999999,890,False,129,3133
1017,79.4,893,False,112,3136
1018,90.25000000000001,956,False,144,3139
1019,9.7,198,False,19,3140
1020,83.15,889,False,140,3143
1021,80.85,887,False,143,3146
1022,81.10000000000002,909,False,102,3149
1023,79.30000000000001,884,False,123,3152
1024,87.35000000000002,944,False,108,3155
1025,87.60000000000001,960,False,156,3159
1026,79.3,885,False,159,3163
1027,59.14999999999999,678,False,110,3166
1028,82.45,903,False,142,3169
1029,13.45,208,False,20,3170
1030,125.7,1333,False,195,3174
1031,11.5,196,False,19,3175
1032,60.35000000000001,674,False,103,3178
1033,84.9,908,False,108,3181
1034,36.25,460,False,75,3183
1035,81.25,856,False,160,3187
1036,55.45,676,False,131,3190
1037,82.15,909,False,137,3193
1038,14.45,208,False,20,3194
1039,12.5,187,False,23,3195
1040,91.9,989,False,139,3198
1041,58.75,677,False,125,3201
1042,81.60000000000001,910,False,162,3205
1043,79.0,863,False,137,3208
1044,82.7,905,False,101,3211
1045,54.05,978,False,2005,3252
1046,84.3,945,False,160,3256
1047,58.9,678,False,110,3259
1048,84.4,909,False,189,3263
1049,56.64999999999999,684,False,161,3267
1050,60.3,679,False,92,3269
1051,82.5,904,False,136,3272
1052,82.50000000000001,906,False,93,3274
1053,14.649999999999999,210,False,20,3275
1054,126.55,1334,False,170,3279
1055,38.8,482,False,100,3281
1056,12.95,198,False,19,3282
1057,59.199999999999996,661,False,108,3285
1058,78.44999999999999,868,False,129,3288
1059,84.75,906,False,147,3291
1060,56.7,671,False,90,3293
1061,82.94999999999999,910,False,133,3296
1062,112.35,1195,False,157,3300
1063,77.35,882,False,169,3304
1064,81.5,895,False,138,3307
1065,81.45,904,False,171,3311
1066,40.64999999999999,482,False,68,3313
1067,79.95,877,False,117,3316
1068,54.3,978,False,2005,3357
1069,83.10000000000001,909,False,133,3360
1070,39.14999999999999,482,False,95,3362
1071,39.0,471,False,72,3364
1072,86.10000000000001,919,False,155,3368
1073,81.45,909,False,147,3371
1074,79.25,900,False,170,3375
1075,12.149999999999999,195,False,19,3376
1076,83.9,907,False,107,3379
1077,82.25,909,False,110,3382
1078,15.149999999999999,210,False,20,3383
1079,58.64999999999999,664,False,111,3386
1080,81.55,894,False,122,3389
1081,82.55,908,False,118,3392
1082,82.10000000000001,907,False,143,3395
1083,83.5,908,False,101,3398
1084,86.95,947,False,120,3401
1085,59.45,675,False,79,3403
1086,82.55,906,False,126,3406
1087,59.2,677,False,111,3409
1088,60.150000000000006,682,False,130,3412
1089,88.35,960,False,132,3415
1090,12.2,198,False,19,3416
1091,13.399999999999999,195,False,19,3417
1092,13.7,198,False,19,3418
1093,61.25,678,False,78,3420
1094,12.95,198,False,19,3421
1095,82.70000000000002,898,False,142,3424
1096,12.2,198,False,19,3425
1097,82.30000000000001,881,False,88,3427
1098,84.5,911,False,143,3430
1099,37.199999999999996,482,False,127,3433
1100,59.249999999999986,680,False,164,3437
1101,58.849999999999994,673,False,126,3440
1102,81.25000000000001,889,False,111,3443
1103,41.4,482,False,68,3445
1104,60.5,684,False,132,3448
1105,14.149999999999999,210,False,20,3449
1106,13.2,198,False,19,3450
1107,83.94999999999999,907,False,114,3453
1108,82.55,910,False,122,3456
1109,81.75,909,False,133,3459
1110,82.95,906,False,132,3462
1111,85.55,932,False,137,3465
1112,83.6,909,False,178,3469
1113,57.50000000000001,677,False,73,3471
1114,83.1,908,False,123,3474
1115,80.85,888,False,99,3476
1116,11.500000000000002,186,False,22,3477
1117,84.24999999999999,895,False,165,3481
1118,80.35,904,False,105,3484
1119,58.699999999999996,674,False,124,3487
1120,82.45,904,False,101,3490
1121,40.9,482,False,94,3492
1122,82.55000000000001,892,False,136,3495
1123,52.80000000000001,978,False,2005,3536
1124,85.05,956,False,135,3539
1125,80.85000000000002,886,False,116,3542
1126,82.95000000000002,893,False,142,3545
1127,80.30000000000001,903,False,95,3547
1128,12.95,198,False,19,3548
1129,60.05,672,False,110,3551
1130,41.4,482,False,68,3553
1131,61.099999999999994,677,False,71,3555
1132,37.4,457,False,114,3558
1133,12.649999999999999,194,False,19,3559
1134,61.20000000000001,673,False,70,3561
1135,59.449999999999996,675,False,105,3564
1136,81.20000000000002,887,False,91,3566
1137,81.6,906,False,165,3570
1138,79.35,864,False,111,3573
1139,80.9,899,False,163,3577
1140,80.05,861,False,114,3580
1141,80.75,908,False,127,3583
1142,39.900000000000006,482,False,94,3585
1143,80.15,877,False,131,3588
1144,12.35,197,False,19,3589
1145,15.399999999999999,210,False,20,3590
1146,14.899999999999999,210,False,20,3591
1147,38.8,482,False,198,3595
1148,12.899999999999999,195,False,19,3596
1149,61.2,678,False,70,3598
1150,57.300000000000026,978,False,2005,3639
1151,81.44999999999999,938,False,123,3642
1152,82.95000000000002,905,False,84,3644
1153,78.05000000000001,855,False,182,3648
1154,39.400000000000006,482,False,68,3650
1155,58.85,672,False,91,3652
1156,88.50000000000001,956,False,155,3656
1157,58.64999999999999,667,False,80,3658
1158,87.55,930,False,123,3661
1159,37.39999999999999,482,False,94,3663
1160,87.45000000000002,942,False,119,3666
1161,54.05,978,False,2005,3707
1162,84.25,955,False,216,3712
1163,55.80000000000001,978,False,2005,3753
1164,77.7,906,False,106,3756
1165,82.9,904,False,113,3759
1166,86.0,944,False,165,3763
1167,40.65,482,False,68,3765
1168,13.2,198,False,19,3766
1169,84.4,908,False,84,3768
1170,12.7,198,False,19,3769
1171,14.7,208,False,20,3770
1172,60.75,683,False,129,3773
1173,83.85000000000001,888,False,104,3776
1174,84.60000000000001,947,False,119,3779
1175,88.65,973,False,161,3783
1176,84.65,942,False,126,3786
1177,83.0,910,False,138,3789
1178,84.25,933,False,132,3792
1179,60.5,672,False,74,3794
1180,82.15,892,False,85,3796
1181,84.70000000000002,893,False,116,3799
1182,76.69999999999999,886,False,131,3802
1183,57.95000000000001,663,False,120,3805
1184,55.05000000000001,978,False,2005,3846
1185,77.45,889,False,125,3849
1186,82.39999999999999,905,False,119,3852
1187,112.95,1197,False,136,3855
1188,89.80000000000001,985,False,98,3857
1189,59.0,681,False,170,3861
1190,80.7,896,False,134,3864
1191,82.80000000000001,909,False,147,3867
1192,115.25000000000001,1193,False,205,3872
1193,76.6,908,False,122,3875
1194,81.55,898,False,137,3878
1195,14.399999999999999,210,False,20,3879
1196,14.099999999999998,207,False,20,3880
1197,84.39999999999999,889,False,113,3883
1198,78.15,887,False,104,3886
1199,82.1,906,False,140,3889
1200,82.55,906,False,126,3892
1201,81.50000000000001,894,False,108,3895
1202,14.399999999999999,210,False,20,3896
1203,54.8,978,False,2005,3937
1204,10.7,198,False,19,3938
1205,58.2,683,False,216,3943
1206,59.85,666,False,86,3945
1207,12.95,198,False,19,3946
1208,15.399999999999999,210,False,20,3947
1209,14.899999999999999,210,False,20,3948
1210,12.899999999999999,195,False,19,3949
1211,13.7,198,False,19,3950
1212,93.05000000000001,990,False,124,3953
1213,58.400000000000006,679,False,111,3956
1214,79.69999999999999,874,False,151,3960
1215,11.75,196,False,19,3961
1216,13.399999999999999,195,False,19,3962
1217,41.949999999999996,482,False,80,3964
1218,83.5,906,False,91,3966
1219,40.650000000000006,482,False,68,3968
1220,14.899999999999999,210,False,20,3969
1221,13.2,198,False,19,3970
1222,15.399999999999999,210,False,20,3971
1223,85.35000000000001,910,False,110,3974
1224,38.65,482,False,68,3976
1225,59.89999999999999,679,False,136,3979
1226,87.4,944,False,117,3982
1227,40.05,482,False,96,3984
1228,59.05,673,False,113,3987
1229,14.899999999999999,210,False,20,3988
1230,82.0,891,False,100,3990
1231,59.45,674,False,100,3992
1232,86.95,944,False,123,3995
1233,80.45,888,False,116,3998
1234,82.85000000000001,910,False,106,4001
1235,83.30000000000001,906,False,85,4003
1236,83.04999999999998,905,False,103,4006
1237,39.65,482,False,94,4008
1238,41.900000000000006,482,False,68,4010
1239,83.80000000000001,907,False,84,4012
1240,82.15,909,False,137,4015
1241,59.8,677,False,108,4018
1242,55.05,978,False,2005,4059
1243,78.85,893,False,122,4062
1244,77.10000000000001,861,False,125,4065
1245,40.2,469,False,77,4067
1246,82.30000000000001,905,False,96,4069
1247,60.5,673,False,77,4071
1248,11.65,186,False,22,4072
1249,60.15,680,False,119,4075
1250,83.0,907,False,99,4077
1251,83.35,911,False,136,4080
1252,84.44999999999999,929,False,135,4083
1253,40.65,482,False,68,4085
1254,83.7,895,False,177,4089
1255,9.899999999999999,194,False,19,4090
1256,90.1,974,False,135,4093
1257,81.5,890,False,136,4096
1258,57.650000000000006,672,False,127,4099
1259,88.25,946,False,146,4102
1260,79.14999999999999,880,False,150,4105
1261,54.80000000000001,978,False,2005,4146
1262,36.15,482,False,68,4148
1263,82.75,906,False,118,4151
1264,41.55,482,False,73,4153
1265,59.65,674,False,87,4155
1266,82.30000000000001,908,False,137,4158
1267,85.2,900,False,129,4161
1268,80.75,898,False,129,4164
1269,56.8,677,False,134,4167
1270,81.45,874,False,177,4171
1271,82.64999999999999,941,False,132,4174
1272,61.75000000000001,680,False,61,4176
1273,60.2,677,False,88,4178
1274,58.5,661,False,70,4180
1275,82.5,893,False,110,4183
1276,11.95,198,False,19,4184
1277,15.399999999999999,210,False,20,4185
1278,82.6,900,False,108,4188
1279,85.35000000000002,908,False,107,4191
1280,12.149999999999999,210,False,20,4192
1281,83.2,882,False,116,4195
1282,80.6,911,False,114,4198
1283,82.94999999999999,909,False,99,4200
1284,82.14999999999999,909,False,163,4204
1285,85.7,910,False,102,4207
1286,80.54999999999998,893,False,97,4209
1287,81.85,908,False,125,4212
1288,39.64999999999999,482,False,120,4215
1289,12.95,198,False,19,4216
1290,41.4,482,False,94,4218
1291,41.15,482,False,94,4220
1292,86.5,945,False,136,4223
1293,12.45,198,False,19,4224
1294,61.55000000000001,672,False,58,4226
1295,81.85000000000002,905,False,110,4229
1296,14.899999999999999,210,False,20,4230
1297,92.44999999999999,983,False,124,4233
1298,59.05,682,False,108,4236
1299,58.79999999999999,671,False,102,4239
1300,87.80000000000001,946,False,106,4242
1301,11.499999999999998,196,False,19,4243
1302,40.25,467,False,79,4245
1303,82.35000000000001,895,False,89,4247
1304,40.65,482,False,94,4249
1305,83.5,908,False,107,4252
1306,39.9,482,False,120,4255
1307,82.8,906,False,127,4258
1308,59.4,678,False,110,4261
1309,41.4,482,False,68,4263
1310,84.4,908,False,106,4266
1311,81.39999999999999,906,False,121,4269
1312,82.55000000000001,907,False,110,4272
1313,59.449999999999996,674,False,130,4275
1314,85.25,911,False,116,4278
1315,80.60000000000001,902,False,98,4280
1316,79.9,880,False,94,4282
1317,83.05,906,False,102,4285
1318,81.45,898,False,118,4288
1319,80.60000000000001,893,False,147,4291
1320,87.0,942,False,104,4294
1321,83.0,909,False,85,4296
1322,14.399999999999999,210,False,20,4297
1323,14.899999999999999,210,False,20,4298
1324,60.14999999999999,685,False,142,4301
1325,41.2,482,False,77,4303
1326,86.44999999999999,938,False,118,4306
1327,88.00000000000001,954,False,89,4308
1328,12.2,198,False,19,4309
1329,13.7,198,False,19,4310
1330,83.9,903,False,84,4312
1331,14.399999999999999,210,False,20,4313
1332,91.10000000000001,954,False,106,4316
1333,85.65,956,False,103,4319
1334,53.55000000000001,978,False,2005,4360
1335,57.39999999999999,678,False,109,4363
1336,84.15,905,False,98,4365
1337,82.1,906,False,113,4368
1338,59.19999999999999,685,False,153,4372
1339,85.05000000000001,909,False,146,4375
1340,55.8,678,False,189,4379
1341,12.7,198,False,19,4380
1342,59.75,678,False,153,4384
1343,88.05,956,False,131,4387
1344,86.95,957,False,140,4390
1345,59.5,680,False,113,4393
1346,12.95,198,False,19,4394
1347,42.15,482,False,68,4396
1348,83.35000000000001,911,False,114,4399
1349,82.80000000000003,906,False,104,4402
1350,81.75,893,False,103,4405
1351,79.70000000000002,883,False,116,4408
1352,85.35,909,False,126,4411
1353,57.6,684,False,126,4414
1354,12.7,198,False,19,4415
1355,92.44999999999999,988,False,123,4418
1356,83.55,905,False,148,4421
1357,78.14999999999999,894,False,118,4424
1358,12.349999999999998,188,False,21,4425
1359,90.15,968,False,111,4428
1360,56.55,978,False,2005,4469
1361,110.60000000000001,1208,False,197,4473
1362,54.50000000000001,674,False,159,4477
1363,40.64999999999999,482,False,94,4479
1364,82.85000000000001,906,False,111,4482
1365,86.35000000000001,940,False,116,4485
1366,59.60000000000001,675,False,85,4487
1367,86.10000000000001,937,False,120,4490
1368,11.450000000000001,189,False,23,4491
1369,84.15,907,False,104,4494
1370,87.60000000000001,956,False,114,4497
1371,40.300000000000004,482,False,96,4499
1372,83.14999999999999,910,False,118,4502
1373,11.7,189,False,23,4503
1374,91.8,968,False,142,4506
1375,146.0,1560,False,161,4510
1376,81.85,907,False,100,4512
1377,40.900000000000006,482,False,68,4514
1378,12.95,198,False,19,4515
1379,42.15,482,False,68,4517
1380,40.14999999999999,482,False,94,4519
1381,84.2,904,False,78,4521
1382,60.55000000000001,672,False,58,4523
1383,87.4,956,False,149,4526
1384,88.2,953,False,167,4530
1385,79.65,910,False,141,4533
1386,83.10000000000001,902,False,92,4535
1387,12.2,198,False,19,4536
1388,84.44999999999999,910,False,105,4539
1389,82.55,911,False,126,4542
1390,82.35,875,False,113,4545
1391,38.4,482,False,69,4547
1392,83.55000000000001,907,False,84,4549
1393,88.65000000000002,956,False,97,4551
1394,60.2,676,False,59,4553
1395,83.05000000000001,906,False,79,4555
1396,82.75,907,False,121,4558
1397,85.5,909,False,132,4561
1398,56.3,673,False,88,4563
1399,81.4,882,False,109,4566
1400,58.7,675,False,101,4569
1401,83.2,908,False,120,4572
1402,76.4,851,False,136,4575
1403,80.15,885,False,142,4578
1404,127.50000000000003,1317,False,153,4582
1405,55.550000000000004,680,False,100,4584
1406,12.95,198,False,19,4585
1407,55.3,978,False,2005,4626
1408,52.3,978,False,2005,4667
1409,79.2,889,False,108,4670
1410,90.25000000000001,972,False,155,4674
1411,52.55,978,False,2005,4715
1412,84.3,944,False,147,4718
1413,80.9,895,False,118,4721
1414,93.2,991,False,184,4725
1415,57.3,680,False,75,4727
1416,54.3,978,False,2005,4768
1417,91.39999999999999,989,False,162,4772
1418,79.75,903,False,102,4775
1419,114.74999999999999,1201,False,168,4779
1420,78.9,907,False,85,4781
1421,59.349999999999994,673,False,96,4783
1422,82.95,912,False,138,4786
1423,78.85,874,False,135,4789
1424,84.25000000000001,909,False,85,4791
1425,59.55,683,False,115,4794
1426,41.4,482,False,68,4796
1427,82.75,897,False,100,4798
1428,82.45,907,False,115,4801
1429,81.8,907,False,106,4804
1430,15.149999999999999,210,False,20,4805
1431,13.2,198,False,19,4806
1432,62.150000000000006,683,False,81,4808
1433,82.75000000000001,903,False,87,4810
1434,41.05,482,False,74,4812
1435,57.95,667,False,119,4815
1436,56.30000000000001,978,False,2005,4856
1437,55.85,660,False,83,4858
1438,87.10000000000001,946,False,92,4860
1439,59.35,672,False,70,4862
1440,54.05,978,False,2005,4903
1441,11.45,198,False,19,4904
1442,13.7,198,False,19,4905
1443,62.35000000000001,683,False,74,4907
1444,81.45,901,False,131,4910
1445,80.0,885,False,137,4913
1446,80.65,894,False,165,4917
1447,84.5,910,False,162,4921
1448,79.1,913,False,198,4925
1449,60.7,676,False,60,4927
1450,86.05000000000001,942,False,112,4930
1451,82.15,907,False,154,4934
1452,82.25000000000001,900,False,88,4936
1453,12.7,198,False,19,4937
1454,41.449999999999996,482,False,101,4940
1455,12.95,198,False,19,4941
1456,39.95,465,False,82,4943
1457,59.449999999999996,677,False,111,4946
1458,13.2,198,False,19,4947
1459,55.300000000000026,978,False,2005,4988
1460,38.449999999999996,482,False,103,4991
1461,83.35000000000001,911,False,136,4994
1462,81.0,892,False,105,4997
1463,90.15,975,False,129,5000
1464,81.80000000000001,892,False,106,5003
1465,80.75,908,False,153,5007
1466,85.19999999999999,911,False,134,5010
1467,37.800000000000004,482,False,100,5012
1468,84.85,911,False,136,5015
1469,39.400000000000006,482,False,68,5017
1470,85.35,905,False,107,5020
1471,80.80000000000001,906,False,78,5022
1472,83.04999999999998,905,False,100,5024
1473,82.95,905,False,78,5026
1474,83.4,908,False,84,5028
1475,12.7,198,False,19,5029
1476,91.80000000000001,959,False,122,5032
1477,77.9,893,False,134,5035
1478,54.300000000000004,978,False,2005,5076
1479,85.0,943,False,107,5079
1480,40.45,482,False,80,5081
1481,83.8,910,False,123,5084
1482,59.55,678,False,86,5086
1483,12.7,198,False,19,5087
1484,82.60000000000001,886,False,87,5089
1485,58.49999999999999,680,False,114,5092
1486,60.3,680,False,148,5095
1487,12.399999999999999,195,False,19,5096
1488,113.0,1177,False,151,5100
1489,9.7,198,False,19,5101
1490,85.00000000000001,910,False,114,5104
1491,53.54999999999998,978,False,2005,5145
1492,81.85000000000001,907,False,95,5147
1493,53.05,978,False,2005,5188
1494,123.5,1306,False,198,5192
1495,8.95,198,False,19,5193
1496,60.4,682,False,102,5196
1497,83.1,906,False,113,5199
1498,12.399999999999999,195,False,19,5200
1499,41.900000000000006,482,False,68,5202
1500,83.80000000000001,906,False,78,5204
1501,54.30000000000001,978,False,2005,5245
1502,81.30000000000001,906,False,102,5248
1503,82.7,905,False,101,5251
1504,53.29999999999998,978,False,2005,5292
1505,55.65,653,False,114,5295
1506,54.8,978,False,2005,5336
1507,80.85000000000001,904,False,79,5338
1508,59.699999999999996,672,False,89,5340
1509,59.45,681,False,133,5343
1510,12.95,198,False,19,5344
1511,86.45,905,False,106,5347
1512,38.400000000000006,482,False,68,5349
1513,82.94999999999999,906,False,108,5352
1514,59.85000000000001,675,False,83,5354
1515,83.95,905,False,78,5356
1516,102.69999999999999,1106,False,157,5360
1517,55.55,978,False,2005,5401
1518,49.05,978,False,2005,5442
1519,81.0,911,False,143,5445
1520,80.15,873,False,90,5447
1521,58.89999999999999,676,False,121,5450
1522,87.9,960,False,145,5453
1523,60.2,676,False,59,5455
1524,84.25,903,False,78,5457
1525,39.449999999999996,482,False,102,5460
1526,82.25,908,False,152,5464
1527,80.65,888,False,131,5467
1528,83.25,904,False,84,5469
1529,40.65,482,False,68,5471
1530,84.15,907,False,79,5473
1531,84.15,909,False,115,5476
1532,38.9,482,False,94,5478
1533,12.649999999999999,194,False,19,5479
1534,59.650000000000006,659,False,64,5481
1535,59.24999999999999,674,False,132,5484
1536,82.95,905,False,101,5487
1537,87.10000000000001,947,False,117,5490
1538,82.85000000000001,904,False,78,5492
1539,85.55000000000001,936,False,107,5495
1540,146.65,1559,False,212,5500
1541,55.8,978,False,2005,5541
1542,36.45,482,False,127,5544
1543,82.45,907,False,139,5547
1544,11.7,198,False,19,5548
1545,84.80000000000001,906,False,78,5550
1546,39.849999999999994,482,False,110,5553
1547,83.69999999999999,909,False,98,5555
1548,59.55,672,False,83,5557
1549,83.75,906,False,91,5559
1550,84.75,911,False,118,5562
1551,10.2,198,False,19,5563
1552,42.15,482,False,68,5565
1553,14.649999999999999,210,False,20,5566
1554,61.69999999999999,679,False,72,5568
1555,11.200000000000001,189,False,23,5569
1556,83.75,905,False,113,5572
1557,84.5,905,False,143,5575
1558,57.3,680,False,96,5577
1559,58.349999999999994,655,False,81,5579
1560,59.85,679,False,104,5582
1561,81.20000000000002,889,False,149,5585
1562,11.95,198,False,19,5586
1563,40.150000000000006,459,False,49,5587
1564,60.849999999999994,678,False,73,5589
1565,41.15,482,False,68,5591
1566,40.099999999999994,472,False,71,5593
1567,89.5,945,False,141,5596
1568,79.60000000000001,904,False,78,5598
1569,83.55000000000001,908,False,94,5600
1570,86.05000000000001,941,False,113,5603
1571,81.25,889,False,107,5606
1572,84.3,894,False,118,5609
1573,79.60000000000001,894,False,83,5611
1574,40.95,482,False,104,5614
1575,81.99999999999999,905,False,114,5617
1576,82.8,911,False,129,5620
1577,82.4,906,False,124,5623
1578,87.55000000000001,955,False,134,5626
1579,84.9,905,False,93,5628
1580,84.2,945,False,107,5631
1581,40.4,482,False,94,5633
1582,89.00000000000001,954,False,88,5635
1583,58.8,677,False,107,5638
1584,60.9,680,False,95,5640
1585,86.85000000000002,940,False,94,5642
1586,82.35000000000002,903,False,97,5644
1587,40.599999999999994,482,False,81,5646
1588,111.9,1183,False,160,5650
1589,10.7,198,False,19,5651
1590,86.95000000000002,938,False,119,5654
1591,12.45,198,False,19,5655
1592,13.7,198,False,19,5656
1593,86.14999999999999,905,False,118,5659
1594,85.9,955,False,100,5661
1595,87.75000000000001,954,False,88,5663
1596,83.95,911,False,156,5667
1597,38.65,482,False,68,5669
1598,86.74999999999999,941,False,121,5672
1599,93.5,988,False,127,5675
1600,9.45,198,False,19,5676
1601,91.65,956,False,100,5678
1602,80.25,909,False,109,5681
1603,41.15,482,False,68,5683
1604,82.20000000000002,896,False,82,5685
1605,83.25,909,False,107,5688
1606,60.55000000000001,672,False,58,5690
1607,86.0,941,False,124,5693
1608,59.15,678,False,109,5696
1609,89.5,947,False,124,5699
1610,81.49999999999999,895,False,111,5702
1611,78.55,889,False,116,5705
1612,86.19999999999999,941,False,107,5708
1613,53.80000000000001,978,False,2005,5749
1614,81.50000000000001,905,False,88,5751
1615,82.8,904,False,120,5754
1616,82.55000000000001,906,False,78,5756
1617,83.35,898,False,124,5759
1618,52.05,978,False,2005,5800
1619,59.05000000000001,672,False,58,5802
1620,83.0,906,False,93,5804
1621,114.15,1189,False,138,5807
1622,77.3,900,False,149,5810
1623,14.399999999999999,210,False,20,5811
1624,54.30000000000001,978,False,2005,5852
1625,38.1,482,False,132,5855
1626,13.2,198,False,19,5856
1627,42.15,482,False,68,5858
1628,81.64999999999999,887,False,103,5861
1629,39.4,482,False,94,5863
1630,127.35000000000002,1337,False,191,5867
1631,84.35,947,False,150,5870
1632,38.65,459,False,49,5871
1633,12.95,198,False,19,5872
1634,85.10000000000001,905,False,107,5875
1635,52.30000000000001,978,False,2005,5916
1636,53.05,978,False,2005,5957
1637,78.85,909,False,203,5962
1638,60.599999999999994,678,False,74,5964
1639,41.15,482,False,68,5966
1640,60.24999999999999,672,False,72,5968
1641,12.7,198,False,19,5969
1642,83.54999999999998,905,False,121,5972
1643,59.199999999999996,676,False,106,5975
1644,84.29999999999998,905,False,99,5977
1645,11.45,198,False,19,5978
1646,84.75,906,False,100,5980
1647,112.70000000000002,1202,False,113,5983
1648,79.74999999999999,892,False,121,5986
1649,60.75,683,False,77,5988
1650,80.0,874,False,90,5990
1651,59.349999999999994,680,False,131,5993
1652,84.00000000000001,903,False,101,5996
1653,82.4,908,False,84,5998
1654,83.75000000000001,906,False,94,6000
1655,89.05000000000001,947,False,111,6003
1656,79.80000000000001,892,False,83,6005
1657,82.45000000000002,908,False,95,6007
1658,40.9,482,False,68,6009
1659,83.2,910,False,101,6012
1660,84.0,907,False,96,6014
1661,78.2,867,False,116,6017
1662,60.30000000000001,672,False,58,6019
1663,83.0,898,False,152,6023
1664,83.15,930,False,99,6025
1665,81.45,893,False,116,6028
1666,83.0,908,False,109,6031
1667,83.20000000000002,909,False,98,6033
1668,40.9,482,False,68,6035
1669,87.15,943,False,114,6038
1670,83.35,909,False,178,6042
1671,58.30000000000001,672,False,58,6044
1672,82.95000000000002,905,False,85,6046
1673,54.70000000000001,978,False,2005,6087
1674,82.55,907,False,131,6090
1675,56.89999999999999,671,False,74,6092
1676,93.80000000000001,990,False,148,6095
1677,83.44999999999997,944,False,153,6099
1678,87.14999999999999,960,False,153,6103
1679,59.300000000000004,679,False,91,6105
1680,89.3,975,False,154,6109
1681,84.35000000000001,907,False,92,6111
1682,57.39999999999999,655,False,79,6113
1683,87.04999999999998,966,False,182,6117
1684,81.8,905,False,126,6120
1685,81.44999999999999,896,False,135,6123
1686,87.30000000000001,946,False,109,6126
1687,40.4,482,False,68,6128
1688,87.39999999999999,944,False,118,6131
1689,110.95,1198,False,173,6135
1690,57.2,657,False,87,6137
1691,83.65,908,False,84,6139
1692,89.75000000000001,970,False,116,6142
1693,10.950000000000001,189,False,23,6143
1694,82.55,907,False,135,6146
1695,83.9,907,False,101,6149
1696,56.55,978,False,2005,6190
1697,78.55000000000001,907,False,84,6192
1698,83.64999999999999,897,False,152,6196
1699,87.40000000000002,970,False,97,6198
1700,103.44999999999999,1120,False,227,6203
1701,84.85,940,False,95,6205
1702,60.05000000000001,672,False,58,6207
1703,80.75,879,False,89,6209
1704,82.14999999999999,905,False,117,6212
1705,92.35000000000001,971,False,120,6215
1706,77.30000000000001,901,False,177,6219
1707,60.599999999999994,679,False,78,6221
1708,12.599999999999998,197,False,19,6222
1709,84.44999999999999,909,False,98,6224
1710,83.1,908,False,99,6226
1711,86.95,946,False,112,6229
1712,81.50000000000001,906,False,143,6232
1713,81.44999999999999,899,False,276,6238
1714,109.75000000000001,1182,False,130,6241
1715,80.95,907,False,100,6243
1716,86.55000000000001,942,False,94,6245
1717,83.4,908,False,84,6247
1718,84.85000000000001,906,False,115,6250
1719,84.39999999999999,945,False,120,6253
1720,57.60000000000001,651,False,66,6255
1721,59.599999999999994,674,False,104,6258
1722,83.5,903,False,78,6260
1723,53.30000000000001,978,False,2005,6301
1724,58.39999999999999,676,False,121,6304
1725,12.149999999999999,195,False,19,6305
1726,85.95,912,False,164,6309
1727,9.95,198,False,19,6310
1728,84.05,906,False,102,6313
1729,80.85,897,False,141,6316
1730,82.65,907,False,105,6319
1731,85.2,911,False,110,6322
1732,56.60000000000001,656,False,64,6324
1733,41.4,482,False,68,6326
1734,82.10000000000001,909,False,155,6330
1735,59.550000000000004,677,False,110,6333
1736,86.75,945,False,119,6336
1737,148.5,1561,False,218,6341
1738,10.45,198,False,19,6342
1739,130.04999999999998,1342,False,232,6347
1740,78.05000000000001,905,False,97,6349
1741,82.60000000000001,905,False,85,6351
1742,83.0,909,False,136,6354
1743,82.29999999999998,905,False,100,6356
1744,60.05000000000001,672,False,58,6358
1745,54.05000000000001,978,False,2005,6399
1746,81.45,903,False,169,6403
1747,81.4,905,False,92,6405
1748,83.35,904,False,79,6407
1749,88.14999999999999,957,False,102,6410
1750,60.50000000000001,679,False,59,6412
1751,82.39999999999999,905,False,116,6415
1752,54.05000000000001,978,False,2005,6456
1753,81.75,905,False,95,6458
1754,11.95,198,False,19,6459
1755,60.85000000000001,670,False,58,6461
1756,58.699999999999996,660,False,78,6463
1757,84.19999999999999,908,False,91,6465
1758,59.300000000000004,672,False,59,6467
1759,81.75,889,False,84,6469
1760,60.5,677,False,75,6471
1761,54.3,978,False,2005,6512
1762,83.65,909,False,114,6515
1763,79.5,905,False,114,6518
1764,83.55000000000001,906,False,78,6520
1765,103.89999999999999,1109,False,138,6523
1766,85.0,936,False,127,6526
1767,11.399999999999999,195,False,19,6527
1768,88.0,945,False,117,6530
1769,82.89999999999999,892,False,129,6533
1770,80.25,910,False,113,6536
1771,148.3,1555,False,148,6539
1772,81.80000000000001,906,False,78,6541
1773,40.2,482,False,126,6544
1774,83.6,907,False,99,6546
1775,80.30000000000001,899,False,148,6549
1776,81.8,885,False,104,6552
1777,86.55000000000001,943,False,123,6555
1778,59.699999999999996,677,False,86,6557
1779,12.7,198,False,19,6558
1780,13.499999999999998,196,False,19,6559
1781,81.9,885,False,91,6561
1782,88.50000000000001,938,False,114,6564
1783,81.30000000000001,905,False,78,6566
1784,11.899999999999999,194,False,19,6567
1785,85.39999999999999,910,False,91,6569
1786,58.8,672,False,81,6571
1787,57.05,660,False,146,6574
1788,83.19999999999999,907,False,115,6577
1789,80.60000000000001,891,False,139,6580
1790,85.5,940,False,143,6583
1791,82.35,907,False,118,6586
1792,92.9,972,False,113,6589
1793,79.35,903,False,100,6591
1794,13.349999999999998,207,False,20,6592
1795,82.80000000000001,892,False,90,6594
1796,91.65,984,False,90,6596
1797,39.15,482,False,94,6598
1798,92.0,956,False,100,6600
1799,80.30000000000001,906,False,78,6602
1800,83.55,909,False,119,6605
1801,56.29999999999998,978,False,2005,6646
1802,35.1,482,False,131,6649
1803,41.4,482,False,68,6651
1804,89.25,939,False,115,6654
1805,51.30000000000001,978,False,2005,6695
1806,10.7,198,False,19,6696
1807,87.85,945,False,114,6699
1808,60.45,676,False,59,6701
1809,87.25,944,False,87,6703
1810,90.35,978,False,135,6706
1811,57.20000000000001,656,False,65,6708
1812,60.25,664,False,65,6710
1813,53.80000000000001,978,False,2005,6751
1814,81.95,908,False,94,6753
1815,81.9,911,False,172,6757
1816,57.14999999999999,663,False,131,6760
1817,12.35,192,False,19,6761
1818,60.95,683,False,117,6764
1819,82.64999999999999,905,False,118,6767
1820,60.849999999999994,676,False,86,6769
1821,11.349999999999998,192,False,19,6770
1822,90.0,938,False,107,6773
1823,104.14999999999999,1138,False,129,6776
1824,53.20000000000001,977,False,2005,6817
1825,52.05000000000001,978,False,2005,6858
1826,10.7,198,False,19,6859
1827,87.05,941,False,132,6862
1828,86.7,944,False,104,6865
1829,39.6,473,False,77,6867
1830,83.80000000000001,908,False,89,6869
1831,112.1,1187,False,124,6872
1832,81.7,910,False,103,6875
1833,58.8,679,False,145,6878
1834,54.55000000000001,978,False,2005,6919
1835,80.0,905,False,138,6922
1836,87.50000000000001,945,False,93,6924
1837,58.85,670,False,85,6926
1838,41.15,482,False,68,6928
1839,82.75,905,False,114,6931
1840,86.55,956,False,176,6935
1841,83.2,905,False,78,6937
1842,54.55,978,False,2005,6978
1843,80.85000000000001,906,False,87,6980
1844,83.05,907,False,106,6983
1845,85.25000000000001,904,False,88,6985
1846,37.4,482,False,95,6987
1847,13.7,198,False,19,6988
1848,87.75,940,False,87,6990
1849,112.7,1200,False,139,6993
1850,81.55,906,False,101,6996
1851,60.55000000000001,672,False,58,6998
1852,12.45,198,False,19,6999
1853,90.9,970,False,98,7001
1854,12.2,198,False,19,7002
1855,13.7,198,False,19,7003
1856,84.05,905,False,98,7005
1857,54.3,978,False,2005,7046
1858,80.85000000000001,904,False,78,7048
1859,87.60000000000001,946,False,97,7050
1860,103.85000000000002,1113,False,121,7053
1861,82.15,908,False,84,7055
1862,83.10000000000001,904,False,79,7057
1863,53.8,978,False,2005,7098
1864,52.8,978,False,2005,7139
1865,81.10000000000001,904,False,78,7141
1866,60.89999999999999,676,False,73,7143
1867,53.80000000000001,978,False,2005,7184
1868,52.70000000000001,977,False,2005,7225
1869,10.2,198,False,19,7226
1870,84.25,907,False,99,7228
1871,83.3,908,False,90,7230
1872,12.45,198,False,19,7231
1873,88.1,944,False,109,7234
1874,81.6,895,False,89,7236
1875,89.4,969,False,141,7239
1876,53.05,978,False,2005,7280
1877,38.15,482,False,94,7282
1878,81.20000000000002,882,False,112,7285
1879,90.00000000000001,945,False,93,7287
1880,56.80000000000001,672,False,58,7289
1881,12.2,189,False,23,7290
1882,82.25,896,False,117,7293
1883,83.69999999999999,908,False,91,7295
1884,58.5,677,False,146,7298
1885,54.04999999999998,978,False,2005,7339
1886,79.1,872,False,104,7342
1887,81.75000000000001,903,False,78,7344
1888,81.19999999999999,892,False,113,7347
1889,84.1,896,False,137,7350
1890,81.15,907,False,79,7352
1891,83.10000000000002,906,False,89,7354
1892,82.39999999999999,906,False,99,7356
1893,58.1,656,False,94,7358
1894,59.85,683,False,122,7361
1895,86.80000000000001,939,False,95,7363
1896,108.94999999999999,1132,False,138,7366
1897,85.55000000000001,960,False,147,7369
1898,81.05000000000001,906,False,78,7371
1899,90.0,975,False,112,7374
1900,53.15,974,False,2005,7415
1901,109.65,1184,False,136,7418
1902,81.55000000000001,906,False,78,7420
1903,39.650000000000006,482,False,94,7422
1904,84.80000000000001,906,False,78,7424
1905,82.80000000000001,908,False,86,7426
1906,90.15,969,False,98,7428
1907,58.44999999999999,680,False,130,7431
1908,13.2,198,False,19,7432
1909,82.0,886,False,94,7434
1910,127.0,1334,False,135,7437
1911,79.94999999999999,904,False,123,7440
1912,12.649999999999999,195,False,19,7441
1913,87.55000000000001,940,False,96,7443
1914,79.05000000000001,868,False,92,7445
1915,82.04999999999998,897,False,106,7448
1916,86.85000000000001,946,False,92,7450
1917,60.30000000000001,672,False,58,7452
1918,58.35000000000001,655,False,65,7454
1919,90.80000000000001,974,False,96,7456
1920,59.80000000000001,670,False,58,7458
1921,81.00000000000001,890,False,89,7460
1922,105.4,1114,False,120,7463
1923,83.64999999999999,945,False,141,7466
1924,83.80000000000001,903,False,89,7468
1925,81.4,895,False,91,7470
1926,56.30000000000001,978,False,2005,7511
1927,84.65,956,False,100,7513
1928,40.4,482,False,68,7515
1929,79.29999999999998,872,False,141,7518
1930,88.44999999999999,940,False,139,7521
1931,57.05000000000001,672,False,58,7523
1932,84.3,891,False,103,7526
1933,101.75,1111,False,148,7529
1934,81.2,905,False,78,7531
1935,88.05000000000001,959,False,143,7534
1936,11.95,198,False,19,7535
1937,84.80000000000001,906,False,78,7537
1938,80.9,888,False,84,7539
1939,83.85,892,False,119,7542
1940,83.29999999999998,905,False,98,7544
1941,78.95,905,False,128,7547
1942,60.8,681,False,77,7549
1943,81.39999999999999,892,False,105,7552
1944,84.10000000000001,904,False,78,7554
1945,81.25,906,False,116,7557
1946,83.30000000000001,905,False,79,7559
1947,80.94999999999999,890,False,128,7562
1948,80.70000000000002,881,False,87,7564
1949,54.30000000000001,978,False,2005,7605
1950,81.10000000000001,905,False,84,7607
1951,83.05000000000001,904,False,95,7609
1952,83.55000000000001,906,False,78,7611
1953,82.75,909,False,109,7614
1954,89.45,947,False,117,7617
1955,50.80000000000001,978,False,2005,7658
1956,58.599999999999994,672,False,70,7660
1957,90.45,972,False,170,7664
1958,52.3,978,False,2005,7705
1959,52.05000000000001,978,False,2005,7746
1960,79.45000000000002,891,False,83,7748
1961,82.6,907,False,116,7751
1962,83.35000000000001,904,False,78,7753
1963,90.55000000000001,970,False,100,7755
1964,53.05000000000001,978,False,2005,7796
1965,79.4,889,False,90,7798
1966,86.75,940,False,87,7800
1967,82.85000000000001,904,False,78,7802
1968,81.60000000000001,897,False,120,7805
1969,83.55,911,False,101,7808
1970,84.25,911,False,168,7812
1971,87.5,991,False,166,7816
1972,81.15,888,False,92,7818
1973,86.60000000000001,934,False,88,7820
1974,82.85000000000001,904,False,78,7822
1975,77.60000000000001,856,False,125,7825
1976,57.849999999999994,657,False,93,7827
1977,84.0,907,False,96,7829
1978,78.35000000000001,865,False,93,7831
1979,83.60000000000001,904,False,78,7833
1980,81.4,888,False,85,7835
1981,83.2,905,False,78,7837
1982,125.80000000000001,1340,False,173,7841
1983,88.8,972,False,140,7844
1984,82.00000000000001,903,False,78,7846
1985,127.05000000000001,1345,False,121,7849
1986,85.85,943,False,110,7852
1987,88.10000000000002,956,False,88,7854
1988,82.80000000000001,906,False,78,7856
1989,12.7,198,False,19,7857
1990,84.45,905,False,78,7859
1991,60.80000000000001,677,False,59,7861
1992,83.05000000000001,906,False,78,7863
1993,83.2,905,False,78,7865
1994,54.80000000000001,978,False,2005,7906
1995,79.64999999999999,906,False,148,7909
1996,83.05000000000001,906,False,78,7911
1997,81.80000000000001,891,False,84,7913
1998,83.30000000000001,905,False,79,7915
1999,60.45000000000001,676,False,59,7917
2000,60.30000000000001,672,False,58,7919
2001,87.30000000000001,943,False,94,7921
2002,82.75000000000001,904,False,85,7923
2003,60.099999999999994,673,False,72,7925
2004,83.80000000000001,906,False,78,7927
2005,12.099999999999998,197,False,19,7928
2006,115.1,1194,False,128,7931
2007,79.0,887,False,84,7933
2008,82.75000000000001,908,False,103,7936
2009,83.25000000000001,902,False,78,7938
2010,60.55000000000001,677,False,59,7940
2011,86.30000000000001,939,False,98,7942
2012,83.45,904,False,78,7944
2013,124.70000000000002,1338,False,194,7948
2014,155.99999999999997,1657,False,233,7953
2015,11.2,198,False,19,7954
2016,115.0,1210,False,162,7958
2017,55.70000000000001,653,False,66,7960
2018,90.4,970,False,91,7962
2019,59.95000000000001,676,False,59,7964
2020,88.15,959,False,140,7967
2021,81.8,906,False,130,7970
2022,14.399999999999999,210,False,20,7971
2023,84.3,896,False,128,7974
2024,79.30000000000001,892,False,83,7976
2025,87.45000000000002,941,False,86,7978
2026,59.30000000000001,672,False,58,7980
2027,60.30000000000001,672,False,58,7982
2028,12.95,198,False,19,7983
2029,84.30000000000001,906,False,78,7985
2030,83.7,905,False,78,7987
2031,53.80000000000001,978,False,2005,8028
2032,87.4,964,False,118,8031
2033,91.15,990,False,91,8033
2034,59.449999999999996,681,False,109,8036
2035,83.60000000000001,904,False,78,8038
2036,86.5,938,False,87,8040
2037,59.05,670,False,75,8042
2038,54.55000000000001,978,False,2005,8083
2039,51.55000000000001,978,False,2005,8124
2040,59.30000000000001,672,False,58,8126
2041,83.45,905,False,78,8128
2042,90.35000000000001,989,False,204,8133
2043,12.649999999999999,210,False,20,8134
2044,55.05,978,False,2005,8175
2045,10.45,198,False,19,8176
2046,83.20000000000002,897,False,88,8178
2047,12.7,198,False,19,8179
2048,60.3,673,False,86,8181
2049,13.2,198,False,19,8182
2050,81.80000000000001,878,False,89,8184
2051,82.55000000000001,906,False,78,8186
2052,12.95,198,False,19,8187
2053,13.399999999999999,195,False,19,8188
2054,82.0,907,False,200,8192
2055,80.9,893,False,131,8195
2056,84.15000000000002,898,False,107,8198
2057,81.45,904,False,78,8200
2058,83.30000000000001,906,False,78,8202
2059,81.30000000000001,892,False,89,8204
2060,83.20000000000002,904,False,78,8206
2061,39.89999999999999,482,False,94,8208
2062,93.7,977,False,142,8211
2063,77.75,888,False,84,8213
2064,83.75,905,False,91,8215
2065,60.05000000000001,672,False,58,8217
2066,54.55000000000001,978,False,2005,8258
2067,80.35000000000001,907,False,91,8260
2068,87.55000000000001,942,False,87,8262
2069,82.55,907,False,106,8265
2070,90.75,980,False,150,8268
2071,86.0,959,False,157,8272
2072,85.80000000000001,939,False,127,8275
2073,54.05,978,False,2005,8316
2074,81.30000000000001,906,False,78,8318
2075,53.80000000000001,978,False,2005,8359
2076,12.649999999999999,210,False,20,8360
2077,93.19999999999999,989,False,98,8362
2078,110.25,1197,False,172,8366
2079,53.55000000000001,978,False,2005,8407
2080,109.35000000000001,1192,False,120,8410
2081,83.05000000000001,906,False,78,8412
2082,60.05000000000001,672,False,58,8414
2083,82.60000000000001,904,False,78,8416
2084,60.300000000000004,675,False,74,8418
2085,83.30000000000001,906,False,78,8420
2086,12.95,198,False,19,8421
2087,84.80000000000001,906,False,78,8423
2088,82.9,908,False,84,8425
2089,127.20000000000002,1339,False,146,8428
2090,58.3,675,False,71,8430
2091,59.95000000000001,671,False,58,8432
2092,84.05000000000001,906,False,78,8434
2093,82.80000000000001,906,False,78,8436
2094,83.35,903,False,99,8438
2095,83.05000000000001,906,False,78,8440
2096,39.9,482,False,94,8442
2097,13.2,198,False,19,8443
2098,84.80000000000001,906,False,78,8445
2099,37.9,482,False,192,8449
2100,39.099999999999994,467,False,72,8451
2101,61.150000000000006,672,False,59,8453
2102,84.75,909,False,165,8457
2103,76.80000000000001,867,False,92,8459
2104,54.05000000000001,978,False,2005,8500
2105,79.80000000000001,892,False,84,8502
2106,83.60000000000001,904,False,78,8504
2107,82.25,894,False,82,8506
2108,82.7,905,False,78,8508
2109,54.05000000000001,978,False,2005,8549
2110,52.30000000000001,978,False,2005,8590
2111,82.05000000000001,906,False,78,8592
2112,59.30000000000001,672,False,58,8594
2113,41.39999999999999,482,False,68,8596
2114,61.5,677,False,73,8598
2115,82.50000000000001,903,False,78,8600
2116,60.45,676,False,59,8602
2117,80.80000000000001,891,False,127,8605
2118,83.19999999999999,906,False,108,8608
2119,60.30000000000001,672,False,58,8610
2120,54.05000000000001,978,False,2005,8651
2121,9.7,189,False,23,8652
2122,87.9,940,False,99,8654
2123,83.30000000000001,906,False,78,8656
2124,54.8,978,False,2005,8697
2125,87.10000000000002,966,False,93,8699
2126,80.5,888,False,84,8701
2127,89.25,941,False,103,8704
2128,84.35,940,False,114,8707
2129,108.95000000000002,1168,False,127,8710
2130,53.55000000000001,978,False,2005,8751
2131,79.4,888,False,84,8753
2132,53.80000000000001,978,False,2005,8794
2133,57.85000000000001,670,False,58,8796
2134,78.85000000000001,860,False,95,8798
2135,60.05000000000001,672,False,58,8800
2136,12.95,198,False,19,8801
2137,61.4,675,False,70,8803
2138,81.85,909,False,152,8807
2139,105.25000000000001,1121,False,118,8810
2140,82.10000000000001,904,False,78,8812
2141,60.05000000000001,672,False,58,8814
2142,40.65,482,False,68,8816
2143,55.55000000000001,978,False,2005,8857
2144,53.65,656,False,147,8860
2145,40.95,482,False,126,8863
2146,88.0,956,False,145,8866
2147,82.35000000000001,904,False,78,8868
2148,60.55000000000001,672,False,58,8870
2149,82.9,906,False,79,8872
2150,112.5,1206,False,167,8876
2151,90.30000000000003,959,False,95,8878
2152,79.45,907,False,137,8881
2153,83.80000000000001,906,False,78,8883
2154,60.55000000000001,677,False,59,8885
2155,53.30000000000001,978,False,2005,8926
2156,13.149999999999999,210,False,20,8927
2157,55.05,978,False,2005,8968
2158,58.30000000000001,672,False,58,8970
2159,83.55000000000001,906,False,78,8972
2160,11.999999999999998,196,False,19,8973
2161,83.60000000000001,894,False,82,8975
2162,83.04999999999998,903,False,90,8977
2163,38.849999999999994,482,False,133,8980
2164,55.54999999999998,978,False,2005,9021
2165,81.85,909,False,152,9025
2166,80.0,905,False,112,9028
2167,60.55,675,False,97,9030
2168,11.95,198,False,19,9031
2169,91.4,973,False,111,9034
2170,82.2,904,False,78,9036
2171,90.60000000000001,970,False,90,9038
2172,11.7,198,False,19,9039
2173,61.3,675,False,73,9041
2174,86.80000000000001,937,False,88,9043
2175,103.65000000000002,1104,False,116,9046
2176,86.85000000000002,956,False,89,9048
2177,59.80000000000001,671,False,58,9050
2178,54.55,978,False,2005,9091
2179,10.45,198,False,19,9092
2180,84.7,905,False,78,9094
2181,83.00000000000001,903,False,78,9096
2182,12.2,198,False,19,9097
2183,88.10000000000001,944,False,85,9099
2184,81.45,907,False,139,9102
2185,13.45,198,False,19,9103
2186,84.35000000000001,904,False,78,9105
2187,40.0,482,False,112,9108
2188,83.94999999999999,906,False,108,9111
2189,11.7,198,False,19,9112
2190,84.80000000000001,906,False,78,9114
2191,86.10000000000002,935,False,89,9116
2192,82.85,908,False,98,9118
2193,83.55000000000001,906,False,78,9120
2194,86.80000000000001,941,False,87,9122
2195,85.65,936,False,107,9125
2196,81.45,907,False,139,9128
2197,83.75000000000001,905,False,88,9130
2198,83.45,905,False,78,9132
2199,82.85000000000001,904,False,78,9134
2200,83.55000000000001,906,False,78,9136
2201,53.80000000000001,978,False,2005,9177
2202,83.3,911,False,129,9180
2203,57.55000000000001,672,False,58,9182
2204,80.65,879,False,88,9184
2205,60.05000000000001,672,False,58,9186
2206,84.05000000000001,906,False,78,9188
2207,80.25,880,False,89,9190
2208,12.049999999999999,194,False,19,9191
2209,84.55000000000001,906,False,78,9193
2210,87.3,959,False,117,9196
2211,41.15,482,False,68,9198
2212,84.2,905,False,78,9200
2213,60.19999999999999,679,False,72,9202
2214,80.4,883,False,112,9205
2215,107.25,1100,False,143,9208
2216,81.75000000000001,942,False,101,9211
2217,82.60000000000001,907,False,93,9213
2218,57.95000000000001,656,False,65,9215
2219,83.85000000000001,904,False,78,9217
2220,82.65,908,False,84,9219
2221,41.3,482,False,74,9221
2222,61.60000000000001,680,False,59,9223
2223,83.55000000000001,906,False,78,9225
2224,53.55000000000001,978,False,2005,9266
2225,88.50000000000001,971,False,98,9268
2226,53.55000000000001,978,False,2005,9309
2227,81.55000000000001,906,False,78,9311
2228,83.55000000000001,906,False,78,9313
2229,82.75000000000001,905,False,88,9315
2230,54.04999999999998,978,False,2005,9356
2231,86.75000000000001,966,False,92,9358
2232,83.55000000000001,906,False,78,9360
2233,55.3,978,False,2005,9401
2234,80.80000000000001,906,False,78,9403
2235,54.20000000000001,977,False,2005,9444
2236,80.55000000000001,906,False,78,9446
2237,84.05000000000001,906,False,78,9448
2238,53.3,978,False,2005,9489
2239,81.1,910,False,132,9492
2240,40.4,482,False,94,9494
2241,83.80000000000001,906,False,78,9496
2242,83.30000000000001,906,False,78,9498
2243,54.80000000000001,978,False,2005,9539
2244,85.35,945,False,131,9542
2245,84.80000000000001,938,False,87,9544
2246,54.55,978,False,2005,9585
2247,81.00000000000001,903,False,78,9587
2248,88.10000000000002,956,False,88,9589
2249,80.65,895,False,120,9592
2250,92.95000000000002,989,False,96,9594
2251,53.05000000000001,978,False,2005,9635
2252,81.55000000000001,906,False,78,9637
2253,59.55000000000001,672,False,58,9639
2254,83.04999999999998,907,False,133,9642
2255,59.8,675,False,71,9644
2256,105.75000000000001,1119,False,111,9647
2257,53.05000000000001,978,False,2005,9688
2258,84.4,936,False,88,9690
2259,82.60000000000001,904,False,78,9692
2260,83.55000000000001,906,False,78,9694
2261,85.95,935,False,89,9696
2262,83.5,903,False,78,9698
2263,104.85000000000001,1110,False,114,9701
2264,38.300000000000004,482,False,100,9703
2265,11.95,189,False,23,9704
2266,61.05000000000001,672,False,58,9706
2267,88.35000000000001,942,False,101,9709
2268,81.7,905,False,78,9711
2269,80.45,881,False,88,9713
2270,175.30000000000004,1826,False,220,9718
2271,52.55000000000001,978,False,2005,9759
2272,85.05000000000001,971,False,181,9763
2273,127.70000000000002,1335,False,130,9766
2274,78.65,884,False,87,9768
2275,83.80000000000001,906,False,78,9770
2276,54.30000000000001,978,False,2005,9811
2277,58.35000000000001,675,False,59,9813
2278,54.05000000000001,978,False,2005,9854
2279,87.25000000000001,970,False,118,9857
2280,40.05,482,False,100,9859
2281,13.2,198,False,19,9860
2282,79.55,875,False,179,9864
2283,40.55,481,False,67,9866
2284,60.30000000000001,672,False,58,9868
2285,55.05000000000001,978,False,2005,9909
2286,85.65,958,False,135,9912
2287,60.05000000000001,672,False,59,9914
2288,54.05000000000001,978,False,2005,9955
2289,78.30000000000001,878,False,88,9957
2290,80.45,892,False,139,9960
2291,58.95,677,False,111,9963
2292,112.85000000000001,1187,False,119,9966
2293,80.89999999999999,889,False,95,9968
2294,80.80000000000001,892,False,83,9970
2295,60.30000000000001,672,False,58,9972
2296,83.55000000000001,906,False,78,9974
2297,83.25,903,False,78,9976
2298,82.60000000000001,904,False,78,9978
2299,12.95,198,False,19,9979
2300,84.05000000000001,906,False,78,9981
2301,87.30000000000001,941,False,86,9983
2302,54.05000000000001,978,False,2005,10024
2303,10.7,198,False,19,10025
2304,55.30000000000001,978,False,2005,10066
2305,80.35,905,False,110,10069
2306,83.55000000000001,906,False,78,10071
2307,83.80000000000001,906,False,78,10073
2308,83.30000000000001,906,False,78,10075
2309,80.5,880,False,87,10077
2310,86.4,939,False,94,10079
2311,83.2,904,False,78,10081
2312,57.75,660,False,89,10083
2313,83.7,905,False,78,10085
2314,54.55,978,False,2005,10126
2315,82.6,909,False,130,10129
2316,37.449999999999996,482,False,103,10132
2317,85.3,910,False,122,10135
2318,53.05000000000001,978,False,2005,10176
2319,80.95,905,False,78,10178
2320,82.45000000000002,882,False,118,10181
2321,52.05000000000001,978,False,2005,10222
2322,81.55000000000001,906,False,78,10224
2323,83.2,905,False,78,10226
2324,83.8,906,False,128,10229
2325,78.20000000000002,876,False,88,10231
2326,83.55000000000001,906,False,78,10233
2327,83.30000000000001,906,False,78,10235
2328,40.0,482,False,111,10238
2329,54.55000000000001,978,False,2005,10279
2330,10.7,198,False,19,10280
2331,55.30000000000001,978,False,2005,10321
2332,52.30000000000001,978,False,2005,10362
2333,56.39999999999999,664,False,118,10365
2334,83.80000000000001,906,False,78,10367
2335,83.30000000000001,906,False,78,10369
2336,81.95,908,False,117,10372
2337,54.80000000000001,978,False,2005,10413
2338,56.75,681,False,144,10416
2339,13.2,198,False,19,10417
2340,84.80000000000001,906,False,78,10419
2341,83.05000000000001,906,False,78,10421
2342,54.55000000000001,978,False,2005,10462
2343,86.75,956,False,95,10464
2344,81.75000000000001,902,False,78,10466
2345,83.60000000000001,904,False,78,10468
2346,83.05000000000001,906,False,78,10470
2347,88.35000000000002,956,False,88,10472
2348,85.30000000000001,907,False,83,10474
2349,85.80000000000001,958,False,111,10477
2350,82.55000000000001,906,False,78,10479
2351,60.5,677,False,72,10481
2352,88.5,957,False,134,10484
2353,55.04999999999998,978,False,2005,10525
2354,80.10000000000001,904,False,78,10527
2355,82.8,908,False,113,10530
2356,54.30000000000001,978,False,2005,10571
2357,78.65,899,False,115,10574
2358,13.45,198,False,19,10575
2359,84.35000000000001,904,False,78,10577
2360,59.80000000000001,672,False,58,10579
2361,83.80000000000001,906,False,78,10581
2362,60.6,680,False,60,10583
2363,84.05000000000001,906,False,78,10585
2364,82.7,905,False,79,10587
2365,58.60000000000001,655,False,65,10589
2366,54.55000000000001,978,False,2005,10630
2367,110.30000000000003,1187,False,108,10633
2368,58.30000000000001,672,False,58,10635
2369,54.30000000000001,978,False,2005,10676
2370,53.05000000000001,978,False,2005,10717
2371,52.30000000000001,978,False,2005,10758
2372,80.80000000000001,906,False,78,10760
2373,89.85000000000001,980,False,159,10764
2374,87.05,956,False,126,10767
2375,39.39999999999999,482,False,94,10769
2376,91.55000000000001,980,False,122,10772
2377,53.55000000000001,978,False,2005,10813
2378,52.30000000000001,978,False,2005,10854
2379,59.050000000000004,677,False,60,10856
2380,82.95,904,False,78,10858
2381,83.60000000000001,904,False,78,10860
2382,106.85000000000002,1138,False,112,10863
2383,80.75000000000001,908,False,155,10867
2384,57.9,666,False,96,10869
2385,61.55000000000001,672,False,58,10871
2386,11.95,193,False,19,10872
2387,81.05,894,False,193,10876
2388,83.44999999999999,907,False,90,10878
2389,86.5,941,False,98,10880
2390,86.9,942,False,85,10882
2391,107.60000000000002,1127,False,147,10885
2392,78.35,888,False,98,10887
2393,55.5,653,False,133,10890
2394,84.70000000000002,907,False,89,10892
2395,82.10000000000001,904,False,78,10894
2396,90.35000000000002,971,False,97,10896
2397,127.10000000000002,1339,False,129,10899
2398,83.10000000000001,905,False,85,10901
2399,81.30000000000001,906,False,78,10903
2400,79.85000000000001,882,False,94,10905
2401,60.54999999999999,681,False,103,10908
2402,90.10000000000001,971,False,90,10910
2403,53.30000000000001,978,False,2005,10951
2404,59.45,676,False,59,10953
2405,54.3,978,False,2005,10994
2406,79.80000000000001,904,False,95,10996
2407,82.25,891,False,92,10998
2408,14.399999999999999,210,False,20,10999
2409,82.45,905,False,102,11002
2410,40.699999999999996,482,False,126,11005
2411,59.900000000000006,669,False,64,11007
2412,82.15,896,False,150,11010
2413,89.70000000000002,973,False,98,11012
2414,53.80000000000001,978,False,2005,11053
2415,81.35000000000001,904,False,78,11055
2416,80.45,890,False,133,11058
2417,80.20000000000002,887,False,113,11061
2418,82.85,908,False,100,11063
2419,12.95,198,False,19,11064
2420,15.399999999999999,210,False,20,11065
2421,54.8,978,False,2005,11106
2422,52.80000000000001,978,False,2005,11147
2423,77.35,876,False,118,11150
2424,54.55000000000001,978,False,2005,11191
2425,39.65,482,False,69,11193
2426,89.75,957,False,97,11195
2427,81.30000000000001,906,False,78,11197
2428,78.45000000000002,872,False,118,11200
2429,12.95,198,False,19,11201
2430,55.80000000000001,978,False,2005,11242
2431,80.85000000000002,908,False,97,11244
2432,81.9,884,False,87,11246
2433,81.95000000000002,909,False,98,11248
2434,54.80000000000001,978,False,2005,11289
2435,52.05000000000001,978,False,2005,11330
2436,57.89999999999999,676,False,73,11332
2437,55.05000000000001,978,False,2005,11373
2438,88.55000000000001,968,False,92,11375
2439,111.30000000000001,1209,False,118,11378
2440,12.45,198,False,19,11379
2441,82.2,882,False,87,11381
2442,105.00000000000003,1121,False,119,11384
2443,82.30000000000001,906,False,78,11386
2444,82.85,906,False,112,11389
2445,83.0,907,False,97,11391
2446,82.55000000000001,906,False,78,11393
2447,82.75,905,False,112,11396
2448,54.55000000000001,978,False,2005,11437
2449,51.80000000000001,978,False,2005,11478
2450,88.35000000000001,966,False,92,11480
2451,82.55000000000001,905,False,78,11482
2452,56.05000000000001,978,False,2005,11523
2453,55.80000000000001,672,False,58,11525
2454,12.95,198,False,19,11526
2455,84.80000000000001,906,False,78,11528
2456,81.50000000000001,887,False,85,11530
2457,60.45,676,False,59,11532
2458,53.80000000000001,978,False,2005,11573
2459,81.85000000000001,904,False,78,11575
2460,87.94999999999999,956,False,106,11578
2461,112.85000000000001,1194,False,129,11581
2462,10.2,198,False,19,11582
2463,81.25000000000001,892,False,122,11585
2464,84.45,905,False,78,11587
2465,81.10000000000001,885,False,84,11589
2466,82.55000000000001,906,False,78,11591
2467,83.85000000000001,904,False,78,11593
2468,83.30000000000001,906,False,78,11595
2469,83.20000000000002,905,False,78,11597
2470,77.95000000000002,862,False,94,11599
