0,170.65000000000003,1789,False,163,4
1,104.95000000000002,1129,False,106,7
2,143.90000000000003,1526,False,145,10
3,264.7,2762,False,315,17
4,303.70000000000005,3161,True,390,25
5,171.05,1797,False,181,29
6,103.95000000000002,1129,False,109,32
7,135.10000000000002,1434,False,130,35
8,169.90000000000003,1787,False,163,39
9,170.10000000000002,1790,False,165,43
10,171.65000000000003,1803,False,159,47
11,235.95000000000002,2475,False,288,53
12,169.8,1787,False,162,57
13,171.25,1799,False,158,61
14,143.95000000000002,1527,False,138,64
15,186.75000000000003,1959,False,180,68
16,264.3500000000001,2759,False,278,74
17,159.35000000000002,1678,False,150,77
18,134.95000000000002,1435,False,130,80
19,105.20000000000002,1129,False,107,83
20,193.10000000000002,2026,False,186,87
21,81.9,898,False,122,90
22,135.20000000000002,1435,False,130,93
23,143.60000000000002,1522,False,144,96
24,236.3,2470,False,259,102
25,135.10000000000002,1434,False,128,105
26,169.70000000000002,1787,False,169,109
27,104.45000000000002,1126,False,141,112
28,172.05,1798,False,161,116
29,103.50000000000001,1128,False,111,119
30,143.8,1523,False,135,122
31,169.50000000000003,1787,False,171,126
32,135.10000000000002,1434,False,128,129
211,169.95000000000002,1792,False,163,837
212,171.40000000000003,1798,False,160,841
213,158.85000000000002,1678,False,150,844
214,194.15000000000003,2024,False,190,848
215,103.5,1129,False,116,851
216,265.55,2761,False,303,858
217,170.00000000000003,1801,False,167,862
218,158.35000000000002,1673,False,148,865
219,143.8,1523,False,135,868
220,143.8,1523,False,137,871
221,105.30000000000003,1130,False,107,874
222,60.35000000000001,675,False,57,876
223,135.50000000000003,1434,False,135,879
224,24.349999999999998,314,False,28,880
225,172.45000000000002,1803,False,167,884
226,142.85000000000002,1521,False,135,887
227,142.70000000000002,1511,False,140,890
228,304.0,3161,True,406,899
229,144.3,1528,False,136,902
230,305.65,3161,True,363,910
231,169.25000000000003,1790,False,167,914
232,135.00000000000003,1435,False,137,917
233,135.10000000000002,1435,False,132,920
234,169.9,1789,False,164,924
235,158.85000000000002,1673,False,149,927
236,193.20000000000002,2027,False,190,931
237,143.85000000000002,1527,False,140,934
238,304.20000000000005,3161,True,397,942
239,135.20000000000002,1435,False,129,945
240,105.20000000000002,1129,False,107,948
241,171.3,1802,False,159,952
242,107.40000000000002,1153,False,106,955
243,171.00000000000003,1799,False,182,959
244,143.3,1523,False,140,962
245,107.05000000000003,1152,False,107,965
246,105.45000000000002,1129,False,109,968
247,135.10000000000002,1435,False,131,971
248,169.60000000000002,1786,False,164,975
249,143.70000000000002,1526,False,159,979
250,143.75,1521,False,148,982
251,143.65000000000003,1525,False,140,985
252,236.25,2468,False,338,992
253,303.85,3161,True,426,1001
254,167.40000000000003,1786,False,181,1005
255,169.30000000000004,1780,False,164,1009
256,186.85000000000002,1955,False,181,1013
257,169.70000000000002,1791,False,165,1017
258,104.60000000000002,1128,False,109,1020
259,159.15,1676,False,149,1023
260,193.0,2028,False,200,1027
261,170.80000000000004,1798,False,165,1031
262,305.6,3161,True,351,1039
263,143.3,1523,False,135,1042
264,170.00000000000003,1787,False,161,1046
265,105.00000000000001,1126,False,107,1049
266,169.70000000000002,1789,False,174,1053
267,158.60000000000002,1673,False,148,1056
268,235.45000000000002,2470,False,311,1063
269,104.45,1125,False,119,1066
270,170.10000000000002,1784,False,163,1070
271,235.85000000000005,2471,False,271,1076
272,171.4,1798,False,158,1080
273,169.75000000000003,1795,False,166,1084
274,144.3,1528,False,137,1087
275,192.20000000000002,2017,False,216,1092
276,169.80000000000004,1793,False,164,1096
277,105.30000000000001,1130,False,108,1099
278,105.10000000000001,1129,False,114,1102
279,171.35000000000005,1795,False,159,1106
280,104.55000000000003,1130,False,107,1109
281,304.35,3161,True,401,1118
282,143.55,1523,False,137,1121
283,169.85000000000002,1790,False,194,1125
284,143.20000000000002,1521,False,157,1129
285,134.35000000000002,1434,False,153,1133
286,105.30000000000003,1130,False,107,1136
287,237.40000000000003,2476,False,227,1141
288,304.20000000000005,3161,True,396,1149
289,192.40000000000003,2023,False,206,1154
290,158.50000000000003,1673,False,154,1158
291,171.75,1801,False,166,1162
292,185.55,1953,False,171,1166
293,105.30000000000001,1130,False,108,1169
294,170.0,1791,False,173,1173
295,143.8,1524,False,141,1176
296,193.65,2027,False,177,1180
297,104.35000000000002,1124,False,112,1183
298,169.8,1789,False,168,1187
299,170.20000000000002,1792,False,162,1191
300,107.50000000000003,1153,False,105,1194
301,143.05,1521,False,177,1198
302,186.20000000000002,1954,False,175,1202
303,134.55,1435,False,149,1205
304,82.15,898,False,122,1208
305,104.4,1128,False,115,1211
306,187.25,1963,False,178,1215
307,143.50000000000003,1522,False,146,1218
308,143.90000000000003,1524,False,135,1221
309,107.40000000000002,1153,False,107,1224
310,105.20000000000002,1129,False,106,1227
311,143.70000000000002,1523,False,141,1230
312,158.8,1675,False,149,1233
313,186.60000000000002,1958,False,174,1237
314,306.0,3161,True,382,1245
315,168.8,1793,False,165,1249
316,193.75,2028,False,203,1254
317,169.45000000000002,1792,False,163,1258
318,193.45000000000005,2026,False,181,1262
319,107.25000000000001,1155,False,113,1265
320,62.05000000000001,693,False,64,1267
321,143.85000000000002,1521,False,135,1270
322,143.9,1524,False,138,1273
323,135.20000000000002,1435,False,130,1276
324,194.10000000000002,2026,False,189,1280
325,157.85000000000002,1675,False,156,1284
326,170.00000000000003,1789,False,162,1288
327,304.25,3161,True,384,1296
328,105.20000000000002,1129,False,108,1299
329,105.10000000000002,1128,False,107,1302
330,144.0,1526,False,142,1305
331,171.00000000000003,1801,False,169,1309
332,237.15000000000003,2470,False,253,1315
333,134.05,1434,False,142,1318
334,170.95,1794,False,174,1322
335,192.25,2023,False,179,1326
336,135.0,1433,False,128,1329
337,169.90000000000003,1789,False,163,1333
338,159.10000000000002,1678,False,149,1336
339,193.60000000000002,2026,False,188,1340
340,169.70000000000002,1792,False,165,1344
341,187.05,1960,False,172,1348
342,104.85000000000001,1127,False,105,1351
343,169.90000000000003,1789,False,163,1355
344,143.8,1523,False,135,1358
345,158.40000000000003,1676,False,174,1362
346,159.85000000000002,1678,False,150,1365
347,104.55000000000003,1130,False,107,1368
348,170.20000000000002,1790,False,162,1372
349,158.10000000000002,1663,False,172,1376
350,141.8,1513,False,140,1379
351,236.80000000000004,2471,False,264,1385
352,169.3,1788,False,161,1389
353,235.9,2471,False,285,1395
354,304.95000000000005,3161,True,371,1403
355,169.75000000000003,1789,False,162,1407
356,104.70000000000002,1125,False,110,1410
357,104.80000000000001,1127,False,118,1413
358,237.45,2473,False,227,1418
359,63.20000000000001,709,False,73,1420
360,171.05,1798,False,164,1424
361,144.00000000000003,1525,False,136,1427
362,303.8,3161,True,388,1435
363,105.2,1129,False,105,1438
364,171.50000000000003,1803,False,177,1442
365,169.10000000000002,1782,False,166,1446
366,170.00000000000003,1794,False,160,1450
367,184.7,1942,False,189,1454
368,186.85000000000002,1959,False,204,1459
369,235.05,2470,False,287,1465
370,305.8500000000001,3161,True,328,1472
371,193.70000000000002,2028,False,192,1476
372,157.85000000000002,1673,False,148,1479
373,159.15,1677,False,153,1483
374,158.35000000000002,1676,False,161,1487
375,144.10000000000002,1526,False,136,1490
376,24.599999999999998,314,False,28,1491
377,61.25000000000001,684,False,83,1493
378,144.45000000000002,1527,False,136,1496
379,104.75000000000001,1127,False,107,1499
380,82.20000000000002,898,False,132,1502
381,142.55,1514,False,147,1505
382,186.70000000000005,1961,False,183,1509
383,169.75,1788,False,184,1513
384,305.2,3161,True,346,1520
385,158.5,1669,False,156,1524
386,236.45000000000002,2469,False,237,1529
387,170.05,1789,False,179,1533
388,169.00000000000003,1787,False,172,1537
389,170.25000000000003,1793,False,159,1541
390,170.90000000000003,1798,False,160,1545
391,186.55,1953,False,188,1549
392,263.35,2759,False,325,1556
393,265.15000000000003,2767,False,302,1563
394,172.25000000000003,1816,False,166,1567
395,143.8,1528,False,136,1570
396,186.65000000000003,1954,False,186,1574
397,305.25000000000006,3161,True,357,1582
398,157.65,1678,False,184,1586
399,170.95000000000002,1797,False,185,1590
400,134.20000000000002,1435,False,129,1593
401,193.90000000000003,2024,False,215,1598
402,191.85000000000002,2025,False,184,1602
403,170.4,1795,False,172,1606
404,143.1,1522,False,167,1610
405,170.9,1795,False,166,1614
406,142.45000000000002,1525,False,177,1618
407,143.9,1524,False,138,1621
408,169.95000000000002,1789,False,173,1625
409,142.25000000000003,1513,False,150,1628
410,193.05,2021,False,178,1632
411,143.85000000000002,1526,False,136,1635
412,63.650000000000006,711,False,71,1637
413,305.65,3161,True,338,1644
414,237.90000000000003,2474,False,248,1649
415,106.40000000000002,1153,False,106,1652
416,142.90000000000003,1515,False,146,1655
417,143.8,1523,False,142,1658
418,143.75,1522,False,149,1661
419,237.10000000000002,2470,False,292,1667
420,169.0,1793,False,181,1671
421,156.60000000000002,1655,False,163,1675
422,142.95000000000002,1524,False,145,1678
423,234.65000000000003,2468,False,397,1686
424,184.20000000000002,1949,False,252,1692
425,303.50000000000006,3161,True,357,1700
426,135.35000000000002,1434,False,130,1703
427,158.00000000000003,1671,False,167,1707
428,142.90000000000003,1514,False,144,1710
429,143.5,1520,False,139,1713
430,237.35,2470,False,243,1718
431,191.95000000000002,2020,False,179,1722
432,105.25000000000001,1129,False,143,1725
433,156.60000000000002,1665,False,159,1729
434,105.15,1128,False,116,1732
435,265.65000000000003,2762,False,280,1738
436,134.25,1433,False,129,1741
437,62.85000000000001,703,False,74,1743
438,143.8,1521,False,158,1747
439,169.20000000000002,1787,False,170,1751
440,142.05,1510,False,176,1755
441,193.0,2023,False,179,1759
442,144.00000000000003,1525,False,136,1762
443,107.40000000000002,1153,False,106,1765
444,186.8,1960,False,173,1769
445,23.100000000000005,300,False,31,1770
446,185.95,1952,False,212,1775
447,235.8,2471,False,289,1781
448,170.45000000000002,1797,False,165,1785
449,107.50000000000001,1154,False,106,1788
450,144.20000000000002,1527,False,136,1791
451,169.8,1789,False,169,1795
452,159.35000000000002,1678,False,150,1798
453,304.45,3161,True,391,1806
454,103.95000000000002,1129,False,135,1809
455,169.75000000000003,1789,False,161,1813
456,170.15000000000003,1787,False,162,1817
457,105.10000000000001,1130,False,118,1820
458,62.900000000000006,705,False,74,1822
459,144.05,1523,False,137,1825
460,144.20000000000002,1527,False,136,1828
461,169.30000000000004,1779,False,171,1832
462,143.3,1523,False,137,1835
463,193.70000000000005,2023,False,192,1839
464,236.05000000000004,2469,False,225,1844
465,169.85000000000002,1787,False,168,1848
466,143.00000000000003,1524,False,155,1852
467,169.20000000000002,1782,False,173,1856
468,107.50000000000003,1153,False,105,1859
469,143.95000000000002,1526,False,157,1863
470,104.95000000000002,1129,False,107,1866
471,305.15000000000003,3161,True,364,1874
472,104.90000000000002,1127,False,116,1877
473,235.95000000000005,2469,False,284,1883
474,143.45000000000005,1526,False,159,1887
475,170.05,1793,False,165,1891
476,74.2,819,False,97,1893
477,60.35000000000001,675,False,57,1895
478,187.60000000000002,1967,False,218,1900
479,236.15,2477,False,257,1906
480,236.4,2473,False,270,1912
481,236.50000000000006,2472,False,306,1919
482,104.20000000000002,1129,False,107,1922
483,186.3,1950,False,199,1926
484,169.95000000000002,1792,False,162,1930
485,303.55,3161,True,391,1938
486,169.70000000000002,1787,False,161,1942
487,143.70000000000002,1522,False,138,1945
488,234.55000000000004,2471,False,364,1953
489,305.95,3161,True,350,1960
490,104.20000000000002,1129,False,107,1963
491,170.25000000000006,1796,False,218,1968
492,304.15000000000003,3161,True,363,1976
493,189.20000000000005,1981,False,182,1980
494,169.85000000000002,1796,False,163,1984
495,143.85000000000002,1523,False,147,1987
496,159.10000000000002,1678,False,149,1990
497,143.8,1523,False,135,1993
498,235.75,2472,False,306,2000
499,170.00000000000003,1790,False,162,2004
500,171.40000000000003,1798,False,159,2008
501,134.05,1433,False,138,2011
502,171.0,1796,False,192,2015
503,104.00000000000001,1127,False,107,2018
504,105.10000000000002,1128,False,106,2021
505,134.9,1433,False,134,2024
506,142.15,1510,False,177,2028
507,194.00000000000003,2029,False,182,2032
508,104.25000000000001,1127,False,107,2035
509,143.70000000000002,1522,False,135,2038
510,134.70000000000002,1434,False,146,2041
511,306.50000000000006,3161,True,383,2049
512,142.00000000000003,1526,False,143,2052
513,144.0,1526,False,142,2055
514,237.20000000000002,2472,False,255,2061
515,168.3,1779,False,183,2065
516,107.20000000000002,1155,False,129,2068
517,169.8,1788,False,161,2072
518,105.20000000000002,1129,False,106,2075
519,135.20000000000002,1435,False,129,2078
520,169.8,1788,False,163,2082
521,304.34999999999997,3161,True,403,2091
522,142.45000000000002,1512,False,141,2094
523,236.70000000000005,2470,False,237,2099
524,305.4,3161,True,360,2107
525,143.8,1528,False,136,2110
526,74.50000000000001,824,False,109,2113
527,171.10000000000005,1799,False,204,2118
528,106.50000000000001,1154,False,106,2121
529,107.40000000000002,1153,False,106,2124
530,144.3,1528,False,136,2127
531,172.10000000000002,1801,False,169,2131
532,142.00000000000003,1515,False,140,2134
533,236.40000000000003,2471,False,260,2140
534,193.75000000000006,2022,False,197,2144
535,133.95000000000002,1435,False,130,2147
536,237.10000000000002,2473,False,281,2153
537,142.50000000000003,1524,False,159,2157
538,169.85000000000002,1784,False,162,2161
539,106.95000000000002,1151,False,108,2164
540,169.75000000000003,1785,False,173,2168
541,105.00000000000001,1129,False,120,2171
542,169.00000000000003,1780,False,165,2175
543,170.60000000000002,1794,False,160,2179
544,104.65,1130,False,126,2182
545,135.20000000000002,1435,False,130,2185
546,304.65000000000003,3161,True,414,2194
547,169.3,1781,False,179,2198
548,168.65000000000003,1784,False,164,2202
549,106.90000000000002,1153,False,106,2205
550,135.0,1433,False,128,2208
551,193.55,2023,False,189,2212
552,235.45000000000005,2470,False,270,2218
553,236.75000000000003,2476,False,321,2225
554,168.15,1784,False,162,2229
555,143.70000000000002,1522,False,135,2232
556,236.90000000000003,2473,False,242,2237
557,171.25,1799,False,158,2241
558,236.70000000000005,2467,False,275,2247
559,104.05000000000003,1129,False,105,2250
560,135.0,1435,False,136,2253
561,169.60000000000002,1786,False,164,2257
562,158.60000000000002,1673,False,148,2260
563,143.0,1521,False,167,2264
564,105.20000000000002,1128,False,105,2267
565,168.80000000000004,1778,False,164,2271
566,172.05,1802,False,159,2275
567,170.10000000000002,1795,False,167,2279
568,143.65000000000003,1526,False,145,2282
569,235.40000000000003,2468,False,299,2288
570,105.10000000000001,1129,False,115,2291
571,169.8,1788,False,163,2295
572,237.75,2472,False,259,2301
573,170.40000000000003,1803,False,159,2305
574,107.25000000000003,1153,False,105,2308
575,192.80000000000004,2023,False,211,2313
576,143.3,1523,False,135,2316
577,105.00000000000003,1129,False,120,2319
578,105.00000000000001,1127,False,106,2322
579,170.85000000000002,1789,False,161,2326
580,142.05,1512,False,139,2329
581,237.45000000000002,2471,False,241,2334
582,299.65000000000003,3161,True,614,2347
583,143.8,1528,False,136,2350
584,143.60000000000002,1521,False,135,2353
585,135.00000000000003,1434,False,131,2356
586,144.20000000000002,1527,False,137,2359
587,185.10000000000002,1943,False,178,2363
588,169.40000000000003,1784,False,163,2367
589,236.00000000000006,2469,False,269,2373
590,236.55,2473,False,274,2379
591,169.25000000000003,1788,False,177,2383
592,185.85000000000002,1944,False,183,2387
593,171.0,1799,False,158,2391
594,134.05,1433,False,138,2394
595,170.20000000000002,1792,False,163,2398
596,236.3,2475,False,282,2404
597,307.15000000000003,3161,True,335,2411
598,141.95000000000002,1523,False,141,2414
599,238.15000000000006,2470,False,253,2420
600,103.35000000000002,1127,False,105,2423
601,171.00000000000003,1794,False,158,2427
602,134.10000000000002,1433,False,145,2430
603,169.65,1785,False,191,2434
604,168.55,1781,False,166,2438
605,142.8,1514,False,141,2441
606,236.70000000000005,2472,False,273,2447
607,169.5,1788,False,160,2451
608,187.15000000000003,1955,False,191,2455
609,103.85000000000002,1128,False,110,2458
610,170.8,1793,False,168,2462
611,104.60000000000002,1128,False,106,2465
612,143.60000000000002,1522,False,145,2468
613,170.60000000000002,1794,False,159,2472
614,144.20000000000002,1527,False,137,2475
615,194.75,2040,False,188,2479
616,169.40000000000003,1786,False,176,2483
617,143.85000000000002,1526,False,138,2486
618,142.50000000000003,1510,False,143,2489
619,158.75000000000003,1669,False,158,2493
620,104.55000000000003,1130,False,107,2496
621,144.20000000000002,1527,False,137,2499
622,144.3,1528,False,137,2502
623,192.60000000000002,2021,False,189,2506
624,23.400000000000002,303,False,31,2507
625,64.25000000000001,712,False,71,2509
626,135.45000000000002,1435,False,130,2512
627,157.85000000000002,1661,False,166,2516
628,191.40000000000003,2012,False,206,2521
629,141.75000000000003,1509,False,143,2524
630,185.20000000000002,1943,False,190,2528
631,106.5,1149,False,107,2531
632,304.45000000000005,3161,True,367,2539
633,104.95000000000002,1129,False,108,2542
634,105.20000000000002,1129,False,107,2545
635,169.15000000000003,1775,False,168,2549
636,169.05000000000004,1782,False,164,2553
637,169.55,1786,False,162,2557
638,104.85000000000002,1128,False,107,2560
639,194.75000000000003,2021,False,190,2564
640,156.85000000000002,1678,False,150,2567
641,143.8,1523,False,135,2570
642,194.15000000000003,2025,False,194,2574
643,303.1,3161,True,401,2583
644,169.35000000000002,1784,False,163,2587
645,185.55,1945,False,198,2591
646,142.75,1525,False,165,2595
647,169.10000000000005,1781,False,164,2599
648,159.35000000000002,1678,False,150,2602
649,194.15000000000003,2022,False,177,2606
650,184.40000000000003,1953,False,209,2611
651,104.50000000000001,1127,False,107,2614
652,237.85000000000002,2472,False,253,2620
653,142.65000000000003,1525,False,142,2623
654,172.8,1806,False,164,2627
655,239.3,2470,False,259,2633
656,188.8,2023,False,186,2637
657,105.20000000000002,1129,False,106,2640
658,144.3,1528,False,136,2643
659,185.95000000000002,1951,False,182,2647
660,186.90000000000003,1964,False,190,2651
661,107.15000000000002,1153,False,106,2654
662,143.95,1523,False,150,2657
663,235.25,2470,False,323,2664
664,236.95000000000002,2475,False,237,2669
665,305.05000000000007,3161,True,365,2677
666,143.50000000000003,1526,False,142,2680
667,169.60000000000002,1786,False,164,2684
668,187.35000000000002,1958,False,173,2688
669,186.10000000000002,1955,False,181,2692
670,134.25,1433,False,129,2695
671,264.3,2759,False,290,2701
672,169.25000000000003,1781,False,193,2705
673,304.85,3161,True,379,2713
674,143.00000000000003,1525,False,136,2716
675,105.20000000000002,1129,False,106,2719
676,105.10000000000002,1127,False,105,2722
677,143.55,1524,False,144,2725
678,170.15000000000003,1789,False,163,2729
679,305.30000000000007,3161,True,367,2737
680,104.60000000000002,1127,False,105,2740
681,135.35,1434,False,127,2743
682,134.85000000000002,1435,False,131,2746
683,135.0,1433,False,129,2749
684,105.05000000000001,1130,False,132,2752
685,236.8,2474,False,254,2758
686,104.15,1125,False,127,2761
687,235.00000000000003,2468,False,338,2768
688,104.00000000000001,1127,False,131,2771
689,134.9,1433,False,130,2774
690,169.5,1781,False,171,2778
691,106.69999999999999,1152,False,115,2781
692,143.8,1523,False,137,2784
693,169.70000000000002,1788,False,167,2788
694,236.60000000000002,2469,False,286,2794
695,170.35000000000002,1795,False,159,2798
696,188.65000000000003,1978,False,180,2802
697,158.10000000000002,1678,False,149,2805
698,186.20000000000002,1951,False,183,2809
699,304.55,3161,True,366,2817
700,158.4,1673,False,207,2822
701,142.85000000000002,1526,False,136,2825
702,105.10000000000001,1129,False,114,2828
703,135.05,1434,False,140,2831
704,134.75,1433,False,128,2834
705,143.70000000000002,1522,False,135,2837
706,170.15,1787,False,163,2841
707,169.35000000000002,1780,False,165,2845
708,169.95000000000002,1792,False,162,2849
709,134.95000000000002,1435,False,129,2852
710,171.15000000000003,1798,False,159,2856
711,169.65000000000003,1784,False,166,2860
712,143.3,1523,False,135,2863
713,105.0,1130,False,124,2866
714,107.40000000000002,1153,False,106,2869
715,235.8,2469,False,280,2875
716,171.55,1788,False,174,2879
717,103.25000000000001,1127,False,107,2882
718,169.95000000000005,1785,False,162,2886
719,143.55,1523,False,135,2889
720,107.20000000000002,1151,False,107,2892
721,305.25000000000006,3161,True,406,2901
722,141.55,1512,False,139,2904
723,305.70000000000005,3161,True,348,2911
724,185.40000000000003,1949,False,212,2916
725,104.20000000000002,1129,False,107,2919
726,192.95000000000002,2016,False,209,2924
727,236.05000000000004,2469,False,282,2930
728,103.70000000000003,1129,False,109,2933
729,135.10000000000002,1435,False,135,2936
730,169.50000000000003,1786,False,173,2940
731,159.10000000000002,1678,False,149,2943
732,305.30000000000007,3161,True,370,2951
733,264.8,2759,False,267,2957
734,170.45000000000002,1790,False,162,2961
735,106.65000000000002,1152,False,105,2964
736,158.8,1676,False,153,2968
737,304.75,3161,True,351,2976
738,169.35000000000002,1784,False,163,2980
739,144.10000000000002,1526,False,139,2983
740,185.25000000000003,1946,False,192,2987
741,134.95000000000002,1435,False,129,2990
742,171.45000000000005,1797,False,164,2994
743,304.2,3161,True,399,3002
744,143.25,1526,False,140,3005
745,105.10000000000002,1128,False,107,3008
746,142.50000000000003,1510,False,143,3011
747,107.15000000000002,1153,False,106,3014
748,105.55000000000003,1130,False,107,3017
749,193.4,2027,False,178,3021
750,170.40000000000003,1791,False,164,3025
751,169.3,1783,False,166,3029
752,105.20000000000002,1129,False,108,3032
753,157.1,1659,False,154,3036
754,305.75,3161,True,356,3044
755,305.05,3161,True,369,3052
756,74.10000000000001,831,False,112,3055
757,193.30000000000004,2029,False,196,3059
758,236.20000000000005,2471,False,269,3065
759,170.00000000000003,1788,False,162,3069
760,171.65,1798,False,158,3073
761,186.20000000000002,1956,False,185,3077
762,168.65000000000003,1780,False,166,3081
763,169.85,1794,False,185,3085
764,169.95,1793,False,172,3089
765,144.15,1528,False,159,3093
766,169.8,1786,False,165,3097
767,169.95000000000002,1788,False,166,3101
768,172.0,1805,False,169,3105
769,168.90000000000003,1787,False,162,3109
770,170.9,1795,False,174,3113
771,192.60000000000002,2026,False,189,3117
772,135.0,1433,False,128,3120
773,194.40000000000003,2022,False,178,3124
774,103.70000000000002,1129,False,106,3127
775,135.0,1433,False,128,3130
776,169.75000000000003,1785,False,175,3134
777,170.95000000000005,1799,False,196,3138
778,158.35000000000002,1678,False,150,3141
779,134.95000000000002,1435,False,130,3144
780,194.50000000000003,2021,False,194,3148
781,302.45,3161,True,396,3156
782,134.65000000000003,1434,False,139,3159
783,169.70000000000002,1781,False,164,3163
784,158.85000000000002,1678,False,149,3166
785,171.20000000000002,1800,False,159,3170
786,194.20000000000002,2028,False,194,3174
787,304.00000000000006,3161,True,358,3182
788,143.85000000000002,1527,False,140,3185
789,169.9,1788,False,162,3189
790,76.2,843,False,117,3192
791,194.40000000000003,2022,False,177,3196
792,157.50000000000003,1677,False,149,3199
793,159.0,1677,False,148,3202
794,170.15,1787,False,162,3206
795,304.65000000000003,3161,True,365,3214
796,135.10000000000002,1435,False,135,3217
797,238.85,2476,False,247,3222
798,302.6,3161,True,452,3232
799,168.90000000000003,1787,False,162,3236
800,186.45000000000002,1959,False,172,3240
801,107.20000000000002,1150,False,105,3243
802,107.50000000000001,1154,False,106,3246
803,105.20000000000002,1129,False,106,3249
804,236.55,2470,False,265,3255
805,104.95000000000002,1129,False,106,3258
806,171.05,1796,False,179,3262
807,104.15,1129,False,123,3265
808,170.10000000000002,1790,False,170,3269
809,144.3,1528,False,136,3272
810,186.15,1956,False,199,3276
811,170.50000000000003,1788,False,161,3280
812,235.60000000000002,2474,False,290,3286
813,236.40000000000003,2473,False,270,3292
814,304.85,3161,True,351,3300
815,170.4,1795,False,166,3304
816,171.55000000000004,1796,False,159,3308
817,169.5,1787,False,159,3312
818,235.65000000000003,2464,False,272,3318
819,235.00000000000003,2472,False,308,3325
820,169.9,1787,False,161,3329
821,105.10000000000001,1127,False,105,3332
822,134.40000000000003,1429,False,138,3335
823,171.65,1798,False,158,3339
824,104.25000000000001,1127,False,107,3342
825,170.0,1788,False,163,3346
826,237.3,2473,False,273,3352
827,134.0,1433,False,128,3355
828,302.75000000000006,3161,True,484,3365
829,158.45000000000005,1675,False,153,3369
830,135.25000000000003,1435,False,138,3372
831,170.4,1793,False,167,3376
832,107.05000000000003,1152,False,106,3379
833,63.650000000000006,711,False,71,3381
834,171.60000000000002,1795,False,164,3385
835,156.45000000000002,1660,False,154,3389
836,171.70000000000002,1800,False,159,3393
837,104.50000000000001,1129,False,117,3396
838,105.30000000000001,1132,False,113,3399
839,169.50000000000003,1785,False,162,3403
840,306.8,3161,True,392,3411
841,302.7,3161,True,348,3418
842,170.20000000000002,1794,False,177,3422
843,171.0,1799,False,158,3426
844,237.00000000000003,2470,False,280,3432
845,103.85000000000002,1131,False,145,3435
846,171.15000000000003,1803,False,159,3439
847,62.55000000000001,701,False,77,3441
848,135.25,1433,False,128,3444
849,237.90000000000003,2472,False,262,3450
850,103.90000000000002,1132,False,108,3453
851,305.6,3161,True,328,3460
852,187.05000000000004,1964,False,194,3464
853,104.75000000000001,1126,False,107,3467
854,135.20000000000002,1435,False,130,3470
855,135.15,1434,False,140,3473
856,169.75000000000003,1788,False,162,3477
857,171.70000000000005,1805,False,184,3481
858,143.75,1527,False,150,3484
859,169.85000000000002,1789,False,161,3488
860,192.55000000000004,2009,False,217,3493
861,133.60000000000002,1435,False,132,3496
862,169.15,1785,False,183,3500
863,135.20000000000002,1435,False,128,3503
864,235.60000000000002,2468,False,286,3509
865,105.20000000000002,1129,False,107,3512
866,143.5,1523,False,152,3516
867,24.799999999999997,316,False,29,3517
868,237.60000000000002,2470,False,268,3523
869,235.45000000000002,2470,False,270,3529
870,171.65,1799,False,164,3533
871,186.60000000000002,1965,False,214,3538
872,168.10000000000002,1779,False,169,3542
873,142.5,1512,False,152,3546
874,135.0,1433,False,129,3549
875,185.55,1946,False,176,3553
876,185.95000000000002,1954,False,173,3557
877,172.40000000000003,1803,False,159,3561
878,103.30000000000001,1123,False,128,3564
879,170.60000000000002,1788,False,184,3568
880,303.95,3161,True,371,3576
881,184.75000000000003,1943,False,179,3580
882,306.0,3161,True,333,3587
883,134.60000000000002,1434,False,128,3590
884,235.3,2469,False,304,3597
885,169.60000000000002,1788,False,184,3601
886,143.90000000000003,1524,False,135,3604
887,135.10000000000002,1434,False,128,3607
888,193.60000000000002,2024,False,177,3611
889,134.70000000000002,1435,False,129,3614
890,193.45000000000002,2020,False,177,3618
891,142.85000000000002,1521,False,135,3621
892,237.10000000000002,2471,False,271,3627
893,170.75,1799,False,158,3631
894,104.25000000000001,1127,False,107,3634
895,143.70000000000002,1522,False,137,3637
896,170.00000000000003,1789,False,162,3641
897,170.10000000000002,1791,False,164,3645
898,171.3,1797,False,181,3649
899,142.8,1523,False,135,3652
900,143.8,1523,False,137,3655
901,171.2,1795,False,181,3659
902,71.75,807,False,103,3662
903,143.85,1515,False,139,3665
904,106.70000000000002,1150,False,105,3668
905,105.00000000000001,1127,False,107,3671
906,157.25000000000003,1650,False,168,3675
907,169.60000000000002,1794,False,160,3679
908,169.55,1783,False,163,3683
909,169.10000000000002,1786,False,162,3687
910,144.00000000000003,1525,False,136,3690
911,169.8,1788,False,194,3694
912,158.85000000000002,1678,False,150,3697
913,143.75000000000003,1525,False,136,3700
914,186.65000000000003,1960,False,194,3704
915,158.15,1672,False,150,3707
916,236.60000000000002,2470,False,292,3713
917,132.70000000000002,1418,False,130,3716
918,169.5,1783,False,163,3720
919,169.60000000000002,1781,False,168,3724
920,170.90000000000003,1798,False,159,3728
921,134.70000000000002,1435,False,129,3731
922,304.25000000000006,3161,True,409,3740
923,171.40000000000003,1797,False,159,3744
924,143.20000000000005,1522,False,139,3747
925,168.70000000000002,1778,False,166,3751
926,169.45000000000005,1784,False,163,3755
927,134.95,1433,False,143,3758
928,193.45000000000002,2023,False,193,3762
929,143.10000000000002,1526,False,140,3765
930,24.700000000000003,315,False,27,3766
931,170.60000000000002,1789,False,161,3770
932,169.70000000000002,1787,False,163,3774
933,171.35000000000002,1799,False,177,3778
934,169.45000000000002,1784,False,199,3782
935,234.35000000000002,2472,False,303,3789
936,169.35000000000002,1786,False,177,3793
937,143.8,1524,False,144,3796
938,171.25000000000003,1798,False,159,3800
939,143.55,1523,False,135,3803
940,236.45000000000002,2469,False,263,3809
941,144.05,1528,False,138,3812
942,237.05,2472,False,245,3817
943,143.55,1523,False,135,3820
944,304.80000000000007,3161,True,368,3828
945,143.8,1523,False,135,3831
946,105.00000000000001,1127,False,107,3834
947,171.05,1797,False,159,3838
948,192.70000000000002,2021,False,206,3843
949,134.25,1433,False,128,3846
950,134.9,1433,False,134,3849
951,170.15000000000003,1787,False,162,3853
952,169.15000000000003,1783,False,164,3857
953,170.9,1798,False,158,3861
954,104.95000000000002,1128,False,129,3864
955,104.75000000000001,1127,False,107,3867
956,187.10000000000002,1963,False,173,3871
957,305.65000000000003,3161,True,361,3879
958,169.70000000000002,1795,False,178,3883
959,134.75,1433,False,128,3886
960,143.8,1525,False,146,3889
961,135.0,1433,False,128,3892
962,144.10000000000002,1526,False,137,3895
963,169.95000000000002,1791,False,212,3900
964,304.40000000000003,3161,True,334,3907
965,134.45000000000002,1433,False,145,3910
966,171.15000000000003,1798,False,159,3914
967,158.05,1673,False,161,3918
968,135.20000000000002,1435,False,130,3921
969,170.0,1789,False,161,3925
970,135.35,1434,False,127,3928
971,169.65000000000003,1787,False,161,3932
972,237.70000000000002,2470,False,236,3937
973,171.05,1802,False,159,3941
974,169.15,1787,False,161,3945
975,143.8,1524,False,144,3948
976,169.10000000000002,1783,False,181,3952
977,105.00000000000001,1127,False,113,3955
978,169.8,1788,False,169,3959
979,169.10000000000002,1783,False,172,3963
980,239.75000000000003,2471,False,279,3969
981,103.55000000000001,1152,False,106,3972
982,193.15000000000003,2019,False,212,3977
983,191.8,2018,False,185,3981
984,236.55,2471,False,238,3986
985,169.60000000000002,1789,False,161,3990
986,105.20000000000002,1129,False,107,3993
987,306.35,3161,True,326,4000
988,141.75000000000003,1512,False,154,4004
989,142.9,1513,False,140,4007
990,237.65000000000003,2471,False,257,4013
991,133.75,1433,False,128,4016
992,170.4,1795,False,166,4020
993,185.10000000000002,1942,False,203,4025
994,169.70000000000002,1791,False,162,4029
995,235.90000000000003,2472,False,289,4035
996,306.85,3161,True,330,4042
997,303.90000000000003,3161,True,389,4050
998,186.35000000000002,1963,False,172,4054
999,105.20000000000002,1129,False,107,4057
1000,170.65,1792,False,163,4061
1001,193.55,2022,False,207,4066
1002,184.15000000000003,1948,False,182,4070
1003,187.0,1962,False,174,4074
1004,170.55,1798,False,165,4078
1005,193.90000000000003,2024,False,189,4082
1006,142.8,1523,False,136,4085
1007,171.15000000000003,1798,False,160,4089
1008,193.15,2027,False,178,4093
1009,236.3,2471,False,264,4099
1010,185.55000000000004,1944,False,194,4103
1011,106.65000000000002,1153,False,106,4106
1012,105.20000000000002,1129,False,107,4109
1013,143.95000000000002,1522,False,136,4112
1014,186.20000000000002,1955,False,177,4116
1015,143.65000000000003,1526,False,146,4119
1016,135.20000000000002,1435,False,130,4122
1017,187.10000000000002,1963,False,173,4126
1018,144.60000000000002,1528,False,146,4129
1019,169.50000000000003,1787,False,162,4133
1020,105.00000000000001,1127,False,107,4136
1021,172.15000000000003,1803,False,159,4140
1022,169.25000000000003,1789,False,162,4144
1023,135.2,1435,False,128,4147
1024,144.3,1528,False,136,4150
1025,306.45,3161,True,320,4157
1026,305.1,3161,True,351,4165
1027,59.70000000000001,681,False,83,4167
1028,194.15,2024,False,186,4171
1029,169.90000000000003,1793,False,162,4175
1030,143.3,1523,False,135,4178
1031,266.45000000000005,2765,False,276,4184
1032,142.8,1528,False,137,4187
1033,144.55,1528,False,137,4190
1034,172.05,1802,False,159,4194
1035,141.95000000000002,1512,False,141,4197
1036,172.05,1802,False,159,4201
1037,104.25000000000001,1127,False,107,4204
1038,170.15,1788,False,167,4208
1039,186.3,1960,False,198,4212
1040,170.65000000000003,1798,False,160,4216
1041,170.0,1789,False,161,4220
1042,305.55,3161,True,341,4227
1043,187.60000000000002,1963,False,172,4231
1044,170.55,1803,False,188,4235
1045,134.70000000000002,1435,False,128,4238
1046,105.00000000000001,1128,False,114,4241
1047,237.15000000000003,2470,False,252,4247
1048,143.25000000000003,1525,False,136,4250
1049,135.0,1434,False,130,4253
1050,186.8,1960,False,172,4257
1051,143.8,1523,False,135,4260
1052,170.8,1791,False,161,4264
1053,134.45000000000002,1435,False,154,4268
1054,159.00000000000003,1677,False,147,4271
1055,143.45000000000002,1522,False,139,4274
1056,169.75000000000003,1781,False,167,4278
1057,104.35000000000001,1126,False,105,4281
1058,169.70000000000002,1784,False,162,4285
1059,135.0,1433,False,128,4288
1060,71.9,790,False,79,4290
1061,235.05,2470,False,332,4297
1062,169.55000000000004,1788,False,163,4301
1063,144.00000000000003,1525,False,136,4304
1064,144.3,1528,False,136,4307
1065,305.09999999999997,3161,True,380,4315
1066,142.40000000000003,1514,False,140,4318
1067,170.05,1786,False,162,4322
1068,134.75,1433,False,128,4325
1069,171.65000000000003,1803,False,159,4329
1070,236.15000000000003,2470,False,256,4335
1071,265.8,2763,False,289,4341
1072,142.8,1523,False,135,4344
1073,169.3,1784,False,175,4348
1074,143.9,1524,False,136,4351
1075,304.59999999999997,3161,True,377,4359
1076,169.60000000000002,1781,False,165,4363
1077,169.10000000000002,1784,False,165,4367
1078,169.70000000000002,1785,False,165,4371
1079,305.0,3161,True,406,4380
1080,304.09999999999997,3161,True,354,4388
1081,237.45000000000002,2475,False,235,4393
1082,104.95000000000002,1128,False,105,4396
1083,265.2,2760,False,330,4403
1084,103.60000000000001,1127,False,105,4406
1085,143.8,1523,False,135,4409
1086,265.34999999999997,2760,False,306,4416
1087,168.15000000000003,1782,False,165,4420
1088,169.5,1785,False,162,4424
1089,135.0,1433,False,128,4427
1090,236.35000000000002,2473,False,281,4433
1091,169.60000000000002,1781,False,165,4437
1092,168.95000000000002,1784,False,165,4441
1093,105.00000000000001,1127,False,107,4444
1094,60.150000000000006,679,False,86,4446
1095,144.05,1523,False,135,4449
1096,264.15000000000003,2760,False,416,4458
1097,132.65,1434,False,186,4462
1098,171.0,1799,False,158,4466
1099,134.20000000000002,1435,False,128,4469
1100,107.40000000000002,1153,False,106,4472
1101,169.60000000000002,1785,False,183,4476
1102,104.15,1126,False,136,4479
1103,169.75,1788,False,160,4483
1104,185.95000000000002,1947,False,188,4487
1105,158.05,1675,False,149,4490
1106,169.8,1786,False,161,4494
1107,170.60000000000002,1789,False,183,4498
1108,106.50000000000003,1153,False,105,4501
1109,104.85000000000001,1129,False,136,4504
1110,143.10000000000002,1522,False,167,4508
1111,170.20000000000002,1796,False,184,4512
1112,236.45000000000002,2472,False,247,4517
1113,192.15,2009,False,187,4521
1114,143.05,1523,False,135,4524
1115,185.20000000000005,1944,False,179,4528
1116,143.00000000000003,1515,False,139,4531
1117,170.85000000000002,1795,False,158,4535
1118,170.10000000000002,1791,False,163,4539
1119,193.10000000000002,2021,False,188,4543
1120,192.65000000000003,2028,False,182,4547
1121,304.95000000000005,3161,True,400,4555
1122,170.10000000000002,1787,False,173,4559
1123,133.75,1433,False,128,4562
1124,24.700000000000003,315,False,27,4563
1125,187.35000000000002,1956,False,185,4567
1126,104.35000000000002,1127,False,105,4570
1127,158.85000000000002,1673,False,148,4573
1128,171.2,1799,False,172,4577
1129,143.05,1523,False,135,4580
1130,237.15000000000003,2473,False,266,4586
1131,236.15000000000003,2472,False,237,4591
1132,143.8,1523,False,135,4594
1133,105.30000000000003,1130,False,106,4597
1134,105.10000000000001,1126,False,105,4600
1135,171.0,1800,False,161,4604
1136,192.05,2013,False,190,4608
1137,158.35000000000002,1673,False,150,4611
1138,264.7,2760,False,277,4617
1139,169.85000000000002,1788,False,182,4621
1140,193.50000000000003,2029,False,182,4625
1141,304.70000000000005,3161,True,373,4633
1142,305.50000000000006,3161,True,331,4640
1143,305.4,3161,True,337,4647
1144,185.85000000000002,1953,False,173,4651
1145,172.15000000000003,1803,False,159,4655
1146,172.90000000000003,1819,False,165,4659
1147,168.70000000000005,1780,False,164,4663
1148,134.65,1433,False,134,4666
1149,144.3,1528,False,137,4669
1150,105.10000000000001,1128,False,106,4672
1151,169.80000000000004,1786,False,161,4676
1152,170.15000000000003,1787,False,162,4680
1153,170.8,1797,False,159,4684
1154,193.15000000000003,2022,False,178,4688
1155,169.20000000000002,1786,False,165,4692
1156,105.0,1128,False,115,4695
1157,171.35000000000002,1802,False,167,4699
1158,143.55,1523,False,135,4702
1159,105.05000000000001,1130,False,108,4705
1160,105.25000000000001,1127,False,107,4708
1161,193.55000000000004,2018,False,187,4712
1162,235.45000000000002,2472,False,247,4717
1163,186.35000000000002,1952,False,193,4721
1164,305.1,3161,True,380,4729
1165,142.55,1523,False,137,4732
1166,305.25,3161,True,356,4740
1167,184.55,1940,False,177,4744
1168,170.40000000000003,1789,False,162,4748
1169,107.00000000000003,1153,False,105,4751
1170,142.70000000000002,1513,False,146,4754
1171,173.25000000000003,1816,False,168,4758
1172,60.10000000000001,685,False,81,4760
1173,158.05000000000004,1666,False,152,4764
1174,105.00000000000001,1127,False,107,4767
1175,107.40000000000002,1153,False,106,4770
1176,142.8,1512,False,139,4773
1177,194.20000000000002,2024,False,197,4777
1178,103.60000000000002,1128,False,110,4780
1179,193.4,2027,False,177,4784
1180,303.65000000000003,3161,True,440,4793
1181,169.75000000000003,1786,False,170,4797
1182,185.75,1954,False,184,4801
1183,237.25000000000003,2472,False,230,4806
1184,236.60000000000002,2473,False,258,4812
1185,171.60000000000002,1800,False,165,4816
1186,184.75000000000003,1951,False,190,4820
1187,192.65000000000003,2023,False,185,4824
1188,235.20000000000002,2471,False,317,4831
1189,143.70000000000002,1522,False,136,4834
1190,170.10000000000002,1792,False,171,4838
1191,170.15,1795,False,174,4842
1192,135.25,1433,False,128,4845
1193,105.20000000000002,1129,False,107,4848
1194,143.90000000000003,1524,False,145,4851
1195,107.10000000000002,1150,False,106,4854
1196,170.00000000000003,1788,False,161,4858
1197,105.00000000000001,1127,False,107,4861
1198,306.05,3161,True,344,4868
1199,169.65000000000003,1795,False,173,4872
1200,105.00000000000001,1127,False,107,4875
1201,171.05000000000004,1793,False,165,4879
1202,143.05,1525,False,145,4882
1203,186.4,1957,False,180,4886
1204,135.10000000000002,1434,False,129,4889
1205,304.65,3161,True,388,4897
1206,265.95,2772,False,311,4904
1207,168.9,1784,False,164,4908
1208,24.099999999999998,314,False,28,4909
1209,194.0,2022,False,198,4913
1210,233.75000000000003,2470,False,345,4920
1211,169.9,1787,False,161,4924
1212,169.65000000000003,1789,False,170,4928
1213,172.10000000000002,1794,False,168,4932
1214,133.5,1433,False,128,4935
1215,105.20000000000002,1129,False,108,4938
1216,143.75000000000003,1526,False,165,4942
1217,305.65000000000003,3161,True,311,4949
1218,143.8,1523,False,135,4952
1219,235.75000000000006,2470,False,296,4958
1220,158.35000000000002,1674,False,152,4962
1221,193.25,2018,False,176,4966
1222,104.35000000000001,1127,False,105,4969
1223,144.0,1525,False,140,4972
1224,144.00000000000003,1525,False,136,4975
1225,144.3,1528,False,136,4978
1226,105.00000000000001,1127,False,107,4981
1227,171.55,1798,False,161,4985
1228,104.45000000000002,1129,False,107,4988
1229,237.15000000000003,2471,False,232,4993
1230,169.15000000000003,1785,False,170,4997
1231,185.50000000000003,1951,False,191,5001
1232,235.45000000000002,2469,False,282,5007
1233,144.45000000000002,1526,False,136,5010
1234,169.8,1788,False,162,5014
1235,305.95000000000005,3161,True,322,5021
1236,263.40000000000003,2759,False,338,5028
1237,134.65000000000003,1433,False,133,5031
1238,170.45000000000002,1790,False,162,5035
1239,142.25,1513,False,160,5039
1240,236.60000000000005,2469,False,270,5045
1241,236.20000000000002,2472,False,249,5050
1242,105.20000000000002,1129,False,107,5053
1243,237.35000000000002,2476,False,242,5058
1244,104.85000000000001,1127,False,105,5061
1245,171.55,1798,False,160,5065
1246,184.15000000000003,1941,False,178,5069
1247,235.15,2469,False,325,5076
1248,186.45000000000002,1959,False,172,5080
1249,63.25000000000001,706,False,68,5082
1250,169.40000000000003,1781,False,181,5086
1251,308.15000000000003,3161,True,415,5095
1252,182.54999999999998,1962,False,205,5100
1253,237.20000000000002,2472,False,254,5106
1254,104.05000000000003,1130,False,106,5109
1255,169.70000000000002,1787,False,174,5113
1256,105.10000000000001,1129,False,113,5116
1257,236.8,2474,False,253,5122
1258,236.60000000000002,2477,False,274,5128
1259,107.50000000000003,1153,False,105,5131
1260,144.3,1528,False,136,5134
1261,105.20000000000002,1129,False,108,5137
1262,170.95000000000002,1792,False,164,5141
1263,104.45000000000002,1129,False,106,5144
1264,142.70000000000002,1512,False,141,5147
1265,144.3,1528,False,137,5150
1266,144.3,1528,False,136,5153
1267,169.3,1782,False,163,5157
1268,143.60000000000002,1515,False,139,5160
1269,169.60000000000002,1786,False,165,5164
1270,168.60000000000002,1777,False,167,5168
1271,143.5,1526,False,141,5171
1272,235.65000000000003,2472,False,386,5179
1273,140.75,1512,False,150,5182
1274,186.45000000000005,1953,False,190,5186
1275,141.95000000000002,1512,False,144,5189
1276,81.9,898,False,122,5192
1277,143.20000000000002,1519,False,146,5195
1278,304.7,3161,True,399,5203
1279,193.75,2013,False,234,5208
1280,166.60000000000002,1787,False,168,5212
1281,192.55000000000004,2025,False,199,5216
1282,170.00000000000003,1791,False,167,5220
1283,135.20000000000002,1435,False,130,5223
1284,105.00000000000001,1127,False,107,5226
1285,82.15,898,False,122,5229
1286,143.35000000000002,1521,False,135,5232
1287,305.3500000000001,3161,True,354,5240
1288,144.05,1528,False,136,5243
1289,105.10000000000002,1128,False,107,5246
1290,134.85000000000002,1434,False,152,5250
1291,172.05,1805,False,175,5254
1292,141.70000000000002,1512,False,141,5257
1293,159.00000000000003,1677,False,149,5260
1294,186.05,1947,False,186,5264
1295,104.45000000000002,1129,False,106,5267
1296,193.60000000000002,2021,False,190,5271
1297,142.8,1523,False,135,5274
1298,144.00000000000003,1526,False,143,5277
1299,81.9,898,False,122,5280
1300,193.60000000000002,2019,False,178,5284
1301,304.55000000000007,3161,True,344,5291
1302,305.0,3161,True,360,5299
1303,169.8,1787,False,165,5303
1304,264.85,2761,False,289,5309
1305,303.55000000000007,3161,True,439,5318
1306,304.15,3161,True,361,5326
1307,169.00000000000003,1783,False,165,5330
1308,105.10000000000002,1129,False,112,5333
1309,236.15000000000003,2470,False,279,5339
1310,106.75000000000001,1149,False,109,5342
1311,171.70000000000005,1796,False,160,5346
1312,169.8,1793,False,165,5350
1313,170.8,1798,False,163,5354
1314,169.55000000000004,1786,False,164,5358
1315,104.75000000000001,1127,False,107,5361
1316,195.40000000000003,2037,False,178,5365
1317,234.35,2469,False,313,5372
1318,236.10000000000005,2471,False,275,5378
1319,169.70000000000005,1785,False,162,5382
1320,143.50000000000003,1522,False,147,5385
1321,170.40000000000003,1789,False,170,5389
1322,168.9,1785,False,179,5393
1323,170.25,1795,False,164,5397
1324,172.15000000000003,1803,False,159,5401
1325,104.45000000000002,1129,False,107,5404
1326,107.50000000000003,1153,False,105,5407
1327,105.20000000000002,1129,False,106,5410
1328,304.20000000000005,3161,True,397,5418
1329,135.0,1433,False,128,5421
1330,105.10000000000001,1127,False,105,5424
1331,236.45000000000002,2472,False,273,5430
1332,169.55,1783,False,163,5434
1333,304.6,3161,True,376,5442
1334,194.35000000000002,2026,False,187,5446
1335,103.35000000000001,1127,False,105,5449
1336,135.20000000000002,1435,False,129,5452
1337,105.40000000000002,1132,False,108,5455
1338,171.60000000000002,1798,False,173,5459
1339,169.05,1787,False,168,5463
1340,134.95000000000002,1435,False,130,5466
1341,144.3,1528,False,136,5469
1342,237.05000000000004,2471,False,238,5474
1343,143.55,1523,False,140,5477
1344,236.85000000000002,2473,False,259,5483
1345,134.95000000000002,1435,False,129,5486
1346,170.75000000000003,1798,False,176,5490
1347,169.65000000000003,1789,False,163,5494
1348,135.20000000000002,1435,False,128,5497
1349,144.3,1528,False,136,5500
1350,135.0,1434,False,134,5503
1351,144.3,1528,False,136,5506
1352,305.20000000000005,3161,True,346,5513
1353,187.65,1964,False,187,5517
1354,143.8,1527,False,134,5520
1355,236.95000000000005,2470,False,236,5525
1356,171.25,1802,False,179,5529
1357,306.3,3161,True,391,5537
1358,167.65000000000003,1793,False,162,5541
1359,135.20000000000002,1435,False,129,5544
1360,236.80000000000004,2470,False,257,5550
1361,235.75000000000003,2472,False,287,5556
1362,236.05,2469,False,255,5562
1363,192.15000000000003,2017,False,200,5566
1364,170.00000000000003,1789,False,162,5570
1365,186.45000000000002,1959,False,173,5574
1366,143.8,1523,False,135,5577
1367,237.20000000000002,2472,False,221,5582
1368,304.75,3161,True,383,5590
1369,235.60000000000002,2469,False,292,5596
1370,169.45000000000002,1785,False,164,5600
1371,105.20000000000002,1129,False,107,5603
1372,143.8,1523,False,135,5606
1373,105.20000000000002,1129,False,106,5609
1374,76.7,848,False,119,5612
1375,74.2,819,False,97,5614
1376,235.60000000000005,2470,False,344,5621
1377,143.00000000000003,1525,False,140,5624
1378,169.20000000000002,1781,False,170,5628
1379,169.9,1788,False,162,5632
1380,104.80000000000003,1125,False,108,5635
1381,186.70000000000002,1959,False,172,5639
1382,144.00000000000003,1525,False,136,5642
1383,107.40000000000002,1153,False,106,5645
1384,236.00000000000003,2472,False,309,5652
1385,192.95000000000002,2025,False,179,5656
1386,141.5,1512,False,202,5661
1387,171.00000000000003,1800,False,161,5665
1388,169.8,1786,False,165,5669
1389,186.8,1960,False,173,5673
1390,235.9,2471,False,283,5679
1391,143.55,1523,False,135,5682
1392,169.9,1789,False,162,5686
1393,169.3,1783,False,164,5690
1394,195.20000000000002,2037,False,187,5694
1395,304.8,3161,True,369,5702
1396,185.8,1957,False,184,5706
1397,305.85,3161,True,378,5714
1398,142.35000000000002,1526,False,136,5717
1399,305.70000000000005,3161,True,348,5724
1400,236.35000000000002,2471,False,248,5729
1401,185.40000000000003,1948,False,190,5733
1402,188.3,1979,False,194,5737
1403,104.95000000000002,1129,False,108,5740
1404,304.1,3161,True,402,5749
1405,237.05000000000004,2470,False,238,5754
1406,184.65,1941,False,179,5758
1407,143.8,1523,False,135,5761
1408,237.05,2471,False,243,5766
1409,143.55,1523,False,135,5769
1410,169.75,1785,False,163,5773
1411,104.85000000000002,1127,False,105,5776
1412,134.85000000000002,1435,False,160,5780
1413,236.70000000000002,2476,False,291,5786
1414,169.35000000000002,1789,False,161,5790
1415,107.50000000000003,1153,False,105,5793
1416,135.20000000000002,1435,False,130,5796
1417,135.10000000000002,1435,False,134,5799
1418,170.25,1788,False,160,5803
1419,158.35000000000002,1674,False,153,5807
1420,107.30000000000003,1152,False,107,5810
1421,187.95000000000005,1964,False,197,5814
1422,59.60000000000001,685,False,83,5816
1423,144.05,1523,False,135,5819
1424,142.8,1511,False,140,5822
1425,170.50000000000003,1795,False,165,5826
1426,304.25,3161,True,407,5835
1427,193.55,2022,False,182,5839
1428,104.10000000000002,1128,False,105,5842
1429,236.15000000000003,2470,False,278,5848
1430,169.95000000000002,1794,False,173,5852
1431,171.0,1799,False,158,5856
1432,170.10000000000002,1789,False,160,5860
1433,187.10000000000002,1963,False,172,5864
1434,144.3,1528,False,136,5867
1435,304.45,3161,True,399,5875
1436,143.35000000000002,1522,False,143,5878
1437,171.15,1799,False,167,5882
1438,171.9,1798,False,157,5886
1439,157.4,1675,False,167,5890
1440,193.0,2018,False,175,5894
1441,193.55000000000004,2023,False,212,5899
1442,133.0,1433,False,128,5902
1443,235.90000000000003,2473,False,291,5908
1444,169.60000000000002,1782,False,165,5912
1445,143.5,1525,False,136,5915
1446,187.35000000000002,1958,False,172,5919
1447,168.85000000000002,1787,False,174,5923
1448,185.4,1946,False,179,5927
1449,170.5,1793,False,163,5931
1450,193.35000000000002,2022,False,192,5935
1451,193.25,2029,False,184,5939
1452,192.90000000000003,2023,False,182,5943
1453,236.30000000000004,2472,False,244,5948
1454,142.90000000000003,1515,False,141,5951
1455,193.75000000000003,2024,False,181,5955
1456,235.65,2476,False,280,5961
1457,303.45000000000005,3161,True,448,5970
1458,143.55,1523,False,135,5973
1459,305.0000000000001,3161,True,355,5981
1460,170.9,1793,False,166,5985
1461,104.05,1128,False,121,5988
1462,187.60000000000002,1963,False,173,5992
1463,169.45000000000002,1785,False,161,5996
1464,105.10000000000001,1127,False,105,5999
1465,144.25000000000003,1525,False,137,6002
1466,186.8,1960,False,172,6006
1467,73.95,819,False,97,6008
1468,74.30000000000001,822,False,109,6011
1469,236.75000000000003,2470,False,246,6016
1470,171.90000000000003,1803,False,159,6020
1471,169.25,1788,False,160,6024
1472,135.0,1434,False,130,6027
1473,170.80000000000004,1798,False,165,6031
1474,305.5,3161,True,385,6039
1475,134.35000000000002,1434,False,130,6042
1476,186.8,1960,False,172,6046
1477,144.05,1528,False,136,6049
1478,305.25,3161,True,383,6057
1479,192.50000000000003,2023,False,177,6061
1480,237.45000000000002,2474,False,231,6066
1481,169.60000000000002,1787,False,167,6070
1482,305.3500000000001,3161,True,377,6078
1483,133.0,1434,False,183,6082
1484,191.85000000000002,2006,False,189,6086
1485,143.10000000000002,1526,False,136,6089
1486,264.0,2758,False,301,6096
1487,171.40000000000003,1800,False,178,6100
1488,169.45000000000002,1785,False,163,6104
1489,235.50000000000003,2470,False,300,6110
1490,104.95000000000002,1129,False,109,6113
1491,236.45000000000002,2472,False,273,6119
1492,265.05,2764,False,291,6125
1493,194.95000000000002,2023,False,192,6129
1494,233.8,2470,False,262,6135
1495,135.0,1434,False,130,6138
1496,304.79999999999995,3161,True,370,6146
1497,134.75,1433,False,128,6149
1498,236.75,2470,False,246,6154
1499,63.30000000000001,710,False,73,6156
1500,186.45000000000002,1947,False,190,6160
1501,193.4,2023,False,184,6164
1502,167.9,1784,False,162,6168
1503,305.15000000000003,3161,True,362,6176
1504,134.75,1433,False,128,6179
1505,186.45000000000002,1956,False,184,6183
1506,185.50000000000003,1950,False,186,6187
1507,306.20000000000005,3161,True,375,6195
1508,190.95000000000005,2020,False,178,6199
1509,143.8,1523,False,135,6202
1510,60.35000000000001,675,False,57,6204
1511,172.55,1803,False,160,6208
1512,134.20000000000002,1435,False,130,6211
1513,193.10000000000002,2019,False,177,6215
1514,170.45000000000002,1792,False,162,6219
1515,134.20000000000002,1435,False,129,6222
1516,170.70000000000002,1791,False,163,6226
1517,235.70000000000002,2469,False,282,6232
1518,263.85,2758,False,300,6238
1519,143.60000000000002,1521,False,135,6241
1520,306.09999999999997,3161,True,326,6248
1521,192.30000000000004,2015,False,196,6252
1522,235.40000000000003,2470,False,256,6258
1523,171.75,1799,False,158,6262
1524,192.30000000000004,2018,False,212,6267
1525,168.30000000000004,1781,False,163,6271
1526,237.45000000000002,2472,False,246,6276
1527,235.60000000000002,2470,False,243,6281
1528,236.90000000000003,2471,False,256,6287
1529,236.20000000000002,2472,False,248,6292
1530,237.50000000000003,2473,False,265,6298
1531,170.45000000000005,1798,False,170,6302
1532,104.35000000000001,1127,False,105,6305
1533,144.00000000000003,1526,False,142,6308
1534,158.60000000000002,1680,False,181,6312
1535,192.90000000000003,2023,False,183,6316
1536,169.9,1789,False,164,6320
1537,170.00000000000003,1784,False,163,6324
1538,170.00000000000003,1789,False,160,6328
1539,142.3,1512,False,140,6331
1540,236.95000000000002,2470,False,237,6336
1541,143.55,1523,False,135,6339
1542,157.8,1666,False,151,6343
1543,236.95000000000002,2472,False,249,6348
1544,104.90000000000002,1128,False,119,6351
1545,236.50000000000006,2469,False,242,6356
1546,305.29999999999995,3161,True,369,6364
1547,158.50000000000003,1677,False,147,6367
1548,236.90000000000003,2474,False,247,6372
1549,237.35000000000002,2474,False,237,6377
1550,194.45000000000002,2042,False,187,6381
1551,236.75,2471,False,251,6387
1552,169.05,1785,False,181,6391
1553,305.75000000000006,3161,True,357,6399
1554,186.55,1963,False,186,6403
1555,235.40000000000003,2469,False,271,6409
1556,104.95000000000002,1129,False,107,6412
1557,192.95000000000002,2021,False,208,6417
1558,106.25000000000001,1149,False,109,6420
1559,186.65,1956,False,175,6424
1560,187.10000000000005,1961,False,187,6428
1561,22.350000000000005,300,False,31,6429
1562,194.00000000000003,2017,False,195,6433
1563,168.0,1780,False,164,6437
1564,235.95000000000005,2469,False,264,6443
1565,169.55,1783,False,164,6447
1566,304.90000000000003,3161,True,364,6455
1567,143.8,1528,False,136,6458
1568,171.05000000000004,1798,False,168,6462
1569,104.95000000000002,1129,False,106,6465
1570,304.45,3161,True,396,6473
1571,144.05,1528,False,138,6476
1572,236.80000000000004,2472,False,267,6482
1573,143.8,1528,False,136,6485
1574,144.3,1528,False,136,6488
1575,135.20000000000002,1435,False,129,6491
1576,143.8,1523,False,135,6494
1577,61.900000000000006,694,False,64,6496
1578,171.40000000000003,1798,False,159,6500
1579,304.7,3161,True,343,6507
1580,135.0,1433,False,128,6510
1581,170.4,1795,False,168,6514
1582,105.45,1128,False,104,6517
1583,134.95000000000002,1435,False,129,6520
1584,253.3,2760,False,854,6538
1585,144.00000000000003,1525,False,136,6541
1586,23.000000000000004,299,False,31,6542
1587,105.30000000000001,1126,False,112,6545
1588,169.3,1785,False,170,6549
1589,237.05000000000004,2469,False,232,6554
1590,300.65000000000003,3161,True,589,6566
1591,134.70000000000002,1435,False,129,6569
1592,172.15000000000003,1803,False,159,6573
1593,192.65000000000003,2027,False,178,6577
1594,236.10000000000002,2471,False,298,6583
1595,144.3,1527,False,134,6586
1596,106.65,1153,False,131,6589
1597,171.50000000000003,1799,False,159,6593
1598,186.70000000000002,1959,False,172,6597
1599,170.20000000000002,1798,False,173,6601
1600,192.70000000000002,2022,False,185,6605
1601,304.0,3161,True,408,6614
1602,192.25000000000003,2009,False,192,6618
1603,302.75,3161,True,427,6627
1604,235.60000000000002,2471,False,273,6633
1605,134.75,1433,False,128,6636
1606,144.20000000000002,1527,False,136,6639
1607,170.0,1788,False,160,6643
1608,105.20000000000002,1129,False,106,6646
1609,193.50000000000003,2025,False,186,6650
1610,304.6,3161,True,355,6658
1611,236.3,2473,False,273,6664
1612,105.20000000000002,1129,False,106,6667
1613,143.75000000000003,1525,False,161,6671
1614,184.95000000000002,1945,False,179,6675
1615,187.70000000000005,1959,False,197,6679
1616,157.60000000000002,1678,False,149,6682
1617,158.25000000000003,1672,False,171,6686
1618,304.85,3161,True,377,6694
1619,264.2,2763,False,318,6701
1620,143.10000000000002,1521,False,135,6704
1621,193.25000000000003,2019,False,183,6708
1622,143.05,1523,False,135,6711
1623,305.25000000000006,3161,True,359,6719
1624,169.45000000000002,1785,False,161,6723
1625,193.75000000000003,2024,False,181,6727
1626,169.05,1788,False,163,6731
1627,144.00000000000003,1525,False,136,6734
1628,143.65000000000003,1523,False,136,6737
1629,304.9,3161,True,385,6745
1630,185.25,1959,False,232,6750
1631,169.60000000000002,1780,False,165,6754
1632,170.45000000000002,1797,False,167,6758
1633,193.65,2024,False,186,6762
1634,134.45000000000002,1435,False,128,6765
1635,104.85000000000001,1128,False,108,6768
1636,184.8,1940,False,177,6772
1637,105.00000000000001,1126,False,107,6775
1638,304.25,3161,True,409,6784
1639,60.10000000000001,675,False,57,6786
1640,143.85000000000002,1526,False,162,6790
1641,134.8,1433,False,139,6793
1642,143.8,1524,False,144,6796
1643,105.20000000000002,1129,False,106,6799
1644,237.50000000000003,2473,False,265,6805
1645,185.0,1944,False,184,6809
1646,185.05,1955,False,173,6813
1647,170.05000000000004,1786,False,161,6817
1648,158.85000000000002,1673,False,148,6820
1649,186.0,1959,False,208,6825
1650,142.85000000000002,1517,False,148,6828
1651,158.10000000000002,1676,False,187,6832
1652,158.60000000000002,1674,False,150,6835
1653,305.90000000000003,3161,True,338,6842
1654,168.95000000000002,1787,False,214,6847
1655,104.05000000000001,1128,False,120,6850
1656,105.00000000000001,1127,False,107,6853
1657,105.10000000000002,1128,False,106,6856
1658,236.35000000000002,2469,False,268,6862
1659,158.65000000000003,1677,False,151,6866
1660,306.30000000000007,3161,True,317,6873
1661,170.65,1798,False,167,6877
1662,236.20000000000002,2473,False,276,6883
1663,144.3,1528,False,136,6886
1664,193.8,2027,False,182,6890
1665,192.50000000000003,2026,False,193,6894
1666,169.6,1787,False,169,6898
1667,171.40000000000003,1798,False,159,6902
1668,103.95000000000002,1127,False,121,6905
1669,263.30000000000007,2762,False,360,6913
1670,105.00000000000001,1127,False,107,6916
1671,134.25,1433,False,178,6920
1672,170.0,1788,False,160,6924
1673,142.4,1514,False,167,6928
1674,134.75,1433,False,128,6931
1675,186.5,1958,False,175,6935
1676,24.599999999999998,314,False,28,6936
1677,171.15,1792,False,163,6940
1678,134.55,1433,False,139,6943
1679,105.05000000000001,1128,False,150,6946
1680,236.9,2471,False,234,6951
1681,23.849999999999998,314,False,28,6952
1682,304.59999999999997,3161,True,403,6961
1683,171.39999999999998,1802,False,202,6966
1684,104.20000000000002,1129,False,106,6969
1685,192.45000000000005,2013,False,192,6973
1686,169.50000000000003,1790,False,162,6977
1687,134.95000000000002,1435,False,129,6980
1688,305.25,3161,True,360,6988
1689,192.90000000000003,2023,False,182,6992
1690,104.55000000000001,1126,False,112,6995
1691,237.50000000000003,2473,False,240,7000
1692,304.45,3161,True,373,7008
1693,304.70000000000005,3161,True,371,7016
1694,236.70000000000005,2471,False,243,7021
1695,188.70000000000005,1980,False,179,7025
1696,186.85000000000002,1963,False,172,7029
1697,142.8,1512,False,139,7032
1698,170.0,1788,False,160,7036
1699,143.8,1523,False,135,7039
1700,143.8,1523,False,135,7042
1701,168.9,1787,False,202,7047
1702,169.40000000000003,1784,False,162,7051
1703,193.45000000000005,2026,False,185,7055
1704,142.55,1512,False,140,7058
1705,304.90000000000003,3161,True,390,7066
1706,193.55,2027,False,182,7070
1707,158.25000000000003,1678,False,154,7074
1708,305.15000000000003,3161,True,364,7082
1709,237.00000000000003,2472,False,258,7088
1710,186.25000000000003,1964,False,184,7092
1711,305.05,3161,True,368,7100
1712,104.85000000000001,1127,False,105,7103
1713,170.00000000000003,1784,False,163,7107
1714,186.30000000000004,1960,False,173,7111
1715,142.70000000000002,1511,False,140,7114
1716,305.9,3161,True,310,7121
1717,303.35,3161,True,399,7129
1718,304.65,3161,True,363,7137
1719,169.80000000000004,1786,False,161,7141
1720,304.25,3161,True,407,7150
1721,193.35,2019,False,180,7154
1722,170.0,1799,False,158,7158
1723,237.45000000000002,2471,False,241,7163
1724,186.05,1960,False,172,7167
1725,237.60000000000002,2473,False,231,7172
1726,235.70000000000002,2470,False,289,7178
1727,236.20000000000005,2469,False,262,7184
1728,305.45000000000005,3161,True,321,7191
1729,158.65,1677,False,153,7195
1730,306.35,3161,True,302,7202
1731,169.45000000000002,1787,False,163,7206
1732,169.4,1784,False,162,7210
1733,169.85000000000002,1783,False,171,7214
1734,235.75000000000003,2470,False,248,7219
1735,236.65000000000006,2471,False,256,7225
1736,305.15,3161,True,331,7232
1737,192.5,2024,False,183,7236
1738,169.9,1784,False,162,7240
1739,104.80000000000003,1130,False,106,7243
1740,63.45000000000001,709,False,73,7245
1741,303.55,3161,True,470,7255
1742,106.50000000000001,1153,False,129,7258
1743,105.20000000000002,1129,False,106,7261
1744,170.25000000000003,1789,False,161,7265
1745,186.3,1948,False,189,7269
1746,304.0,3161,True,358,7277
1747,305.45000000000005,3161,True,324,7284
1748,169.8,1787,False,162,7288
1749,105.20000000000002,1129,False,106,7291
1750,159.35000000000002,1673,False,148,7294
1751,304.85,3161,True,299,7300
1752,24.799999999999997,316,False,29,7301
1753,187.60000000000002,1963,False,172,7305
1754,304.8,3161,True,367,7313
1755,135.45000000000002,1435,False,128,7316
1756,74.15,823,False,109,7319
1757,105.00000000000001,1127,False,107,7322
1758,170.05000000000004,1786,False,161,7326
1759,169.15000000000003,1784,False,162,7330
1760,170.25,1788,False,161,7334
1761,169.75,1788,False,160,7338
1762,305.29999999999995,3161,True,365,7346
1763,235.75000000000003,2470,False,271,7352
1764,184.55,1940,False,177,7356
1765,170.85000000000002,1797,False,169,7360
1766,186.85000000000002,1963,False,172,7364
1767,185.40000000000003,1946,False,179,7368
1768,170.25000000000003,1789,False,169,7372
1769,186.25000000000003,1958,False,204,7377
1770,169.75,1787,False,159,7381
1771,158.70000000000002,1671,False,157,7385
1772,263.6,2760,False,309,7392
1773,107.15000000000002,1153,False,108,7395
1774,171.15000000000003,1798,False,160,7399
1775,142.55,1512,False,139,7402
1776,170.10000000000002,1789,False,161,7406
1777,135.0,1433,False,128,7409
1778,105.10000000000001,1127,False,105,7412
1779,236.50000000000003,2472,False,256,7418
1780,168.55000000000004,1773,False,168,7422
1781,134.95000000000002,1435,False,130,7425
1782,237.25000000000006,2471,False,230,7430
1783,186.05,1955,False,172,7434
1784,135.20000000000002,1435,False,128,7437
1785,142.60000000000002,1512,False,146,7440
1786,105.20000000000002,1129,False,107,7443
1787,24.599999999999998,314,False,28,7444
1788,135.65,1433,False,130,7447
1789,104.70000000000002,1129,False,106,7450
1790,171.5,1799,False,158,7454
1791,107.15000000000002,1153,False,107,7457
1792,135.20000000000002,1435,False,128,7460
1793,187.35,1965,False,207,7465
1794,134.35,1434,False,127,7468
1795,135.20000000000002,1435,False,130,7471
1796,304.90000000000003,3161,True,365,7479
1797,304.8,3161,True,367,7487
1798,186.45000000000005,1951,False,182,7491
1799,169.55,1787,False,160,7495
1800,106.90000000000002,1153,False,110,7498
1801,236.5,2473,False,265,7504
1802,74.0,819,False,106,7507
1803,236.8,2474,False,251,7513
1804,237.00000000000003,2473,False,240,7518
1805,170.25,1785,False,163,7522
1806,192.50000000000003,2023,False,177,7526
1807,305.59999999999997,3161,True,378,7534
1808,235.20000000000002,2472,False,273,7540
1809,185.75000000000003,1955,False,187,7544
1810,135.0,1434,False,134,7547
1811,170.25000000000003,1788,False,161,7551
1812,186.45000000000002,1959,False,174,7555
1813,105.20000000000002,1129,False,106,7558
1814,172.15000000000003,1803,False,159,7562
1815,235.90000000000003,2471,False,258,7568
1816,305.80000000000007,3161,True,311,7575
1817,303.70000000000005,3161,True,367,7583
1818,170.10000000000002,1791,False,170,7587
1819,193.4,2027,False,177,7591
1820,304.55,3161,True,366,7599
1821,187.35000000000002,1964,False,177,7603
1822,236.30000000000004,2470,False,258,7609
1823,135.20000000000002,1435,False,128,7612
1824,185.40000000000003,1951,False,196,7616
1825,185.45000000000002,1947,False,187,7620
1826,169.15,1788,False,192,7624
1827,237.10000000000002,2472,False,226,7629
1828,306.0,3161,True,306,7636
1829,235.95000000000002,2471,False,267,7642
1830,143.45000000000002,1516,False,138,7645
1831,63.50000000000001,712,False,71,7647
1832,105.25000000000001,1127,False,107,7650
1833,170.4,1795,False,171,7654
1834,62.25000000000001,698,False,77,7656
1835,306.05,3161,True,317,7663
1836,237.65,2471,False,256,7669
1837,62.70000000000001,714,False,72,7671
1838,105.35000000000001,1127,False,105,7674
1839,144.10000000000002,1527,False,144,7677
1840,188.10000000000002,1975,False,182,7681
1841,142.8,1512,False,139,7684
1842,264.85,2763,False,324,7691
1843,170.20000000000002,1792,False,162,7695
1844,303.55000000000007,3161,True,362,7703
1845,186.50000000000003,1959,False,182,7707
1846,193.65,2027,False,177,7711
1847,306.3500000000001,3161,True,329,7718
1848,157.35000000000002,1671,False,160,7722
1849,185.35000000000002,1949,False,177,7726
1850,170.85000000000002,1796,False,166,7730
1851,235.3,2469,False,305,7737
1852,236.35000000000002,2470,False,248,7742
1853,304.95,3161,True,373,7750
1854,185.55,1953,False,189,7754
1855,170.15,1788,False,167,7758
1856,104.75000000000001,1129,False,115,7761
1857,305.15000000000003,3161,True,365,7769
1858,305.15000000000003,3161,True,338,7776
1859,236.40000000000003,2471,False,257,7782
1860,142.90000000000003,1514,False,140,7785
1861,305.65000000000003,3161,True,336,7792
1862,169.75,1789,False,161,7796
1863,143.8,1523,False,135,7799
1864,169.85000000000002,1784,False,162,7803
1865,169.4,1787,False,179,7807
1866,236.10000000000002,2473,False,281,7813
1867,169.85000000000002,1789,False,161,7817
1868,187.10000000000002,1963,False,172,7821
1869,170.15000000000003,1787,False,162,7825
1870,236.20000000000002,2471,False,267,7831
1871,304.9,3161,True,361,7839
1872,237.00000000000003,2473,False,237,7844
1873,236.90000000000003,2477,False,257,7850
1874,185.60000000000002,1950,False,181,7854
1875,169.85000000000002,1790,False,165,7858
1876,186.05,1952,False,185,7862
1877,306.05,3161,True,316,7869
1878,236.55,2470,False,232,7874
1879,236.25,2474,False,268,7880
1880,142.8,1512,False,139,7883
1881,236.9,2472,False,237,7888
1882,185.05,1941,False,177,7892
1883,169.50000000000003,1785,False,188,7896
1884,169.45000000000002,1789,False,172,7900
1885,168.8,1782,False,163,7904
1886,169.4,1790,False,205,7909
1887,105.10000000000001,1127,False,105,7912
1888,135.0,1433,False,128,7915
1889,63.150000000000006,706,False,73,7917
1890,185.25,1942,False,177,7921
1891,193.75000000000003,2024,False,181,7925
1892,303.75000000000006,3161,True,384,7933
1893,169.90000000000003,1788,False,165,7937
1894,307.00000000000006,3161,True,335,7944
1895,141.70000000000002,1516,False,139,7947
1896,105.45,1128,False,104,7950
1897,184.8,1940,False,177,7954
1898,171.0,1799,False,158,7958
1899,169.55,1791,False,202,7963
1900,235.60000000000002,2470,False,266,7969
1901,170.55,1793,False,171,7973
1902,107.15000000000002,1153,False,106,7976
1903,143.3,1523,False,161,7980
1904,187.40000000000003,1958,False,180,7984
1905,23.599999999999998,314,False,28,7985
1906,187.55000000000004,1960,False,173,7989
1907,304.1,3161,True,399,7997
1908,157.85000000000002,1673,False,148,8000
1909,236.4,2470,False,284,8006
1910,304.1,3161,True,377,8014
1911,158.60000000000002,1673,False,148,8017
1912,236.60000000000002,2472,False,254,8023
1913,71.9,790,False,79,8025
1914,105.00000000000001,1127,False,107,8028
1915,170.25,1788,False,160,8032
1916,143.65,1525,False,143,8035
1917,169.5,1785,False,162,8039
1918,186.10000000000002,1954,False,180,8043
1919,170.25,1789,False,161,8047
1920,143.75000000000003,1525,False,136,8050
1921,135.20000000000002,1435,False,129,8053
1922,105.10000000000001,1127,False,105,8056
1923,105.00000000000001,1127,False,107,8059
1924,306.6,3161,True,330,8066
1925,104.20000000000002,1128,False,106,8069
1926,170.8,1798,False,164,8073
1927,143.8,1523,False,135,8076
1928,185.60000000000002,1948,False,178,8080
1929,169.40000000000003,1784,False,162,8084
1930,194.60000000000002,2031,False,186,8088
1931,104.05000000000003,1130,False,107,8091
1932,195.45000000000002,2026,False,180,8095
1933,234.75000000000003,2469,False,274,8101
1934,305.25,3161,True,376,8109
1935,168.15000000000003,1789,False,162,8113
1936,304.40000000000003,3161,True,390,8121
1937,236.70000000000002,2470,False,238,8126
1938,236.8,2472,False,244,8131
1939,169.25000000000003,1780,False,169,8135
1940,235.6,2469,False,289,8141
1941,235.15000000000003,2474,False,324,8148
1942,143.55,1523,False,137,8151
1943,236.65000000000003,2475,False,277,8157
1944,71.65,790,False,79,8159
1945,169.4,1783,False,163,8163
1946,169.90000000000003,1789,False,162,8167
1947,143.70000000000002,1522,False,137,8170
1948,143.45000000000002,1516,False,138,8173
1949,186.55,1960,False,172,8177
1950,143.5,1522,False,148,8180
1951,170.25,1789,False,161,8184
1952,104.45,1126,False,120,8187
1953,169.65,1779,False,165,8191
1954,106.75000000000003,1153,False,105,8194
1955,23.100000000000005,300,False,31,8195
1956,305.55000000000007,3161,True,370,8203
1957,235.85000000000002,2470,False,266,8209
1958,306.1,3161,True,302,8216
1959,169.90000000000003,1789,False,163,8220
1960,306.1,3161,True,352,8228
1961,192.8,2019,False,219,8233
1962,234.29999999999998,2477,False,285,8239
1963,158.95000000000002,1676,False,158,8243
1964,107.25000000000003,1153,False,105,8246
1965,159.35000000000002,1678,False,149,8249
1966,234.79999999999998,2476,False,356,8257
1967,236.9,2473,False,240,8262
1968,170.25000000000003,1788,False,161,8266
1969,134.5,1433,False,128,8269
1970,24.599999999999998,314,False,28,8270
1971,170.8,1793,False,163,8274
1972,193.05,2022,False,185,8278
1973,104.95000000000002,1129,False,106,8281
1974,237.00000000000003,2472,False,256,8287
1975,170.60000000000002,1802,False,169,8291
1976,105.00000000000001,1127,False,107,8294
1977,169.90000000000003,1789,False,163,8298
1978,62.55000000000001,700,False,75,8300
1979,135.25,1433,False,128,8303
1980,63.45000000000001,709,False,72,8305
1981,237.85,2473,False,233,8310
1982,143.25000000000003,1525,False,136,8313
1983,170.4,1790,False,176,8317
1984,236.45000000000002,2474,False,256,8323
1985,158.4,1672,False,152,8327
1986,193.65000000000003,2024,False,188,8331
1987,192.45000000000002,2024,False,197,8335
1988,236.00000000000003,2476,False,271,8341
1989,305.75000000000006,3161,True,332,8348
1990,171.0,1799,False,158,8352
1991,134.85000000000002,1435,False,135,8355
1992,170.85000000000002,1795,False,158,8359
1993,104.75000000000001,1127,False,107,8362
1994,237.05000000000007,2471,False,263,8368
1995,236.15000000000003,2477,False,256,8374
1996,143.8,1523,False,135,8377
1997,157.9,1668,False,157,8381
1998,105.00000000000001,1127,False,107,8384
1999,157.55,1669,False,190,8388
2000,169.15,1784,False,162,8392
2001,144.00000000000003,1525,False,136,8395
2002,105.20000000000002,1129,False,106,8398
2003,194.20000000000005,2028,False,191,8402
2004,168.90000000000003,1789,False,161,8406
2005,105.10000000000001,1128,False,106,8409
2006,305.75,3161,True,333,8416
2007,236.00000000000003,2472,False,283,8422
2008,169.25,1785,False,162,8426
2009,237.45000000000002,2476,False,239,8431
2010,236.90000000000003,2475,False,277,8437
2011,304.45,3161,True,348,8444
2012,236.25000000000003,2471,False,278,8450
2013,171.5,1799,False,158,8454
2014,264.05,2768,False,312,8461
2015,170.8,1798,False,164,8465
2016,144.00000000000003,1525,False,136,8468
2017,170.00000000000003,1785,False,164,8472
2018,186.35000000000002,1956,False,185,8476
2019,236.00000000000003,2463,False,237,8481
2020,304.40000000000003,3161,True,360,8489
2021,305.05,3161,True,341,8496
2022,236.75000000000003,2473,False,289,8502
2023,185.85000000000002,1963,False,199,8506
2024,237.05000000000004,2472,False,246,8511
2025,171.00000000000003,1799,False,167,8515
2026,304.85,3161,True,353,8523
2027,171.00000000000003,1799,False,160,8527
2028,305.05000000000007,3161,True,366,8535
2029,236.55000000000004,2471,False,265,8541
2030,304.90000000000003,3161,True,337,8548
2031,305.20000000000005,3161,True,373,8556
2032,172.5,1817,False,199,8560
2033,237.75000000000003,2474,False,270,8566
2034,191.65,2027,False,177,8570
2035,104.50000000000001,1127,False,107,8573
2036,171.25,1799,False,158,8577
2037,104.94999999999999,1130,False,138,8580
2038,142.0,1509,False,140,8583
2039,170.00000000000003,1792,False,196,8587
2040,186.95,1969,False,199,8591
2041,62.10000000000001,699,False,78,8593
2042,263.80000000000007,2759,False,341,8600
2043,235.3,2469,False,304,8607
2044,303.55,3161,True,443,8616
2045,237.05,2474,False,229,8621
2046,192.45000000000002,2012,False,192,8625
2047,133.70000000000002,1433,False,145,8628
2048,305.45,3161,True,349,8635
2049,143.55,1523,False,135,8638
2050,143.90000000000003,1525,False,141,8641
2051,143.8,1523,False,135,8644
2052,142.4,1513,False,159,8648
2053,134.9,1433,False,133,8651
2054,170.10000000000002,1790,False,165,8655
2055,104.95000000000002,1129,False,107,8658
2056,171.8,1799,False,169,8662
2057,235.15000000000003,2471,False,281,8668
2058,105.20000000000002,1129,False,106,8671
2059,194.45000000000002,2028,False,217,8676
2060,168.5,1788,False,160,8680
2061,184.55,1941,False,177,8684
2062,304.1,3161,True,374,8692
2063,159.10000000000002,1678,False,150,8695
2064,236.05000000000004,2471,False,289,8701
2065,236.70000000000002,2471,False,241,8706
2066,193.25000000000003,2021,False,193,8710
2067,168.75,1785,False,162,8714
2068,186.50000000000003,1955,False,190,8718
2069,236.10000000000002,2473,False,258,8724
2070,104.30000000000001,1128,False,121,8727
2071,171.5,1799,False,158,8731
2072,304.95000000000005,3161,True,317,8738
2073,304.25,3161,True,409,8747
2074,104.75000000000001,1127,False,107,8750
2075,142.8,1513,False,142,8753
2076,305.2,3161,True,349,8760
2077,158.60000000000002,1674,False,153,8764
2078,134.70000000000002,1435,False,153,8768
2079,107.20000000000002,1152,False,111,8771
2080,171.85000000000002,1800,False,160,8775
2081,134.25,1433,False,128,8778
2082,144.10000000000002,1526,False,139,8781
2083,62.150000000000006,696,False,76,8783
2084,144.35000000000002,1527,False,140,8786
2085,185.15,1943,False,212,8791
2086,23.849999999999998,314,False,28,8792
2087,187.75000000000003,1961,False,192,8796
2088,192.50000000000003,2026,False,193,8800
2089,186.55000000000004,1960,False,173,8804
2090,170.00000000000003,1788,False,163,8808
2091,238.30000000000004,2473,False,249,8813
2092,168.60000000000002,1789,False,161,8817
2093,305.65000000000003,3161,True,310,8824
2094,170.05,1782,False,163,8828
2095,169.20000000000005,1782,False,164,8832
2096,104.70000000000002,1129,False,106,8835
2097,237.05,2470,False,238,8840
2098,142.45000000000002,1512,False,141,8843
2099,170.3,1787,False,165,8847
2100,143.35000000000002,1525,False,159,8851
2101,187.10000000000002,1964,False,176,8855
2102,186.85000000000002,1963,False,174,8859
2103,170.50000000000003,1794,False,164,8863
2104,170.10000000000002,1789,False,161,8867
2105,159.75,1677,False,148,8870
2106,303.40000000000003,3161,True,359,8878
2107,186.55,1955,False,171,8882
2108,236.05000000000004,2470,False,285,8888
2109,305.1,3161,True,352,8896
2110,169.9,1789,False,162,8900
2111,169.4,1780,False,166,8904
2112,236.95,2476,False,244,8909
2113,143.3,1523,False,135,8912
2114,187.45000000000002,1959,False,172,8916
2115,304.50000000000006,3161,True,355,8924
2116,169.8,1786,False,161,8928
2117,187.40000000000003,1964,False,186,8932
2118,304.95000000000005,3161,True,343,8939
2119,104.00000000000001,1127,False,107,8942
2120,158.60000000000002,1673,False,148,8945
2121,105.00000000000001,1127,False,107,8948
2122,169.80000000000004,1786,False,161,8952
2123,236.05,2472,False,300,8958
2124,104.85000000000001,1127,False,105,8961
2125,236.75000000000003,2471,False,252,8967
2126,104.85000000000001,1127,False,105,8970
2127,235.75000000000006,2470,False,272,8976
2128,237.65000000000003,2472,False,237,8981
2129,170.35000000000002,1795,False,158,8985
2130,143.55,1523,False,135,8988
2131,171.15,1792,False,182,8992
2132,235.60000000000005,2472,False,252,8998
2133,158.75,1677,False,148,9001
2134,135.20000000000002,1435,False,128,9004
2135,236.40000000000003,2473,False,268,9010
2136,142.90000000000003,1514,False,140,9013
2137,135.20000000000002,1435,False,129,9016
2138,192.15,2013,False,187,9020
2139,104.85000000000002,1128,False,106,9023
2140,171.95000000000002,1801,False,159,9027
2141,302.3500000000001,3161,True,451,9037
2142,186.70000000000002,1959,False,173,9041
2143,235.90000000000003,2473,False,291,9047
2144,172.3,1802,False,157,9051
2145,192.10000000000002,2021,False,188,9055
2146,134.5,1433,False,128,9058
2147,104.9,1128,False,121,9061
2148,171.65,1798,False,158,9065
2149,304.65000000000003,3161,True,361,9073
2150,237.45000000000005,2474,False,259,9079
2151,304.1,3161,True,353,9087
2152,24.549999999999997,316,False,29,9088
2153,186.60000000000002,1957,False,190,9092
2154,135.0,1434,False,130,9095
2155,170.25000000000003,1787,False,175,9099
2156,192.85000000000002,2020,False,189,9103
2157,235.95000000000005,2474,False,260,9109
2158,185.20000000000002,1948,False,193,9113
2159,305.00000000000006,3161,True,359,9121
2160,134.95000000000002,1435,False,129,9124
2161,305.25000000000006,3161,True,355,9132
2162,237.00000000000003,2473,False,237,9137
2163,169.95000000000002,1793,False,168,9141
2164,134.4,1433,False,158,9145
2165,77.6,858,False,123,9148
2166,104.80000000000001,1129,False,129,9151
2167,170.5,1787,False,159,9155
2168,143.6,1526,False,136,9158
2169,105.00000000000001,1127,False,107,9161
2170,230.75000000000003,2468,False,541,9172
2171,170.75,1799,False,158,9176
2172,193.25000000000003,2024,False,181,9180
2173,305.40000000000003,3161,True,365,9188
2174,185.55,1957,False,183,9192
2175,304.7,3161,True,375,9200
2176,305.45000000000005,3161,True,371,9208
2177,169.35,1788,False,185,9212
2178,236.45000000000002,2473,False,252,9218
2179,306.40000000000003,3161,True,310,9225
2180,235.8,2472,False,267,9231
2181,170.65,1795,False,165,9235
2182,236.55,2475,False,255,9241
2183,235.8,2471,False,265,9247
2184,105.25000000000001,1128,False,115,9250
2185,135.20000000000002,1435,False,128,9253
2186,188.90000000000003,1973,False,182,9257
2187,190.75,2011,False,222,9262
2188,236.50000000000006,2474,False,241,9267
2189,194.70000000000002,2029,False,202,9272
2190,302.55000000000007,3161,True,391,9280
2191,304.75000000000006,3161,True,385,9288
2192,305.5,3161,True,358,9296
2193,168.95000000000002,1788,False,173,9300
2194,63.35,708,False,72,9302
2195,193.9,2027,False,177,9306
2196,24.549999999999997,316,False,29,9307
2197,193.55000000000004,2025,False,195,9311
2198,169.60000000000002,1784,False,162,9315
2199,64.8,722,False,73,9317
2200,196.20000000000002,2045,False,179,9321
2201,169.25,1788,False,160,9325
2202,191.65,2002,False,185,9329
2203,186.35000000000002,1963,False,172,9333
2204,304.6500000000001,3161,True,387,9341
2205,104.85000000000002,1127,False,105,9344
2206,193.70000000000002,2023,False,193,9348
2207,193.25000000000003,2029,False,183,9352
2208,104.45000000000002,1129,False,106,9355
2209,143.45000000000002,1525,False,177,9359
2210,236.40000000000003,2472,False,262,9365
2211,306.25,3161,True,357,9373
2212,133.4,1433,False,132,9376
2213,158.60000000000002,1673,False,148,9379
2214,170.05,1786,False,162,9383
2215,135.20000000000002,1435,False,129,9386
2216,192.55,2020,False,199,9390
2217,142.25,1516,False,170,9394
2218,237.65000000000003,2471,False,232,9399
2219,185.45000000000005,1959,False,173,9403
2220,173.8,1821,False,176,9407
2221,142.85000000000002,1521,False,135,9410
2222,143.8,1523,False,135,9413
2223,142.50000000000003,1511,False,147,9416
2224,169.8,1786,False,177,9420
2225,169.45000000000002,1788,False,176,9424
2226,170.00000000000003,1789,False,162,9428
2227,143.55,1523,False,135,9431
2228,143.8,1523,False,135,9434
2229,169.85000000000002,1784,False,162,9438
2230,143.55,1523,False,135,9441
2231,170.8,1798,False,164,9445
2232,143.10000000000002,1515,False,139,9448
2233,237.20000000000002,2477,False,242,9453
2234,235.50000000000003,2471,False,303,9460
2235,143.8,1523,False,135,9463
2236,105.10000000000001,1127,False,105,9466
2237,236.60000000000002,2471,False,250,9471
2238,143.8,1523,False,135,9474
2239,169.20000000000005,1781,False,171,9478
2240,62.95000000000001,704,False,74,9480
2241,24.950000000000003,315,False,27,9481
2242,135.70000000000002,1435,False,129,9484
2243,171.75000000000003,1801,False,166,9488
2244,303.80000000000007,3161,True,392,9496
2245,304.0,3161,True,407,9505
2246,142.55,1512,False,139,9508
2247,306.1,3161,True,328,9515
2248,192.85000000000002,2020,False,183,9519
2249,134.3,1435,False,149,9522
2250,236.70000000000002,2471,False,242,9527
2251,104.75000000000001,1127,False,107,9530
2252,186.3,1955,False,172,9534
2253,193.90000000000003,2028,False,183,9538
2254,235.6,2472,False,275,9544
2255,187.35000000000002,1960,False,182,9548
2256,235.95000000000002,2470,False,237,9553
2257,169.3,1779,False,166,9557
2258,24.099999999999998,314,False,28,9558
2259,306.20000000000005,3161,True,324,9565
2260,169.95000000000005,1785,False,163,9569
2261,264.80000000000007,2756,False,277,9575
2262,134.25,1434,False,134,9578
2263,159.35000000000002,1678,False,150,9581
2264,186.05000000000004,1955,False,172,9585
2265,305.00000000000006,3161,True,357,9593
2266,237.05,2471,False,239,9598
2267,158.60000000000002,1673,False,148,9601
2268,185.55,1950,False,176,9605
2269,236.75,2473,False,286,9611
2270,192.5,2024,False,185,9615
2271,193.45,2021,False,184,9619
2272,265.0,2760,False,240,9624
2273,134.5,1433,False,128,9627
2274,105.00000000000001,1127,False,107,9630
2275,193.70000000000002,2023,False,191,9634
2276,143.10000000000002,1528,False,148,9637
2277,170.15,1790,False,168,9641
2278,134.95000000000002,1435,False,128,9644
2279,187.10000000000002,1963,False,173,9648
2280,135.0,1433,False,128,9651
2281,24.599999999999998,314,False,28,9652
2282,186.5,1954,False,183,9656
2283,135.10000000000002,1434,False,128,9659
2284,169.50000000000003,1785,False,162,9663
2285,169.50000000000003,1784,False,183,9667
2286,134.5,1433,False,128,9670
2287,143.8,1523,False,136,9673
2288,305.25,3161,True,329,9680
2289,134.75,1433,False,128,9683
2290,236.8,2468,False,255,9689
2291,170.35000000000002,1796,False,168,9693
2292,303.45000000000005,3161,True,422,9702
2293,237.55,2474,False,228,9707
2294,134.75,1433,False,130,9710
2295,158.85000000000002,1673,False,148,9713
2296,134.75,1433,False,128,9716
2297,135.20000000000002,1435,False,128,9719
2298,237.20000000000002,2472,False,246,9724
2299,134.70000000000002,1435,False,129,9727
2300,236.20000000000002,2471,False,266,9733
2301,236.65,2469,False,274,9739
2302,236.05000000000004,2473,False,246,9744
2303,135.20000000000002,1435,False,128,9747
2304,306.3500000000001,3161,True,325,9754
2305,169.00000000000003,1785,False,162,9758
2306,159.0,1677,False,148,9761
2307,186.8,1964,False,194,9765
2308,104.55000000000001,1128,False,125,9768
2309,104.1,1127,False,128,9771
2310,105.4,1125,False,105,9774
2311,236.80000000000004,2473,False,247,9779
2312,187.10000000000002,1963,False,172,9783
2313,168.8,1778,False,167,9787
2314,142.60000000000002,1515,False,162,9791
2315,169.80000000000004,1786,False,161,9795
2316,185.50000000000003,1948,False,178,9799
2317,135.20000000000002,1435,False,130,9802
2318,186.3,1955,False,171,9806
2319,144.00000000000003,1525,False,136,9809
2320,197.05000000000004,2043,False,188,9813
2321,301.85,3161,True,429,9822
2322,134.5,1433,False,128,9825
2323,135.20000000000002,1435,False,128,9828
2324,304.3,3161,True,360,9836
2325,171.75,1799,False,158,9840
2326,304.00000000000006,3161,True,383,9848
2327,304.2,3161,True,370,9856
2328,304.50000000000006,3161,True,383,9864
2329,237.15000000000003,2469,False,247,9869
2330,185.3,1955,False,171,9873
2331,134.90000000000003,1433,False,134,9876
2332,24.599999999999998,314,False,28,9877
2333,171.55,1800,False,170,9881
2334,170.20000000000002,1792,False,163,9885
2335,158.35000000000002,1673,False,147,9888
2336,304.85,3161,True,401,9897
2337,169.05,1791,False,177,9901
2338,143.35000000000002,1523,False,173,9905
2339,143.65,1525,False,140,9908
2340,144.10000000000002,1526,False,136,9911
2341,135.45000000000002,1435,False,128,9914
2342,104.75000000000001,1127,False,107,9917
2343,305.0,3161,True,357,9925
2344,305.2500000000001,3161,True,357,9933
2345,304.59999999999997,3161,True,378,9941
2346,134.95000000000002,1435,False,128,9944
2347,158.8,1675,False,148,9947
2348,158.60000000000002,1675,False,158,9951
2349,142.8,1512,False,139,9954
2350,105.35000000000001,1127,False,104,9957
2351,236.15,2472,False,264,9963
2352,185.25000000000003,1944,False,183,9967
2353,134.95000000000002,1435,False,128,9970
2354,105.00000000000001,1127,False,107,9973
2355,186.25,1957,False,198,9977
2356,104.75000000000001,1127,False,107,9980
2357,105.20000000000002,1129,False,110,9983
2358,170.85000000000002,1795,False,158,9987
2359,234.60000000000002,2470,False,345,9994
2360,143.45000000000002,1524,False,149,9997
2361,171.65000000000003,1799,False,164,10001
2362,169.0,1785,False,162,10005
2363,171.8,1802,False,159,10009
2364,235.85000000000002,2476,False,268,10015
2365,304.65,3161,True,356,10023
2366,103.95000000000002,1127,False,121,10026
2367,237.45,2471,False,242,10031
2368,24.349999999999998,314,False,28,10032
2369,193.9,2024,False,187,10036
2370,170.25,1788,False,165,10040
2371,192.15,2019,False,188,10044
2372,133.7,1434,False,173,10048
2373,105.00000000000001,1127,False,107,10051
2374,306.00000000000006,3161,True,331,10058
2375,305.6,3161,True,351,10066
2376,168.60000000000002,1780,False,165,10070
2377,304.70000000000005,3161,True,375,10078
2378,169.50000000000003,1788,False,163,10082
2379,304.65000000000003,3161,True,386,10090
2380,186.65,1962,False,203,10095
2381,104.50000000000001,1127,False,107,10098
2382,159.05,1678,False,163,10102
2383,264.70000000000005,2759,False,274,10108
2384,104.75000000000001,1128,False,111,10111
2385,171.75,1799,False,158,10115
2386,185.95000000000002,1959,False,172,10119
2387,237.15,2476,False,252,10125
2388,186.3,1955,False,171,10129
2389,158.35000000000002,1673,False,148,10132
2390,186.75000000000003,1958,False,176,10136
2391,169.15,1783,False,163,10140
2392,104.7,1126,False,119,10143
2393,237.15000000000003,2476,False,254,10149
2394,134.8,1435,False,148,10152
2395,235.30000000000004,2473,False,324,10159
2396,235.95000000000005,2470,False,288,10165
2397,106.90000000000002,1152,False,105,10168
2398,60.35000000000001,675,False,57,10170
2399,24.950000000000003,315,False,27,10171
2400,170.60000000000002,1790,False,161,10175
2401,236.85000000000005,2470,False,240,10180
2402,144.00000000000003,1526,False,167,10184
2403,134.35000000000002,1434,False,130,10187
2404,186.5,1959,False,184,10191
2405,169.60000000000002,1787,False,171,10195
2406,169.95,1788,False,170,10199
2407,305.95,3161,True,325,10206
2408,169.40000000000003,1787,False,161,10210
2409,235.65,2474,False,321,10217
2410,236.25,2474,False,293,10223
2411,304.45000000000005,3161,True,372,10231
2412,236.25000000000003,2469,False,245,10236
2413,186.95,1959,False,170,10240
2414,60.10000000000001,675,False,57,10242
2415,170.20000000000002,1787,False,172,10246
2416,169.15,1787,False,185,10250
2417,143.8,1523,False,135,10253
2418,64.6,722,False,83,10255
2419,170.30000000000004,1786,False,161,10259
2420,186.5,1961,False,193,10263
2421,193.5,2024,False,182,10267
2422,186.55,1964,False,193,10271
2423,304.8,3161,True,339,10278
2424,305.40000000000003,3161,True,336,10285
2425,186.8,1960,False,172,10289
2426,193.05,2022,False,182,10293
2427,186.20000000000002,1959,False,172,10297
2428,187.20000000000002,1957,False,188,10301
2429,134.35,1434,False,127,10304
2430,235.05,2470,False,307,10311
2431,187.15000000000003,1962,False,179,10315
2432,134.95000000000002,1435,False,128,10318
2433,237.05,2471,False,263,10324
2434,236.20000000000002,2472,False,248,10329
2435,304.3,3161,True,365,10337
2436,236.10000000000002,2475,False,270,10343
2437,187.35000000000002,1964,False,176,10347
2438,236.95000000000002,2476,False,266,10353
2439,237.35000000000002,2473,False,234,10358
2440,187.8,1977,False,180,10362
2441,135.20000000000002,1435,False,128,10365
2442,305.85,3161,True,348,10372
2443,103.85000000000001,1130,False,120,10375
2444,135.45,1435,False,128,10378
2445,170.65,1798,False,158,10382
2446,135.0,1433,False,128,10385
2447,185.5,1952,False,225,10390
2448,236.3,2474,False,253,10396
2449,135.20000000000002,1435,False,128,10399
2450,170.15,1787,False,162,10403
2451,63.400000000000006,711,False,71,10405
2452,170.15,1791,False,180,10409
2453,105.10000000000001,1127,False,105,10412
2454,105.10000000000001,1127,False,105,10415
2455,171.65,1798,False,158,10419
2456,134.25,1433,False,128,10422
2457,305.25,3161,True,335,10429
2458,170.5,1787,False,159,10433
2459,171.10000000000002,1802,False,168,10437
2460,135.1,1434,False,127,10440
2461,304.50000000000006,3161,True,407,10449
2462,303.55000000000007,3161,True,443,10458
2463,303.8,3161,True,338,10465
2464,171.65000000000003,1803,False,159,10469
2465,169.5,1785,False,162,10473
2466,60.400000000000006,683,False,83,10475
2467,170.4,1784,False,163,10479
2468,188.00000000000003,1977,False,173,10483
2469,104.75000000000003,1129,False,116,10486
2470,169.75,1785,False,162,10490
2471,169.70000000000002,1793,False,176,10494
2472,135.45000000000002,1435,False,130,10497
2473,305.40000000000003,3161,True,363,10505
2474,158.5,1677,False,148,10508
2475,193.60000000000002,2025,False,183,10512
2476,167.65000000000003,1770,False,169,10516
2477,305.55,3161,True,368,10524
2478,185.3,1955,False,171,10528
2479,170.15,1783,False,163,10532
2480,103.95000000000002,1129,False,130,10535
2481,134.8,1434,False,142,10538
2482,305.65000000000003,3161,True,338,10545
2483,104.75,1128,False,115,10548
2484,24.799999999999997,316,False,29,10549
2485,306.00000000000006,3161,True,356,10557
2486,235.75,2471,False,282,10563
2487,186.60000000000002,1960,False,181,10567
2488,143.55,1523,False,135,10570
2489,186.65,1958,False,180,10574
2490,24.549999999999997,316,False,29,10575
2491,237.20000000000005,2472,False,275,10581
2492,134.50000000000003,1435,False,139,10584
2493,159.10000000000002,1678,False,148,10587
2494,236.90000000000003,2477,False,259,10593
2495,304.75000000000006,3161,True,381,10601
2496,134.95000000000002,1435,False,129,10604
2497,144.00000000000003,1526,False,142,10607
2498,135.45000000000002,1435,False,128,10610
2499,304.75,3161,True,353,10618
2500,104.10000000000001,1131,False,143,10621
2501,236.90000000000003,2473,False,267,10627
2502,169.75000000000003,1788,False,163,10631
2503,193.9,2027,False,177,10635
2504,192.35000000000002,2020,False,182,10639
2505,168.95,1790,False,214,10644
2506,158.55,1675,False,148,10647
2507,234.6,2470,False,345,10654
2508,266.1,2764,False,276,10660
2509,168.85000000000002,1788,False,175,10664
2510,304.40000000000003,3161,True,390,10672
2511,104.85000000000001,1127,False,105,10675
2512,169.65,1782,False,163,10679
2513,236.70000000000002,2477,False,265,10685
2514,186.05,1955,False,171,10689
2515,237.55000000000004,2473,False,220,10694
2516,144.2,1526,False,134,10697
2517,104.85000000000001,1128,False,107,10700
2518,310.05,3161,True,319,10707
2519,301.4,3161,True,363,10715
2520,186.35000000000002,1963,False,172,10719
2521,105.10000000000001,1129,False,111,10722
2522,184.8,1940,False,177,10726
2523,170.20000000000002,1792,False,170,10730
2524,105.00000000000001,1127,False,107,10733
2525,143.55,1524,False,165,10737
2526,235.85000000000002,2471,False,272,10743
2527,185.30000000000004,1945,False,177,10747
2528,237.15,2471,False,234,10752
2529,193.05,2025,False,199,10756
2530,236.55000000000004,2471,False,237,10761
2531,304.5,3161,True,382,10769
2532,169.80000000000004,1787,False,164,10773
2533,185.90000000000003,1955,False,190,10777
2534,171.0,1800,False,167,10781
2535,237.20000000000002,2476,False,244,10786
2536,235.95000000000002,2471,False,267,10792
2537,237.05,2473,False,245,10797
2538,169.35000000000002,1786,False,163,10801
2539,169.8,1788,False,171,10805
2540,194.4,2024,False,186,10809
2541,184.00000000000003,1948,False,178,10813
2542,186.8,1960,False,172,10817
2543,305.50000000000006,3161,True,359,10825
2544,234.70000000000005,2470,False,314,10832
2545,186.40000000000003,1957,False,176,10836
2546,186.55,1955,False,171,10840
2547,169.5,1785,False,162,10844
2548,237.8,2477,False,238,10849
2549,61.60000000000001,699,False,77,10851
2550,306.0,3161,True,333,10858
2551,184.00000000000003,1942,False,205,10863
2552,237.35000000000002,2470,False,248,10868
2553,169.10000000000002,1784,False,164,10872
2554,135.00000000000003,1434,False,131,10875
2555,186.55,1955,False,171,10879
2556,186.3,1955,False,171,10883
2557,237.95000000000002,2471,False,270,10889
2558,169.55,1797,False,159,10893
2559,236.55,2472,False,243,10898
2560,143.00000000000003,1522,False,147,10901
2561,62.05000000000001,696,False,77,10903
2562,169.75000000000003,1780,False,163,10907
2563,62.75000000000001,707,False,73,10909
2564,187.60000000000002,1964,False,176,10913
2565,169.4,1784,False,162,10917
2566,143.45000000000002,1524,False,145,10920
2567,143.8,1523,False,135,10923
2568,193.50000000000003,2021,False,190,10927
2569,168.55,1790,False,201,10932
2570,157.75,1670,False,162,10936
2571,265.55,2760,False,270,10942
2572,184.25,1942,False,177,10946
2573,193.8,2023,False,187,10950
2574,304.55000000000007,3161,True,340,10957
2575,192.95000000000002,2021,False,182,10961
2576,235.90000000000003,2472,False,286,10967
2577,169.25,1784,False,163,10971
2578,186.55000000000004,1960,False,173,10975
2579,304.05,3161,True,417,10984
2580,192.90000000000003,2025,False,195,10988
2581,186.3,1955,False,171,10992
2582,304.80000000000007,3161,True,365,11000
2583,185.4,1946,False,175,11004
2584,134.75,1434,False,133,11007
2585,135.0,1433,False,128,11010
2586,193.0,2019,False,184,11014
2587,143.3,1523,False,135,11017
2588,169.95000000000002,1783,False,168,11021
2589,169.95000000000002,1797,False,163,11025
2590,305.15000000000003,3161,True,362,11033
2591,305.95,3161,True,324,11040
2592,236.70000000000005,2473,False,230,11045
2593,194.50000000000003,2023,False,203,11050
2594,167.9,1788,False,161,11054
2595,169.20000000000002,1781,False,164,11058
2596,237.35000000000002,2476,False,241,11063
2597,186.70000000000002,1959,False,172,11067
2598,303.15,3161,True,406,11076
2599,304.15000000000003,3161,True,414,11085
2600,184.55,1940,False,177,11089
2601,303.75,3161,True,403,11098
2602,134.75,1433,False,128,11101
2603,193.95000000000002,2023,False,191,11105
2604,168.45000000000002,1788,False,173,11109
2605,237.85000000000002,2471,False,250,11114
2606,143.00000000000003,1525,False,136,11117
2607,191.65000000000003,2018,False,209,11122
2608,305.45,3161,True,347,11129
2609,305.15000000000003,3161,True,363,11137
2610,192.9,2023,False,185,11141
2611,184.20000000000002,1940,False,176,11145
2612,186.3,1955,False,171,11149
2613,169.95000000000002,1788,False,174,11153
2614,306.15000000000003,3161,True,338,11160
2615,263.90000000000003,2762,False,278,11166
2616,193.3,2022,False,182,11170
2617,170.3,1798,False,164,11174
2618,236.70000000000002,2469,False,239,11179
2619,306.4000000000001,3161,True,289,11185
2620,237.50000000000006,2471,False,228,11190
2621,104.50000000000001,1127,False,107,11193
2622,266.25,2767,False,300,11199
2623,304.45000000000005,3161,True,347,11206
2624,235.95000000000002,2476,False,289,11212
2625,236.10000000000002,2469,False,370,11220
2626,22.549999999999997,316,False,29,11221
2627,144.45000000000002,1526,False,159,11225
2628,169.7,1795,False,178,11229
2629,135.15000000000003,1433,False,133,11232
2630,235.95000000000002,2469,False,281,11238
2631,236.4,2473,False,268,11244
2632,170.0,1788,False,160,11248
2633,171.5,1799,False,158,11252
2634,169.25,1788,False,161,11256
2635,135.0,1433,False,128,11259
2636,171.25000000000003,1791,False,175,11263
2637,303.95000000000005,3161,True,375,11271
2638,305.00000000000006,3161,True,382,11279
2639,134.10000000000002,1434,False,128,11282
2640,185.45000000000002,1945,False,180,11286
2641,305.40000000000003,3161,True,336,11293
2642,171.0,1799,False,158,11297
2643,236.35000000000002,2470,False,242,11302
2644,135.20000000000002,1435,False,128,11305
2645,169.65,1785,False,178,11309
2646,170.9,1798,False,158,11313
2647,134.95000000000002,1435,False,128,11316
2648,237.15000000000003,2474,False,246,11321
2649,134.85000000000002,1434,False,129,11324
2650,186.80000000000004,1960,False,173,11328
2651,186.55,1955,False,171,11332
2652,186.05,1955,False,171,11336
2653,171.75,1799,False,158,11340
2654,304.75,3161,True,432,11349
2655,190.65,2022,False,202,11354
2656,235.70000000000002,2473,False,301,11361
2657,133.50000000000003,1435,False,187,11365
2658,172.0,1799,False,158,11369
2659,104.45000000000002,1129,False,106,11372
2660,63.75000000000001,712,False,71,11374
2661,135.70000000000002,1435,False,128,11377
2662,169.45000000000002,1789,False,181,11381
2663,143.8,1523,False,135,11384
2664,169.65,1785,False,176,11388
2665,143.50000000000003,1525,False,136,11391
2666,236.90000000000003,2472,False,265,11397
2667,186.05,1955,False,171,11401
2668,186.55,1955,False,171,11405
2669,237.10000000000002,2473,False,234,11410
2670,170.15000000000003,1793,False,161,11414
2671,169.40000000000003,1784,False,163,11418
2672,105.10000000000001,1127,False,105,11421
2673,169.9,1787,False,161,11425
2674,135.0,1433,False,128,11428
2675,304.95000000000005,3161,True,375,11436
2676,304.85,3161,True,354,11444
2677,192.80000000000004,2022,False,181,11448
2678,305.30000000000007,3161,True,366,11456
2679,134.70000000000002,1435,False,129,11459
2680,304.05,3161,True,385,11467
2681,134.75,1433,False,128,11470
2682,185.75,1950,False,190,11474
2683,305.25,3161,True,359,11482
2684,305.15000000000003,3161,True,338,11489
2685,143.55,1523,False,135,11492
2686,305.00000000000006,3161,True,385,11500
2687,305.05,3161,True,345,11507
2688,192.80000000000004,2022,False,182,11511
2689,264.45000000000005,2764,False,299,11517
2690,144.10000000000002,1526,False,140,11520
2691,237.05000000000004,2474,False,252,11526
2692,134.95000000000002,1435,False,128,11529
2693,236.85000000000002,2471,False,248,11534
2694,158.35000000000002,1673,False,148,11537
2695,143.20000000000002,1516,False,139,11540
2696,235.79999999999998,2471,False,288,11546
2697,135.25,1433,False,128,11549
2698,236.45000000000002,2476,False,286,11555
2699,186.35000000000002,1964,False,176,11559
2700,186.40000000000003,1956,False,195,11563
