0,171.75,1799,False,158,4
1,169.70000000000002,1786,False,166,8
2,134.75000000000003,1434,False,131,11
3,170.25000000000003,1789,False,161,15
4,236.00000000000003,2475,False,293,21
5,235.85000000000002,2472,False,276,27
6,237.05,2471,False,244,32
7,193.20000000000002,2021,False,182,36
8,133.95000000000002,1434,False,147,39
9,305.90000000000003,3161,True,362,47
10,236.10000000000002,2470,False,241,52
11,185.8,1955,False,172,56
12,186.3,1955,False,171,60
13,193.3,2019,False,191,64
14,184.25,1942,False,177,68
15,236.35000000000002,2472,False,253,74
16,303.85,3161,True,399,82
17,236.00000000000003,2469,False,265,88
18,236.90000000000003,2472,False,240,93
19,304.75,3161,True,351,101
20,158.75000000000003,1677,False,147,104
21,237.20000000000002,2477,False,268,110
22,169.20000000000002,1786,False,167,114
23,305.8,3161,True,366,122
24,103.85000000000002,1128,False,106,125
25,143.8,1523,False,135,128
26,305.25000000000006,3161,True,359,136
27,236.70000000000002,2471,False,242,141
28,186.6,1959,False,178,145
29,143.25000000000003,1523,False,151,149
30,142.8,1512,False,139,152
31,170.0,1785,False,163,156
32,134.5,1433,False,128,159
33,135.20000000000002,1435,False,128,162
34,171.75000000000003,1801,False,169,166
35,236.10000000000002,2472,False,251,172
36,186.05,1955,False,172,176
37,236.85000000000002,2470,False,246,181
38,134.75,1433,False,128,184
39,134.90000000000003,1434,False,140,187
40,141.65,1512,False,183,191
41,170.20000000000005,1785,False,162,195
42,185.15,1946,False,175,199
43,186.8,1960,False,172,203
44,237.3,2477,False,237,208
45,185.00000000000003,1943,False,175,212
46,237.30000000000007,2471,False,262,218
47,134.0,1435,False,137,221
48,169.8,1786,False,162,225
49,236.95000000000002,2472,False,246,230
50,186.05,1956,False,177,234
51,305.05000000000007,3161,True,365,242
52,63.30000000000001,709,False,69,244
53,186.8,1955,False,171,248
54,305.1000000000001,3161,True,352,256
55,263.8,2756,False,305,263
56,235.8,2472,False,292,269
57,142.55,1512,False,139,272
58,169.5,1785,False,162,276
59,143.8,1523,False,137,279
60,159.10000000000002,1678,False,148,282
61,170.0,1789,False,161,286
62,184.95000000000002,1940,False,176,290
63,143.15,1524,False,165,294
64,306.3,3161,True,341,301
65,305.29999999999995,3161,True,320,308
66,304.05000000000007,3161,True,394,316
67,265.1,2765,False,283,322
68,171.25,1803,False,179,326
69,186.85000000000002,1964,False,177,330
70,236.60000000000002,2472,False,252,336
71,170.0,1788,False,161,340
72,305.40000000000003,3161,True,338,347
73,186.05,1955,False,171,351
74,168.65000000000003,1779,False,164,355
75,187.35000000000002,1964,False,179,359
76,105.00000000000001,1127,False,107,362
77,305.0,3161,True,380,370
78,304.6,3161,True,355,378
79,104.25000000000001,1127,False,107,381
80,236.45000000000002,2471,False,270,387
81,169.75,1783,False,163,391
82,186.70000000000005,1961,False,182,395
83,193.15,2018,False,181,399
84,104.2,1129,False,105,402
85,236.65,2471,False,257,408
86,236.20000000000005,2470,False,260,414
87,194.25000000000003,2027,False,221,419
88,303.8500000000001,3161,True,352,427
89,236.0,2473,False,264,433
90,237.25,2474,False,242,438
91,186.60000000000002,1964,False,176,442
92,263.35,2754,False,328,449
93,265.40000000000003,2769,False,290,455
94,305.6,3161,True,330,462
95,185.35000000000002,1954,False,202,467
96,144.3,1527,False,134,470
97,193.65,2027,False,177,474
98,305.35,3161,True,352,482
99,234.05,2475,False,381,490
100,304.40000000000003,3161,True,390,498
101,143.20000000000002,1524,False,172,502
102,236.50000000000003,2471,False,251,508
103,236.55,2474,False,254,514
104,236.5,2473,False,261,520
105,305.85,3161,True,330,527
106,169.9,1787,False,162,531
107,169.5,1783,False,163,535
108,265.05,2761,False,276,541
109,143.15000000000003,1524,False,136,544
110,186.65000000000003,1957,False,176,548
111,187.10000000000002,1963,False,172,552
112,185.80000000000004,1956,False,204,557
113,135.0,1433,False,128,560
114,237.15000000000003,2471,False,234,565
115,236.80000000000004,2470,False,259,571
116,186.25000000000003,1963,False,179,575
117,105.20000000000002,1128,False,105,578
118,236.45000000000002,2471,False,267,584
119,186.05,1955,False,172,588
120,135.20000000000002,1435,False,128,591
121,144.00000000000003,1528,False,151,595
122,105.00000000000001,1127,False,107,598
123,237.40000000000003,2472,False,237,603
124,63.25000000000001,711,False,72,605
125,193.75,2024,False,183,609
126,304.65000000000003,3161,True,363,617
127,169.75,1785,False,163,621
128,305.1,3161,True,326,628
129,187.8,1971,False,179,632
130,305.25,3161,True,358,640
131,236.60000000000002,2473,False,258,646
132,236.70000000000002,2470,False,238,651
133,158.55,1675,False,148,654
134,305.05,3161,True,368,662
135,60.5,685,False,86,664
136,185.05,1941,False,177,668
137,170.10000000000002,1791,False,163,672
138,159.0,1677,False,148,675
139,305.90000000000003,3161,True,337,682
140,305.8,3161,True,317,689
141,134.35000000000002,1435,False,157,693
142,143.75000000000003,1525,False,136,696
143,157.05000000000004,1660,False,153,700
144,143.15,1512,False,139,703
145,186.55,1955,False,171,707
146,158.2,1672,False,164,711
147,104.55000000000003,1125,False,108,714
148,236.65000000000003,2471,False,260,720
149,63.60000000000001,712,False,72,722
150,187.45000000000005,1965,False,178,726
151,236.75000000000003,2470,False,247,731
152,193.25,2024,False,182,735
153,305.05000000000007,3161,True,367,743
154,143.25000000000003,1525,False,136,746
155,142.70000000000002,1513,False,145,749
156,237.35000000000002,2469,False,265,755
157,142.55,1523,False,135,758
158,186.85,1958,False,170,762
159,305.4,3161,True,336,769
160,304.6,3161,True,375,777
161,185.15000000000003,1947,False,177,781
162,185.55000000000004,1946,False,178,785
163,235.60000000000002,2470,False,294,791
164,305.65000000000003,3161,True,339,798
165,170.55000000000004,1792,False,159,802
166,142.3,1512,False,139,805
167,60.400000000000006,683,False,83,807
168,143.35000000000002,1516,False,145,810
169,65.15,722,False,68,812
170,186.05000000000004,1951,False,177,816
171,236.60000000000002,2473,False,258,822
172,305.75,3161,True,334,829
173,306.34999999999997,3161,True,304,836
174,185.15,1946,False,175,840
175,305.15000000000003,3161,True,360,848
176,185.05,1943,False,190,852
177,169.8,1793,False,166,856
178,237.10000000000002,2473,False,235,861
179,237.20000000000002,2472,False,223,866
180,236.45000000000002,2469,False,264,872
181,304.85,3161,True,323,879
182,186.70000000000002,1959,False,172,883
183,305.15000000000003,3161,True,362,891
184,143.10000000000002,1522,False,143,894
185,105.20000000000002,1129,False,106,897
186,305.25,3161,True,356,905
187,303.70000000000005,3161,True,424,914
188,237.10000000000002,2473,False,234,919
189,305.30000000000007,3161,True,343,926
190,186.85000000000002,1963,False,172,930
191,187.55000000000004,1957,False,185,934
192,142.35000000000002,1522,False,141,937
193,169.60000000000002,1788,False,176,941
194,143.10000000000002,1524,False,179,945
195,171.15000000000003,1798,False,158,949
196,157.14999999999998,1663,False,182,953
197,185.35000000000002,1946,False,190,957
198,236.75000000000003,2472,False,259,963
199,303.84999999999997,3161,True,378,971
200,236.15,2472,False,266,977
201,185.85000000000002,1954,False,177,981
202,306.00000000000006,3161,True,331,988
203,305.3,3161,True,368,996
204,236.30000000000004,2472,False,244,1001
205,235.45000000000005,2471,False,294,1007
206,135.20000000000002,1435,False,128,1010
207,236.25000000000006,2471,False,277,1016
208,305.6,3161,True,328,1023
209,236.90000000000003,2473,False,244,1028
210,304.90000000000003,3161,True,330,1035
211,236.90000000000003,2472,False,239,1040
212,104.60000000000001,1129,False,139,1043
213,134.75,1433,False,128,1046
214,236.75000000000003,2470,False,245,1051
215,236.35000000000002,2471,False,250,1056
216,134.95000000000002,1435,False,128,1059
217,303.90000000000003,3161,True,411,1068
218,237.10000000000002,2472,False,251,1074
219,304.55,3161,True,395,1082
220,142.15000000000003,1523,False,182,1086
221,171.10000000000002,1795,False,167,1090
222,168.95000000000002,1781,False,168,1094
223,134.8,1434,False,142,1097
224,105.30000000000003,1130,False,107,1100
225,236.15000000000003,2471,False,282,1106
226,169.70000000000002,1785,False,164,1110
227,236.25000000000003,2472,False,256,1116
228,104.9,1127,False,115,1119
229,305.45,3161,True,348,1126
230,304.20000000000005,3161,True,396,1134
231,304.90000000000003,3161,True,362,1142
232,158.55,1675,False,149,1145
233,193.70000000000005,2022,False,190,1149
234,235.50000000000003,2473,False,264,1155
235,237.60000000000002,2474,False,240,1160
236,184.60000000000002,1947,False,191,1164
237,305.35,3161,True,353,1172
238,304.5,3161,True,384,1180
239,304.70000000000005,3161,True,343,1187
240,184.55,1940,False,177,1191
241,236.55000000000004,2473,False,274,1197
242,236.60000000000002,2472,False,255,1203
243,188.25000000000003,1980,False,185,1207
244,170.3,1793,False,190,1211
245,134.75,1433,False,128,1214
246,305.40000000000003,3161,True,337,1221
247,184.8,1941,False,177,1225
248,104.95000000000002,1129,False,106,1228
249,236.55000000000004,2472,False,266,1234
250,134.75,1433,False,128,1237
251,105.10000000000001,1127,False,105,1240
252,170.25,1788,False,161,1244
253,24.349999999999998,314,False,28,1245
254,236.85000000000002,2472,False,280,1251
255,237.10000000000002,2474,False,240,1256
256,143.55,1523,False,135,1259
257,171.25,1799,False,158,1263
258,107.35000000000002,1155,False,106,1266
259,305.65000000000003,3161,True,335,1273
260,237.40000000000003,2476,False,234,1278
261,169.25000000000003,1784,False,166,1282
262,305.49999999999994,3161,True,357,1290
263,236.65,2473,False,241,1295
264,305.8,3161,True,319,1302
265,304.75000000000006,3161,True,359,1310
266,237.05,2474,False,254,1316
267,134.75,1433,False,128,1319
268,169.64999999999998,1786,False,185,1323
269,186.65000000000003,1961,False,174,1327
270,143.8,1523,False,135,1330
271,186.3,1955,False,172,1334
272,306.55000000000007,3161,True,319,1341
273,185.65,1959,False,186,1345
274,169.70000000000002,1787,False,163,1349
275,305.44999999999993,3161,True,372,1357
276,304.6,3161,True,351,1365
277,104.75000000000001,1127,False,107,1368
278,169.70000000000002,1785,False,164,1372
279,186.75,1960,False,186,1376
280,159.3,1678,False,165,1380
281,236.00000000000006,2471,False,259,1386
282,142.95000000000002,1516,False,139,1389
283,236.75000000000003,2470,False,245,1394
284,134.95000000000002,1435,False,128,1397
285,171.35000000000002,1795,False,158,1401
286,134.05,1434,False,141,1404
287,158.90000000000003,1678,False,159,1408
288,305.35,3161,True,351,1416
289,193.05,2019,False,191,1420
290,304.35,3161,True,329,1427
291,135.15000000000003,1434,False,139,1430
292,187.65,1964,False,190,1434
293,106.15,1150,False,116,1437
294,105.10000000000001,1127,False,105,1440
295,104.80000000000001,1126,False,112,1443
296,238.75,2475,False,250,1448
297,183.35000000000002,1944,False,177,1452
298,236.00000000000003,2471,False,276,1458
299,305.3,3161,True,343,1465
300,236.85000000000002,2471,False,247,1470
301,169.3,1784,False,169,1474
302,237.00000000000003,2473,False,236,1479
303,236.05000000000004,2470,False,264,1485
304,171.25,1799,False,158,1489
305,186.60000000000002,1957,False,191,1493
306,186.10000000000002,1963,False,172,1497
307,135.35000000000002,1434,False,128,1500
308,171.0,1791,False,180,1504
309,168.30000000000004,1780,False,171,1508
310,61.900000000000006,701,False,75,1510
311,187.45000000000002,1959,False,173,1514
312,171.5,1799,False,158,1518
313,134.25,1433,False,128,1521
314,305.5,3161,True,332,1528
315,143.0,1514,False,140,1531
316,186.55,1960,False,172,1535
317,305.80000000000007,3161,True,342,1542
318,236.3,2469,False,255,1548
319,237.15000000000003,2476,False,235,1553
320,134.90000000000003,1434,False,139,1556
321,171.5,1799,False,158,1560
322,235.65000000000003,2471,False,285,1566
323,60.60000000000001,685,False,81,1568
324,305.50000000000006,3161,True,360,1576
325,134.2,1433,False,165,1580
326,170.60000000000002,1796,False,168,1584
327,237.25000000000006,2472,False,281,1590
328,185.1,1958,False,172,1594
329,236.40000000000003,2471,False,256,1600
330,185.20000000000002,1945,False,176,1604
331,143.55,1523,False,135,1607
332,186.85000000000002,1955,False,182,1611
333,236.10000000000002,2471,False,245,1616
334,187.05000000000004,1955,False,172,1620
335,304.1,3161,True,376,1628
336,306.1,3161,True,302,1635
337,61.099999999999994,691,False,87,1637
338,186.25000000000003,1947,False,175,1641
339,188.85000000000002,1985,False,184,1645
340,305.65,3161,True,360,1653
341,185.20000000000002,1955,False,179,1657
342,237.60000000000002,2477,False,221,1662
343,306.1000000000001,3161,True,325,1669
344,236.85000000000002,2475,False,237,1674
345,169.35000000000002,1785,False,166,1678
346,170.10000000000002,1793,False,185,1682
347,135.20000000000002,1435,False,128,1685
348,143.70000000000005,1524,False,150,1688
349,168.20000000000002,1768,False,174,1692
350,305.15000000000003,3161,True,339,1699
351,142.55,1514,False,150,1702
352,186.20000000000002,1954,False,172,1706
353,193.90000000000003,2028,False,183,1710
354,235.90000000000003,2471,False,260,1716
355,142.8,1512,False,139,1719
356,158.60000000000002,1673,False,148,1722
357,186.20000000000002,1954,False,197,1726
358,171.25,1799,False,158,1730
359,134.25,1433,False,128,1733
360,237.70000000000002,2476,False,269,1739
361,170.35,1802,False,169,1743
362,236.85000000000002,2472,False,253,1749
363,236.65000000000003,2474,False,247,1754
364,237.3,2470,False,238,1759
365,141.85000000000002,1510,False,141,1762
366,135.20000000000002,1435,False,128,1765
367,236.3,2469,False,253,1771
368,237.45000000000002,2472,False,251,1777
369,170.3,1793,False,173,1781
370,192.00000000000003,2019,False,181,1785
371,168.65,1776,False,174,1789
372,168.00000000000003,1774,False,187,1793
373,158.5,1677,False,148,1796
374,236.05000000000004,2472,False,295,1802
375,305.55000000000007,3161,True,342,1809
376,304.70000000000005,3161,True,374,1817
377,60.45000000000001,686,False,82,1819
378,237.60000000000002,2473,False,233,1824
379,236.60000000000002,2473,False,256,1830
380,142.45000000000005,1514,False,150,1833
381,305.3,3161,True,369,1841
382,303.75000000000006,3161,True,433,1850
383,143.45000000000002,1527,False,137,1853
384,172.60000000000002,1805,False,163,1857
385,304.6,3161,True,330,1864
386,170.05000000000004,1786,False,162,1868
387,169.75,1788,False,160,1872
388,172.35000000000002,1805,False,163,1876
389,235.50000000000003,2475,False,293,1882
390,305.50000000000006,3161,True,334,1889
391,104.55000000000001,1126,False,114,1892
392,105.10000000000001,1127,False,105,1895
393,170.40000000000003,1793,False,161,1899
394,236.45000000000002,2470,False,263,1905
395,60.10000000000001,675,False,57,1907
396,170.05000000000004,1791,False,205,1912
397,186.45000000000002,1959,False,172,1916
398,186.0,1954,False,184,1920
399,305.1,3161,True,351,1928
400,134.95000000000002,1435,False,128,1931
401,305.80000000000007,3161,True,343,1938
402,236.20000000000002,2473,False,251,1944
403,185.25,1943,False,181,1948
404,236.8,2472,False,244,1953
405,134.75,1433,False,128,1956
406,236.5,2471,False,254,1962
407,169.5,1785,False,162,1966
408,193.95000000000002,2026,False,182,1970
409,169.5,1789,False,161,1974
410,186.85000000000002,1963,False,172,1978
411,305.45000000000005,3161,True,395,1986
412,185.85000000000002,1963,False,172,1990
413,158.8,1675,False,148,1993
414,187.10000000000002,1963,False,172,1997
415,170.15000000000003,1789,False,163,2001
416,185.30000000000004,1955,False,197,2005
417,135.45000000000002,1435,False,128,2008
418,304.75,3161,True,381,2016
419,104.85000000000002,1127,False,105,2019
420,105.10000000000001,1127,False,105,2022
421,135.35000000000002,1434,False,128,2025
422,193.00000000000003,2024,False,181,2029
423,184.75,1942,False,177,2033
424,134.75,1433,False,128,2036
425,143.15000000000003,1514,False,140,2039
426,236.95000000000002,2471,False,241,2044
427,236.70000000000002,2472,False,247,2049
428,169.75000000000003,1789,False,162,2053
429,170.3,1793,False,168,2057
430,135.45000000000002,1435,False,128,2060
431,265.3,2756,False,254,2066
432,143.15000000000003,1528,False,156,2070
433,144.00000000000003,1525,False,136,2073
434,236.54999999999998,2472,False,269,2079
435,236.90000000000003,2472,False,262,2085
436,185.55,1957,False,183,2089
437,169.5,1785,False,162,2093
438,236.75,2471,False,254,2099
439,143.85000000000002,1526,False,136,2102
440,158.85000000000002,1676,False,161,2106
441,104.75,1130,False,124,2109
442,169.60000000000002,1786,False,163,2113
443,305.85,3161,True,328,2120
444,104.35000000000002,1125,False,117,2123
445,135.10000000000002,1435,False,134,2126
446,169.60000000000002,1786,False,162,2130
447,193.10000000000002,2020,False,210,2135
448,234.95000000000002,2473,False,303,2142
449,236.15,2471,False,258,2148
450,135.0,1433,False,128,2151
451,185.45000000000002,1942,False,191,2155
452,193.65,2027,False,177,2159
453,304.15,3161,True,365,2167
454,305.00000000000006,3161,True,356,2175
455,142.55,1512,False,139,2178
456,135.20000000000002,1435,False,128,2181
457,306.00000000000006,3161,True,332,2188
458,304.90000000000003,3161,True,336,2195
459,184.8,1941,False,177,2199
460,237.00000000000003,2474,False,243,2204
461,24.599999999999998,314,False,28,2205
462,143.20000000000002,1511,False,140,2208
463,304.6,3161,True,371,2216
464,305.3,3161,True,320,2223
465,306.40000000000003,3161,True,311,2230
466,236.75000000000003,2476,False,247,2235
467,305.1,3161,True,351,2243
468,305.70000000000005,3161,True,324,2250
469,236.8,2473,False,245,2255
470,236.70000000000005,2476,False,269,2261
471,169.9,1788,False,163,2265
472,169.45000000000002,1785,False,164,2269
473,236.8,2472,False,244,2274
474,237.15,2472,False,239,2279
475,185.25000000000003,1947,False,177,2283
476,144.00000000000003,1525,False,137,2286
477,306.3,3161,True,319,2293
478,235.95000000000002,2472,False,272,2299
479,235.60000000000002,2470,False,294,2305
480,143.75000000000003,1526,False,143,2308
481,304.55000000000007,3161,True,393,2316
482,304.3,3161,True,444,2325
483,169.00000000000003,1789,False,162,2329
484,186.40000000000003,1957,False,176,2333
485,171.40000000000003,1803,False,159,2337
486,104.75000000000001,1127,False,107,2340
487,185.4,1947,False,180,2344
488,236.3,2471,False,261,2350
489,172.60000000000002,1805,False,163,2354
490,142.60000000000002,1521,False,135,2357
491,305.75,3161,True,330,2364
492,61.60000000000001,694,False,77,2366
493,238.55,2470,False,258,2372
494,184.70000000000005,1959,False,173,2376
495,188.15,1974,False,187,2380
496,143.55,1523,False,135,2383
497,184.70000000000002,1940,False,177,2387
498,236.8,2472,False,246,2392
499,134.60000000000002,1434,False,151,2396
500,305.75000000000006,3161,True,335,2403
501,142.8,1512,False,139,2406
502,305.35,3161,True,326,2413
503,236.95000000000002,2471,False,241,2418
504,169.25,1783,False,163,2422
505,304.95000000000005,3161,True,371,2430
506,169.8,1788,False,163,2434
507,305.45000000000005,3161,True,347,2441
508,235.3,2473,False,299,2447
509,187.10000000000002,1964,False,176,2451
510,305.8500000000001,3161,True,330,2458
511,170.70000000000002,1790,False,165,2462
512,156.45000000000002,1660,False,153,2466
513,304.30000000000007,3161,True,388,2474
514,192.35000000000002,2023,False,195,2478
515,134.85000000000002,1434,False,128,2481
516,305.05,3161,True,368,2489
517,304.05,3161,True,418,2498
518,169.3,1788,False,161,2502
519,237.25000000000003,2473,False,240,2507
520,236.60000000000002,2470,False,241,2512
521,236.35000000000002,2472,False,255,2518
522,142.5,1512,False,151,2522
523,305.65000000000003,3161,True,339,2529
524,304.6000000000001,3161,True,378,2537
525,143.75000000000003,1525,False,136,2540
526,193.50000000000003,2024,False,181,2544
527,305.40000000000003,3161,True,337,2551
528,305.65000000000003,3161,True,314,2558
529,306.0,3161,True,359,2566
530,143.05,1528,False,136,2569
531,135.0,1433,False,128,2572
532,143.8,1523,False,135,2575
533,303.95000000000005,3161,True,399,2583
534,305.50000000000006,3161,True,359,2591
535,185.15,1946,False,175,2595
536,185.0,1942,False,177,2599
537,185.0,1942,False,177,2603
538,236.95000000000002,2472,False,247,2608
539,169.30000000000004,1786,False,161,2612
540,192.54999999999998,2021,False,225,2617
541,193.15000000000003,2023,False,181,2621
542,305.40000000000003,3161,True,312,2628
543,305.25000000000006,3161,True,357,2636
544,305.4,3161,True,338,2643
545,304.95000000000005,3161,True,319,2650
546,170.40000000000003,1790,False,176,2654
547,236.70000000000002,2475,False,237,2659
548,170.25,1795,False,162,2663
549,185.3,1946,False,177,2667
550,185.55,1948,False,190,2671
551,192.65,2024,False,187,2675
552,305.00000000000006,3161,True,359,2683
553,306.3500000000001,3161,True,304,2690
554,236.25000000000003,2469,False,244,2695
555,169.8,1788,False,167,2699
556,169.3,1789,False,190,2703
557,193.25,2020,False,186,2707
558,235.9,2470,False,257,2713
559,107.15000000000002,1155,False,118,2716
560,24.599999999999998,314,False,28,2717
561,305.3,3161,True,366,2725
562,142.70000000000002,1512,False,142,2728
563,237.15,2474,False,249,2733
564,305.35,3161,True,330,2740
565,169.60000000000002,1786,False,163,2744
566,305.95000000000005,3161,True,323,2751
567,143.65,1524,False,136,2754
568,236.85000000000002,2472,False,254,2760
569,236.8,2472,False,241,2765
570,134.55,1433,False,136,2768
571,24.599999999999998,314,False,28,2769
572,306.50000000000006,3161,True,332,2776
573,305.5,3161,True,334,2783
574,305.95000000000005,3161,True,322,2790
575,236.45000000000002,2470,False,241,2795
576,305.45000000000005,3161,True,321,2802
577,142.65000000000003,1516,False,152,2806
578,236.95000000000005,2475,False,258,2812
579,63.20000000000001,709,False,72,2814
580,237.20000000000002,2470,False,244,2819
581,143.55,1524,False,143,2822
582,305.05,3161,True,365,2830
583,63.400000000000006,711,False,71,2832
584,135.35000000000002,1434,False,130,2835
585,169.50000000000003,1785,False,164,2839
586,24.799999999999997,316,False,29,2840
587,159.35000000000002,1673,False,148,2843
588,170.0,1798,False,202,2848
589,169.45000000000002,1785,False,164,2852
590,170.75,1798,False,182,2856
591,305.55,3161,True,344,2863
592,169.25,1785,False,162,2867
593,186.55000000000004,1960,False,173,2871
594,186.70000000000002,1960,False,179,2875
595,192.65,2018,False,181,2879
596,169.4,1784,False,162,2883
597,169.25,1785,False,162,2887
598,171.25,1799,False,158,2891
599,171.0,1800,False,167,2895
600,186.15000000000003,1958,False,182,2899
601,61.45,689,False,72,2901
602,305.65000000000003,3161,True,365,2909
603,134.85000000000002,1434,False,129,2912
604,236.8,2473,False,246,2917
605,236.75000000000003,2473,False,238,2922
606,237.95000000000002,2472,False,248,2927
607,184.05,1945,False,177,2931
608,158.8,1678,False,161,2935
609,143.8,1523,False,135,2938
610,187.10000000000002,1963,False,172,2942
611,186.85000000000002,1960,False,182,2946
612,169.95000000000002,1794,False,177,2950
613,170.25000000000003,1789,False,161,2954
614,169.35000000000002,1787,False,170,2958
615,186.25,1954,False,181,2962
616,24.349999999999998,314,False,28,2963
617,171.75,1800,False,167,2967
618,236.15,2472,False,262,2973
619,187.10000000000002,1963,False,172,2977
620,186.70000000000002,1959,False,172,2981
621,304.85,3161,True,377,2989
622,186.3,1955,False,171,2993
623,143.55,1524,False,141,2996
624,170.3,1791,False,161,3000
625,192.70000000000002,2014,False,203,3005
626,134.0,1433,False,128,3008
627,168.9,1779,False,164,3012
628,304.75,3161,True,384,3020
629,134.65,1433,False,132,3023
630,305.50000000000006,3161,True,335,3030
631,186.55,1953,False,187,3034
632,235.65,2472,False,263,3040
633,305.1,3161,True,354,3048
634,186.55,1955,False,171,3052
635,305.05,3161,True,345,3059
636,170.40000000000003,1793,False,159,3063
637,237.10000000000002,2475,False,243,3068
638,169.90000000000003,1787,False,163,3072
639,237.10000000000002,2475,False,239,3077
640,305.65000000000003,3161,True,338,3084
641,143.75000000000003,1525,False,137,3087
642,135.20000000000002,1435,False,128,3090
643,304.0,3161,True,376,3098
644,305.85,3161,True,330,3105
645,186.05,1956,False,178,3109
646,186.55,1955,False,171,3113
647,237.10000000000002,2474,False,237,3118
648,142.25000000000003,1510,False,142,3121
649,184.8,1941,False,177,3125
650,135.0,1433,False,128,3128
651,236.95000000000002,2471,False,243,3133
652,134.75,1433,False,128,3136
653,135.0,1433,False,128,3139
654,187.10000000000002,1963,False,173,3143
655,185.65,1946,False,175,3147
656,305.45000000000005,3161,True,349,3154
657,134.5,1433,False,128,3157
658,304.3,3161,True,365,3165
659,185.50000000000003,1947,False,177,3169
660,194.0,2025,False,190,3173
661,106.0,1150,False,114,3176
662,236.9,2472,False,265,3182
663,304.5,3161,True,360,3190
664,187.35000000000002,1964,False,176,3194
665,184.75,1942,False,177,3198
666,135.0,1433,False,128,3201
667,143.70000000000002,1522,False,136,3204
668,236.70000000000002,2467,False,253,3210
669,104.60000000000001,1127,False,105,3213
670,265.35,2766,False,262,3219
671,305.8,3161,True,343,3226
672,193.9,2027,False,177,3230
673,235.70000000000002,2471,False,270,3236
674,305.85,3161,True,327,3243
675,236.00000000000003,2471,False,252,3249
676,135.0,1433,False,128,3252
677,144.3,1528,False,137,3255
678,170.0,1788,False,160,3259
679,135.0,1433,False,128,3262
680,186.3,1957,False,183,3266
681,135.20000000000002,1435,False,130,3269
682,184.8,1941,False,177,3273
683,305.7,3161,True,323,3280
684,184.8,1941,False,177,3284
685,143.60000000000002,1521,False,135,3287
686,305.05,3161,True,368,3295
687,184.75,1942,False,177,3299
688,158.85000000000002,1673,False,148,3302
689,304.9,3161,True,362,3310
690,305.59999999999997,3161,True,329,3317
691,187.55,1956,False,179,3321
692,264.00000000000006,2765,False,264,3327
693,143.90000000000003,1526,False,145,3330
694,185.0,1942,False,177,3334
695,169.10000000000002,1781,False,164,3338
696,144.10000000000002,1526,False,136,3341
697,170.0,1789,False,161,3345
698,169.70000000000002,1785,False,162,3349
699,186.3,1956,False,178,3353
700,143.10000000000002,1516,False,140,3356
701,305.75,3161,True,331,3363
702,171.4,1798,False,158,3367
703,236.3,2473,False,246,3372
704,143.55,1523,False,135,3375
705,187.25,1960,False,186,3379
706,236.70000000000002,2475,False,240,3384
707,185.10000000000002,1943,False,177,3388
708,184.8,1940,False,177,3392
709,134.75,1433,False,128,3395
710,305.55000000000007,3161,True,340,3402
711,236.8,2473,False,247,3407
712,236.8,2471,False,239,3412
713,236.70000000000002,2473,False,254,3418
714,170.85000000000002,1794,False,179,3422
715,23.599999999999998,314,False,28,3423
716,171.65,1798,False,158,3427
717,305.40000000000003,3161,True,337,3434
718,142.35000000000002,1513,False,153,3438
719,237.25000000000003,2475,False,244,3443
720,192.70000000000002,2018,False,196,3447
721,304.00000000000006,3161,True,352,3455
722,236.00000000000003,2472,False,284,3461
723,237.10000000000002,2475,False,245,3466
724,236.45000000000002,2471,False,242,3471
725,193.9,2023,False,182,3475
726,168.8,1789,False,167,3479
727,305.95000000000005,3161,True,321,3486
728,236.90000000000003,2474,False,246,3491
729,305.05,3161,True,367,3499
730,236.3,2472,False,247,3504
731,186.8,1960,False,172,3508
732,194.55,2023,False,187,3512
733,235.25,2471,False,251,3518
734,305.75000000000006,3161,True,310,3525
735,305.80000000000007,3161,True,315,3532
736,186.05,1955,False,171,3536
737,185.4,1947,False,176,3540
738,236.85000000000002,2470,False,241,3545
739,235.8,2470,False,282,3551
740,184.65000000000003,1942,False,177,3555
741,193.8,2023,False,189,3559
742,263.25,2755,False,289,3565
743,185.50000000000003,1949,False,181,3569
744,236.55,2472,False,243,3574
745,169.50000000000003,1785,False,169,3578
746,237.20000000000002,2475,False,262,3584
747,134.40000000000003,1434,False,136,3587
748,135.0,1433,False,128,3590
749,305.15000000000003,3161,True,331,3597
750,186.50000000000003,1952,False,197,3601
751,304.30000000000007,3161,True,341,3608
752,305.09999999999997,3161,True,352,3616
753,235.55,2473,False,300,3622
754,237.05,2472,False,243,3627
755,304.95,3161,True,350,3634
756,304.95000000000005,3161,True,371,3642
757,142.25,1509,False,140,3645
758,236.35000000000002,2471,False,272,3651
759,169.45000000000002,1784,False,171,3655
760,192.75,2024,False,182,3659
761,24.349999999999998,314,False,28,3660
762,237.40000000000003,2474,False,248,3665
763,143.65,1523,False,158,3669
764,305.50000000000006,3161,True,335,3676
765,236.65,2471,False,232,3681
766,236.95000000000005,2475,False,258,3687
767,193.50000000000003,2024,False,181,3691
768,23.950000000000003,315,False,27,3692
769,135.70000000000002,1435,False,128,3695
770,169.60000000000002,1785,False,163,3699
771,305.3,3161,True,343,3706
772,236.60000000000002,2472,False,250,3711
773,187.10000000000002,1963,False,172,3715
774,306.15,3161,True,314,3722
775,134.70000000000002,1435,False,128,3725
776,187.10000000000002,1963,False,172,3729
777,187.35000000000002,1963,False,172,3733
778,169.5,1785,False,162,3737
779,305.55,3161,True,345,3744
780,169.25000000000003,1785,False,162,3748
781,186.0,1954,False,183,3752
782,169.95000000000002,1785,False,163,3756
783,169.55,1786,False,161,3760
784,185.0,1942,False,177,3764
785,193.75000000000003,2024,False,181,3768
786,304.8,3161,True,342,3775
787,304.20000000000005,3161,True,397,3783
788,305.9000000000001,3161,True,315,3790
789,304.85,3161,True,323,3797
790,24.599999999999998,314,False,28,3798
791,171.75,1799,False,167,3802
792,240.20000000000005,2472,False,246,3807
793,165.65000000000003,1780,False,170,3811
794,304.65000000000003,3161,True,334,3818
795,171.5,1799,False,158,3822
796,236.30000000000004,2477,False,262,3828
797,304.15000000000003,3161,True,358,3836
798,184.95000000000005,1944,False,177,3840
799,237.50000000000003,2473,False,240,3845
800,304.85,3161,True,352,3853
801,305.70000000000005,3161,True,324,3860
802,185.30000000000004,1946,False,179,3864
803,236.35000000000002,2470,False,266,3870
804,304.8,3161,True,366,3878
805,142.55,1512,False,139,3881
806,305.85,3161,True,329,3888
807,104.75000000000001,1127,False,107,3891
808,237.10000000000002,2473,False,235,3896
809,305.65000000000003,3161,True,336,3903
810,235.95000000000002,2475,False,285,3909
811,236.75000000000003,2472,False,235,3914
812,170.05000000000004,1786,False,161,3918
813,305.95,3161,True,324,3925
814,134.95000000000002,1435,False,128,3928
815,237.25000000000003,2474,False,241,3933
816,305.75,3161,True,305,3940
817,142.3,1512,False,140,3943
818,237.25000000000006,2475,False,245,3948
819,305.2,3161,True,346,3955
820,236.00000000000006,2472,False,283,3961
821,236.35000000000002,2473,False,258,3967
822,237.55,2477,False,238,3972
823,236.35000000000002,2471,False,247,3977
824,305.95,3161,True,321,3984
825,104.95,1129,False,105,3987
826,185.0,1942,False,177,3991
827,305.90000000000003,3161,True,340,3998
828,134.50000000000003,1433,False,130,4001
829,170.25000000000003,1788,False,161,4005
830,104.95000000000002,1129,False,108,4008
831,237.05,2473,False,248,4013
832,169.60000000000002,1782,False,167,4017
833,305.1,3161,True,330,4024
834,234.05000000000004,2471,False,468,4034
835,234.30000000000004,2476,False,287,4040
836,158.60000000000002,1673,False,148,4043
837,194.10000000000002,2021,False,190,4047
838,142.60000000000002,1527,False,140,4050
839,193.4,2027,False,177,4054
840,237.50000000000003,2475,False,243,4059
841,305.15,3161,True,338,4066
842,236.60000000000002,2471,False,247,4071
843,237.10000000000002,2476,False,248,4076
844,236.65000000000003,2473,False,241,4081
845,236.90000000000003,2474,False,246,4086
846,186.3,1954,False,193,4090
847,304.85,3161,True,353,4098
848,236.95000000000002,2470,False,269,4104
849,185.55,1957,False,181,4108
850,142.25,1509,False,140,4111
851,63.150000000000006,706,False,73,4113
852,169.5,1783,False,184,4117
853,142.55,1513,False,141,4120
854,236.5,2471,False,255,4126
855,236.15000000000003,2472,False,286,4132
856,169.85000000000002,1790,False,162,4136
857,237.20000000000002,2477,False,243,4141
858,171.75,1799,False,158,4145
859,236.15000000000003,2472,False,263,4151
860,236.20000000000002,2471,False,248,4156
861,305.55,3161,True,340,4163
862,304.15000000000003,3161,True,361,4171
863,143.8,1523,False,135,4174
864,142.8,1512,False,139,4177
865,305.25000000000006,3161,True,325,4184
866,304.40000000000003,3161,True,356,4192
867,193.05,2024,False,193,4196
868,184.5,1947,False,196,4200
869,237.05,2472,False,242,4205
870,236.4,2473,False,268,4211
871,170.90000000000003,1798,False,160,4215
872,236.40000000000003,2472,False,262,4221
873,169.5,1787,False,181,4225
874,134.4,1433,False,131,4228
875,159.05,1675,False,148,4231
876,305.65000000000003,3161,True,336,4238
877,169.80000000000004,1786,False,163,4242
878,237.00000000000003,2473,False,237,4247
879,305.65000000000003,3161,True,315,4254
880,305.95000000000005,3161,True,321,4261
881,184.8,1940,False,177,4265
882,104.95000000000002,1129,False,109,4268
883,236.70000000000002,2471,False,241,4273
884,144.3,1528,False,136,4276
885,169.95000000000002,1783,False,165,4280
886,169.50000000000003,1789,False,161,4284
887,194.25,2030,False,187,4288
888,304.5,3161,True,334,4295
889,236.80000000000004,2474,False,252,4301
890,135.10000000000002,1435,False,135,4304
891,143.70000000000005,1524,False,146,4307
892,170.75000000000003,1794,False,166,4311
893,141.95000000000002,1513,False,165,4315
894,305.55,3161,True,342,4322
895,236.35000000000002,2471,False,271,4328
896,305.65000000000003,3161,True,313,4335
897,305.35,3161,True,352,4343
898,169.05,1782,False,163,4347
899,236.8,2471,False,240,4352
900,142.25,1509,False,140,4355
901,305.20000000000005,3161,True,350,4362
902,186.10000000000002,1957,False,191,4366
903,192.50000000000003,2014,False,205,4371
904,304.20000000000005,3161,True,316,4378
905,169.9,1788,False,161,4382
906,105.00000000000001,1127,False,107,4385
907,187.05,1957,False,184,4389
908,235.70000000000002,2470,False,263,4395
909,236.90000000000003,2475,False,248,4400
910,236.90000000000003,2472,False,235,4405
911,304.45,3161,True,343,4412
912,143.05,1512,False,139,4415
913,305.50000000000006,3161,True,333,4422
914,143.55,1523,False,135,4425
915,186.8,1960,False,172,4429
916,143.60000000000002,1521,False,135,4432
917,236.8,2471,False,236,4437
918,159.20000000000002,1680,False,153,4441
919,305.55,3161,True,342,4448
920,186.3,1952,False,185,4452
921,236.5,2473,False,236,4457
922,305.70000000000005,3161,True,323,4464
923,304.25000000000006,3161,True,382,4472
924,305.30000000000007,3161,True,345,4479
925,169.75,1788,False,179,4483
926,143.55,1523,False,135,4486
927,236.75000000000003,2471,False,253,4492
928,235.95000000000002,2471,False,274,4498
929,236.95000000000002,2474,False,259,4504
930,305.9000000000001,3161,True,312,4511
931,237.20000000000002,2476,False,236,4516
932,170.0,1788,False,160,4520
933,170.40000000000003,1792,False,182,4524
934,186.05,1955,False,171,4528
935,185.0,1952,False,196,4532
936,168.70000000000002,1773,False,175,4536
937,236.70000000000002,2477,False,240,4541
938,304.70000000000005,3161,True,396,4549
939,304.45000000000005,3161,True,373,4557
940,134.75000000000003,1435,False,139,4560
941,135.20000000000002,1435,False,128,4563
942,169.85000000000002,1792,False,176,4567
943,169.75,1785,False,162,4571
944,305.45000000000005,3161,True,349,4578
945,24.549999999999997,316,False,29,4579
946,143.70000000000002,1517,False,144,4582
947,305.34999999999997,3161,True,355,4590
948,304.40000000000003,3161,True,357,4598
949,305.30000000000007,3161,True,343,4605
950,236.70000000000002,2474,False,256,4611
951,169.25,1785,False,162,4615
952,237.35000000000002,2476,False,241,4620
953,170.0,1788,False,160,4624
954,236.85000000000002,2476,False,242,4629
955,142.8,1512,False,140,4632
956,237.50000000000003,2475,False,243,4637
957,186.10000000000002,1962,False,194,4641
958,236.60000000000002,2473,False,257,4647
959,170.60000000000002,1791,False,169,4651
960,143.3,1523,False,135,4654
961,169.80000000000004,1786,False,161,4658
962,135.45000000000002,1435,False,128,4661
963,236.60000000000005,2473,False,257,4667
964,304.85,3161,True,379,4675
965,169.10000000000002,1786,False,162,4679
966,236.75000000000003,2469,False,248,4684
967,186.05,1955,False,171,4688
968,144.00000000000003,1525,False,136,4691
969,237.04999999999998,2471,False,238,4696
970,305.35,3161,True,326,4703
971,236.35000000000002,2468,False,258,4709
972,170.95000000000002,1802,False,165,4713
973,185.05,1941,False,177,4717
974,236.40000000000003,2470,False,251,4723
975,305.05000000000007,3161,True,367,4731
976,134.5,1433,False,128,4734
977,104.90000000000002,1125,False,105,4737
978,237.00000000000003,2476,False,246,4742
979,185.0,1942,False,177,4746
980,185.5,1942,False,177,4750
981,304.00000000000006,3161,True,434,4759
982,170.10000000000002,1796,False,166,4763
983,184.3,1941,False,177,4767
984,144.10000000000002,1526,False,140,4770
985,236.00000000000003,2473,False,285,4776
986,186.3,1955,False,172,4780
987,237.15,2475,False,251,4786
988,60.10000000000001,675,False,57,4788
989,169.75,1785,False,162,4792
990,303.6000000000001,3161,True,397,4800
991,305.90000000000003,3161,True,339,4807
992,104.70000000000002,1128,False,105,4810
993,236.90000000000003,2471,False,235,4815
994,169.5,1785,False,162,4819
995,184.70000000000002,1940,False,177,4823
996,169.4,1784,False,162,4827
997,143.70000000000002,1522,False,135,4830
998,158.8,1675,False,148,4833
999,135.20000000000002,1435,False,128,4836
1000,24.599999999999998,314,False,28,4837
1001,185.8,1943,False,191,4841
1002,134.70000000000002,1435,False,128,4844
1003,134.75,1433,False,128,4847
1004,193.65000000000003,2021,False,198,4851
1005,168.8,1789,False,167,4855
1006,169.60000000000002,1788,False,181,4859
1007,158.8,1678,False,162,4863
1008,237.2,2468,False,259,4869
1009,303.75000000000006,3161,True,381,4877
1010,169.55000000000004,1790,False,179,4881
1011,265.7,2756,False,258,4887
1012,302.85,3161,True,399,4895
1013,134.95000000000002,1435,False,129,4898
1014,304.8,3161,True,369,4906
1015,305.7,3161,True,348,4913
1016,134.3,1433,False,139,4916
1017,144.00000000000003,1525,False,136,4919
1018,169.65,1784,False,162,4923
1019,169.45000000000002,1787,False,163,4927
1020,236.9,2472,False,240,4932
1021,236.8,2471,False,237,4937
1022,305.8,3161,True,319,4944
1023,305.3,3161,True,314,4951
1024,304.2,3161,True,366,4959
1025,237.65000000000003,2477,False,232,4964
1026,236.90000000000003,2473,False,241,4969
1027,304.75000000000006,3161,True,357,4977
1028,187.10000000000002,1964,False,176,4981
1029,158.60000000000002,1673,False,148,4984
1030,304.75000000000006,3161,True,383,4992
1031,169.5,1785,False,162,4996
1032,104.75000000000001,1127,False,107,4999
1033,185.05,1940,False,177,5003
1034,134.75,1433,False,128,5006
1035,169.05,1777,False,165,5010
1036,304.85,3161,True,355,5018
1037,237.20000000000002,2476,False,244,5023
1038,305.6,3161,True,324,5030
1039,305.6,3161,True,328,5037
1040,305.05000000000007,3161,True,342,5044
1041,186.15000000000003,1955,False,192,5048
1042,237.05000000000004,2474,False,230,5053
1043,236.55,2474,False,251,5059
1044,169.75,1783,False,163,5063
1045,305.35,3161,True,351,5071
1046,304.1,3161,True,376,5079
1047,236.70000000000005,2471,False,245,5084
1048,186.4,1958,False,182,5088
1049,305.95000000000005,3161,True,315,5095
1050,168.9,1784,False,162,5099
1051,304.55,3161,True,339,5106
1052,304.7,3161,True,342,5113
1053,135.0,1433,False,128,5116
1054,305.45000000000005,3161,True,317,5123
1055,143.75000000000003,1525,False,137,5126
1056,159.10000000000002,1673,False,148,5129
1057,186.55,1960,False,172,5133
1058,186.60000000000002,1964,False,176,5137
1059,186.95,1959,False,170,5141
1060,169.20000000000002,1784,False,175,5145
1061,304.85,3161,True,377,5153
1062,305.90000000000003,3161,True,339,5160
1063,186.35000000000002,1963,False,172,5164
1064,187.10000000000002,1963,False,172,5168
1065,237.05,2472,False,245,5173
1066,185.15000000000003,1947,False,177,5177
1067,237.10000000000005,2471,False,247,5182
1068,306.09999999999997,3161,True,326,5189
1069,237.10000000000002,2470,False,270,5195
1070,167.5,1785,False,162,5199
1071,135.0,1433,False,128,5202
1072,193.90000000000003,2025,False,190,5206
1073,192.25,2024,False,182,5210
1074,186.15000000000003,1960,False,194,5214
1075,236.70000000000002,2474,False,259,5220
1076,170.0,1788,False,160,5224
1077,171.25,1799,False,158,5228
1078,71.65,790,False,79,5230
1079,158.70000000000005,1678,False,170,5234
1080,305.1,3161,True,377,5242
1081,134.95000000000002,1435,False,128,5245
1082,185.50000000000003,1947,False,178,5249
1083,134.75,1435,False,140,5252
1084,305.6000000000001,3161,True,330,5259
1085,171.00000000000003,1800,False,169,5263
1086,305.05,3161,True,368,5271
1087,304.95000000000005,3161,True,372,5279
1088,134.70000000000002,1435,False,128,5282
1089,185.50000000000003,1948,False,178,5286
1090,304.85,3161,True,346,5293
1091,104.95000000000002,1129,False,106,5296
1092,304.80000000000007,3161,True,363,5304
1093,169.0,1785,False,162,5308
1094,135.10000000000002,1434,False,128,5311
1095,194.20000000000002,2027,False,187,5315
1096,132.70000000000002,1418,False,130,5318
1097,144.00000000000003,1525,False,137,5321
1098,171.05,1798,False,164,5325
1099,185.50000000000003,1954,False,207,5330
1100,187.45000000000002,1972,False,189,5334
1101,236.60000000000002,2469,False,261,5340
1102,236.05,2469,False,259,5346
1103,170.80000000000004,1802,False,184,5350
1104,304.65,3161,True,363,5358
1105,135.20000000000002,1435,False,128,5361
1106,305.5,3161,True,333,5368
1107,135.45000000000002,1435,False,128,5371
1108,169.25000000000003,1785,False,162,5375
1109,237.45000000000002,2470,False,238,5380
1110,168.65000000000003,1783,False,163,5384
1111,237.15,2472,False,236,5389
1112,134.70000000000002,1435,False,128,5392
1113,169.05,1778,False,166,5396
1114,169.55000000000004,1778,False,165,5400
1115,305.75,3161,True,309,5407
1116,134.70000000000002,1435,False,128,5410
1117,142.8,1512,False,139,5413
1118,236.90000000000003,2470,False,228,5418
1119,237.05000000000004,2472,False,243,5423
1120,236.65000000000003,2472,False,236,5428
1121,135.20000000000002,1435,False,128,5431
1122,135.10000000000002,1434,False,128,5434
1123,135.15000000000003,1434,False,137,5437
1124,142.55,1512,False,140,5440
1125,170.25000000000003,1790,False,167,5444
1126,234.95000000000002,2471,False,317,5451
1127,24.599999999999998,314,False,28,5452
1128,266.15000000000003,2757,False,276,5458
1129,303.7,3161,True,372,5466
1130,143.75000000000003,1525,False,136,5469
1131,236.65000000000003,2470,False,254,5475
1132,305.20000000000005,3161,True,345,5482
1133,237.25,2474,False,244,5487
1134,236.20000000000002,2469,False,263,5493
1135,106.70000000000002,1150,False,105,5496
1136,306.30000000000007,3161,True,341,5503
1137,234.95000000000002,2468,False,281,5509
1138,169.4,1784,False,162,5513
1139,236.9,2475,False,253,5519
1140,235.3,2475,False,328,5526
1141,193.65,2025,False,190,5530
1142,23.799999999999997,316,False,29,5531
1143,306.15,3161,True,339,5538
1144,170.15,1791,False,177,5542
1145,264.30000000000007,2757,False,260,5548
1146,237.3,2471,False,240,5553
1147,305.34999999999997,3161,True,326,5560
1148,237.45000000000002,2471,False,243,5565
1149,235.95000000000002,2471,False,242,5570
1150,185.30000000000004,1946,False,179,5574
1151,186.40000000000003,1957,False,176,5578
1152,305.09999999999997,3161,True,323,5585
1153,171.0,1800,False,167,5589
1154,60.10000000000001,675,False,57,5591
1155,237.35000000000002,2473,False,233,5596
1156,169.75,1785,False,162,5600
1157,303.3,3161,True,411,5609
1158,24.549999999999997,316,False,29,5610
1159,306.55,3161,True,341,5617
1160,304.90000000000003,3161,True,339,5624
1161,60.10000000000001,675,False,57,5626
1162,172.0,1799,False,158,5630
1163,192.95000000000005,2023,False,193,5634
1164,59.35000000000001,675,False,57,5636
1165,135.70000000000002,1435,False,128,5639
1166,193.8,2024,False,192,5643
1167,234.90000000000003,2474,False,296,5649
1168,169.4,1784,False,162,5653
1169,24.450000000000003,315,False,27,5654
1170,63.35000000000001,703,False,74,5656
1171,105.35000000000001,1127,False,105,5659
1172,305.1000000000001,3161,True,375,5667
1173,184.55,1940,False,177,5671
1174,236.45000000000002,2471,False,244,5676
1175,135.0,1433,False,128,5679
1176,305.65000000000003,3161,True,338,5686
1177,305.6000000000001,3161,True,325,5693
1178,134.95000000000002,1435,False,129,5696
1179,156.8,1659,False,168,5700
1180,189.15000000000003,1982,False,178,5704
1181,305.55,3161,True,342,5711
1182,237.90000000000003,2473,False,244,5716
1183,235.35000000000002,2474,False,263,5722
1184,304.95,3161,True,350,5729
1185,185.05,1941,False,177,5733
1186,304.95000000000005,3161,True,345,5740
1187,236.95000000000002,2471,False,243,5745
1188,186.40000000000003,1957,False,176,5749
1189,169.5,1785,False,162,5753
1190,169.25000000000003,1787,False,171,5757
1191,264.90000000000003,2757,False,279,5763
1192,186.60000000000002,1963,False,172,5767
1193,186.45000000000002,1954,False,197,5771
1194,170.60000000000002,1795,False,158,5775
1195,62.900000000000006,711,False,71,5777
1196,135.25,1434,False,133,5780
1197,305.20000000000005,3161,True,349,5787
1198,185.85000000000002,1951,False,186,5791
1199,187.10000000000002,1963,False,172,5795
1200,236.05,2472,False,267,5801
1201,305.05,3161,True,366,5809
1202,134.75,1433,False,128,5812
1203,184.8,1940,False,177,5816
1204,305.5,3161,True,333,5823
1205,193.70000000000002,2027,False,188,5827
1206,134.70000000000002,1435,False,128,5830
1207,236.65000000000003,2474,False,249,5835
1208,305.25000000000006,3161,True,358,5843
1209,305.75,3161,True,333,5850
1210,305.3,3161,True,342,5857
1211,237.20000000000002,2474,False,234,5862
1212,194.15000000000003,2026,False,199,5866
1213,235.55,2471,False,239,5871
1214,236.85000000000002,2471,False,221,5876
1215,105.05000000000001,1128,False,125,5879
1216,305.20000000000005,3161,True,346,5886
1217,265.50000000000006,2765,False,261,5892
1218,134.75,1433,False,129,5895
1219,237.10000000000002,2475,False,239,5900
1220,306.1,3161,True,326,5907
1221,236.15000000000003,2467,False,242,5912
1222,236.50000000000006,2472,False,258,5918
1223,305.90000000000003,3161,True,313,5925
1224,169.90000000000003,1789,False,163,5929
1225,305.75,3161,True,331,5936
1226,24.200000000000003,315,False,27,5937
1227,238.25000000000006,2471,False,252,5943
1228,304.25,3161,True,334,5950
1229,305.2,3161,True,346,5957
1230,305.3,3161,True,344,5964
1231,236.75000000000003,2473,False,239,5969
1232,144.00000000000003,1525,False,136,5972
1233,237.60000000000005,2474,False,237,5977
1234,305.5,3161,True,331,5984
1235,236.75000000000003,2475,False,244,5989
1236,144.00000000000003,1525,False,137,5992
1237,193.40000000000003,2025,False,192,5996
1238,168.90000000000003,1786,False,177,6000
1239,63.25000000000001,707,False,74,6002
1240,307.20000000000005,3161,True,324,6009
1241,235.60000000000002,2474,False,263,6015
1242,192.65,2020,False,190,6019
1243,305.15000000000003,3161,True,338,6026
1244,236.3,2468,False,248,6031
1245,168.95000000000002,1781,False,164,6035
1246,237.55,2476,False,238,6040
1247,186.85000000000002,1964,False,176,6044
1248,158.8,1675,False,148,6047
1249,158.60000000000002,1673,False,148,6050
1250,169.40000000000003,1785,False,168,6054
1251,169.4,1779,False,164,6058
1252,236.3,2472,False,243,6063
1253,237.15000000000003,2473,False,241,6068
1254,169.35000000000002,1786,False,162,6072
1255,24.599999999999998,314,False,28,6073
1256,135.95000000000002,1435,False,130,6076
1257,236.90000000000003,2471,False,240,6081
1258,158.55,1675,False,148,6084
1259,187.35000000000002,1964,False,176,6088
1260,193.3,2023,False,186,6092
1261,304.05000000000007,3161,True,340,6099
1262,236.55,2469,False,257,6105
1263,135.20000000000002,1435,False,128,6108
1264,192.4,2018,False,181,6112
1265,134.45000000000002,1435,False,151,6116
1266,304.95,3161,True,371,6124
1267,236.65000000000003,2473,False,242,6129
1268,169.75,1785,False,162,6133
1269,104.95000000000002,1129,False,106,6136
1270,135.0,1433,False,128,6139
1271,304.3500000000001,3161,True,372,6147
1272,192.65,2018,False,181,6151
1273,305.55,3161,True,367,6159
1274,169.90000000000003,1799,False,168,6163
1275,236.40000000000003,2470,False,253,6169
1276,61.60000000000001,694,False,78,6171
1277,169.9,1784,False,162,6175
1278,236.75000000000003,2473,False,237,6180
1279,305.35,3161,True,352,6188
1280,169.70000000000002,1781,False,165,6192
1281,265.40000000000003,2764,False,265,6198
1282,303.65000000000003,3161,True,388,6206
1283,186.65000000000003,1960,False,191,6210
1284,143.55,1523,False,135,6213
1285,143.8,1525,False,145,6216
1286,237.05,2471,False,239,6221
1287,134.75,1433,False,128,6224
1288,305.3500000000001,3161,True,351,6232
1289,305.3,3161,True,342,6239
1290,235.65000000000003,2471,False,281,6245
1291,24.599999999999998,314,False,28,6246
1292,237.55,2473,False,247,6251
1293,236.90000000000003,2472,False,237,6256
1294,236.40000000000003,2467,False,242,6261
1295,186.05,1955,False,171,6265
1296,305.35,3161,True,329,6272
1297,135.25,1433,False,128,6275
1298,236.45000000000002,2469,False,261,6281
1299,305.45000000000005,3161,True,325,6288
1300,236.35000000000002,2471,False,275,6294
1301,185.20000000000002,1946,False,190,6298
1302,193.15,2023,False,182,6302
1303,143.3,1523,False,135,6305
1304,305.2,3161,True,374,6313
1305,187.50000000000003,1963,False,179,6317
1306,186.10000000000002,1963,False,172,6321
1307,237.15000000000003,2473,False,242,6326
1308,305.0,3161,True,359,6334
1309,305.40000000000003,3161,True,338,6341
1310,236.85,2472,False,229,6346
1311,232.3,2474,False,480,6356
1312,305.1,3161,True,376,6364
1313,168.80000000000004,1783,False,162,6368
1314,305.45000000000005,3161,True,347,6375
1315,305.20000000000005,3161,True,346,6382
1316,169.75,1788,False,160,6386
1317,237.00000000000003,2473,False,239,6391
1318,305.6,3161,True,327,6398
1319,236.70000000000002,2473,False,255,6404
1320,187.10000000000002,1963,False,172,6408
1321,305.7,3161,True,340,6415
1322,104.20000000000002,1129,False,106,6418
1323,236.55000000000004,2474,False,280,6424
1324,24.450000000000003,315,False,27,6425
1325,135.70000000000002,1435,False,128,6428
1326,237.15000000000003,2473,False,242,6433
1327,169.9,1784,False,163,6437
1328,169.75000000000003,1790,False,166,6441
1329,236.95000000000002,2476,False,240,6446
1330,304.85,3161,True,379,6454
1331,169.05,1789,False,166,6458
1332,306.0,3161,True,332,6465
1333,236.60000000000002,2470,False,245,6470
1334,62.300000000000004,703,False,87,6472
1335,305.05,3161,True,362,6480
1336,305.70000000000005,3161,True,323,6487
1337,186.60000000000002,1963,False,172,6491
1338,185.50000000000003,1947,False,178,6495
1339,169.25,1775,False,166,6499
1340,304.35,3161,True,351,6507
1341,187.10000000000002,1963,False,172,6511
1342,237.1,2472,False,253,6517
1343,134.95000000000002,1435,False,128,6520
1344,63.20000000000001,708,False,74,6522
1345,60.60000000000001,675,False,57,6524
1346,305.8500000000001,3161,True,353,6532
1347,186.60000000000002,1963,False,173,6536
1348,305.35,3161,True,353,6544
1349,134.55,1433,False,139,6547
1350,134.95000000000002,1435,False,128,6550
1351,194.70000000000002,2023,False,191,6554
1352,185.35000000000002,1963,False,172,6558
1353,305.20000000000005,3161,True,319,6565
1354,237.90000000000003,2477,False,259,6571
1355,187.00000000000003,1974,False,184,6575
1356,135.20000000000002,1435,False,128,6578
1357,170.0,1788,False,160,6582
1358,170.25,1788,False,160,6586
1359,236.35000000000002,2470,False,243,6591
1360,236.50000000000003,2472,False,258,6597
1361,236.95000000000002,2472,False,247,6602
1362,186.05,1955,False,172,6606
1363,236.29999999999998,2469,False,257,6612
1364,236.95000000000005,2470,False,240,6617
1365,59.85000000000001,675,False,57,6619
1366,305.95000000000005,3161,True,345,6626
1367,305.05,3161,True,344,6633
1368,265.55,2757,False,256,6639
1369,236.40000000000003,2473,False,241,6644
1370,143.55,1523,False,136,6647
1371,185.3,1951,False,203,6652
1372,236.5,2472,False,259,6658
1373,305.8,3161,True,318,6665
1374,305.15,3161,True,340,6672
1375,143.05,1512,False,139,6675
1376,144.00000000000003,1525,False,136,6678
1377,236.50000000000003,2473,False,261,6684
1378,63.55000000000001,710,False,73,6686
1379,187.60000000000002,1963,False,172,6690
1380,236.35000000000002,2471,False,247,6695
1381,186.00000000000003,1956,False,190,6699
1382,169.20000000000005,1782,False,162,6703
1383,187.10000000000002,1963,False,172,6707
1384,236.75000000000003,2469,False,249,6712
1385,169.85,1790,False,181,6716
1386,186.35000000000002,1963,False,172,6720
1387,159.10000000000002,1673,False,148,6723
1388,236.70000000000005,2469,False,238,6728
1389,236.65000000000003,2475,False,255,6734
1390,135.3,1435,False,147,6737
1391,143.50000000000003,1525,False,136,6740
1392,192.95000000000002,2024,False,198,6744
1393,305.40000000000003,3161,True,339,6751
1394,186.5,1963,False,200,6755
1395,236.30000000000004,2470,False,256,6761
1396,186.25,1958,False,178,6765
1397,235.90000000000003,2469,False,273,6771
1398,305.65000000000003,3161,True,340,6778
1399,170.0,1788,False,160,6782
1400,305.1,3161,True,324,6789
1401,187.20000000000002,1959,False,172,6793
1402,170.5,1799,False,158,6797
1403,265.15,2760,False,266,6803
1404,236.8,2472,False,243,6808
1405,236.35000000000002,2471,False,246,6813
1406,305.00000000000006,3161,True,359,6821
1407,135.20000000000002,1435,False,128,6824
1408,305.1,3161,True,353,6832
1409,134.85000000000002,1435,False,132,6835
1410,304.3,3161,True,363,6843
1411,306.00000000000006,3161,True,334,6850
1412,304.25,3161,True,351,6858
1413,134.5,1433,False,128,6861
1414,236.70000000000002,2469,False,256,6867
1415,171.5,1799,False,158,6871
1416,236.40000000000003,2474,False,246,6876
1417,171.10000000000002,1795,False,158,6880
1418,143.35000000000002,1528,False,147,6883
1419,135.20000000000002,1435,False,128,6886
1420,185.0,1942,False,177,6890
1421,305.5,3161,True,326,6897
1422,183.65,1941,False,201,6902
1423,304.9,3161,True,357,6910
1424,236.55,2471,False,238,6915
1425,305.8500000000001,3161,True,327,6922
1426,60.10000000000001,675,False,57,6924
1427,237.05,2472,False,242,6929
1428,186.55,1952,False,185,6933
1429,156.40000000000003,1662,False,154,6937
1430,187.05000000000004,1960,False,173,6941
1431,305.8,3161,True,342,6948
1432,305.25,3161,True,331,6955
1433,169.70000000000002,1780,False,164,6959
1434,304.20000000000005,3161,True,371,6967
1435,237.15000000000003,2471,False,232,6972
1436,104.50000000000001,1127,False,107,6975
1437,236.60000000000002,2471,False,249,6980
1438,185.05,1940,False,177,6984
1439,170.0,1788,False,160,6988
1440,305.75000000000006,3161,True,334,6995
1441,235.95000000000002,2472,False,271,7001
1442,236.15,2471,False,258,7007
1443,171.75,1799,False,158,7011
1444,169.4,1783,False,163,7015
1445,304.00000000000006,3161,True,353,7023
1446,305.05,3161,True,365,7031
1447,305.55,3161,True,318,7038
1448,305.40000000000003,3161,True,336,7045
1449,170.0,1787,False,159,7049
1450,134.75,1433,False,128,7052
1451,305.6,3161,True,326,7059
1452,236.55,2468,False,252,7065
1453,264.9,2756,False,273,7071
1454,156.85000000000002,1664,False,154,7075
1455,236.75000000000006,2471,False,253,7081
1456,305.1,3161,True,353,7089
1457,143.35000000000002,1521,False,135,7092
1458,305.90000000000003,3161,True,340,7099
1459,305.15000000000003,3161,True,340,7106
1460,305.65000000000003,3161,True,338,7113
1461,158.3,1675,False,148,7116
1462,185.9,1946,False,175,7120
1463,305.1500000000001,3161,True,337,7127
1464,305.3,3161,True,344,7134
1465,185.05000000000004,1945,False,177,7138
1466,305.25,3161,True,360,7146
1467,305.6,3161,True,326,7153
1468,265.0,2755,False,265,7159
1469,134.25,1433,False,128,7162
1470,236.95000000000005,2470,False,287,7168
1471,236.05000000000004,2474,False,279,7174
1472,236.05000000000004,2473,False,249,7179
1473,61.80000000000001,696,False,76,7181
1474,25.049999999999997,316,False,29,7182
1475,306.05,3161,True,314,7189
1476,305.3,3161,True,340,7196
1477,305.0,3161,True,358,7204
1478,237.75,2476,False,222,7209
1479,184.3,1941,False,177,7213
1480,236.8,2471,False,237,7218
1481,306.25,3161,True,334,7225
1482,184.75000000000003,1947,False,177,7229
1483,236.40000000000003,2470,False,254,7235
1484,305.90000000000003,3161,True,309,7242
1485,169.55,1791,False,183,7246
1486,236.90000000000003,2473,False,241,7251
1487,169.85000000000002,1787,False,170,7255
1488,305.45000000000005,3161,True,324,7262
1489,305.40000000000003,3161,True,338,7269
1490,305.50000000000006,3161,True,331,7276
1491,171.5,1799,False,158,7280
1492,305.55,3161,True,368,7288
1493,21.999999999999996,303,False,30,7289
1494,135.5,1433,False,128,7292
1495,236.05000000000004,2467,False,273,7298
1496,171.5,1799,False,158,7302
1497,305.0,3161,True,331,7309
1498,62.900000000000006,706,False,74,7311
1499,193.15000000000003,2018,False,184,7315
1500,193.00000000000006,2029,False,206,7320
1501,236.20000000000002,2471,False,241,7325
1502,159.00000000000003,1677,False,149,7328
1503,169.80000000000004,1782,False,164,7332
1504,235.90000000000006,2471,False,255,7338
1505,305.65000000000003,3161,True,340,7345
1506,305.0,3161,True,359,7353
1507,305.5,3161,True,357,7361
1508,235.15000000000003,2470,False,284,7367
1509,306.5,3161,True,334,7374
1510,303.85,3161,True,375,7382
1511,305.55000000000007,3161,True,317,7389
1512,236.25000000000003,2469,False,249,7394
1513,265.5,2759,False,260,7400
1514,236.3,2469,False,251,7406
1515,265.2,2762,False,265,7412
1516,236.85000000000002,2471,False,247,7417
1517,305.45000000000005,3161,True,373,7425
1518,264.0,2761,False,270,7431
1519,305.2,3161,True,346,7438
1520,134.5,1435,False,139,7441
1521,236.65000000000003,2467,False,237,7446
1522,104.7,1126,False,117,7449
1523,135.0,1433,False,128,7452
1524,237.3,2477,False,238,7457
1525,306.20000000000005,3161,True,325,7464
1526,304.8,3161,True,341,7471
1527,135.0,1433,False,128,7474
1528,305.7,3161,True,348,7481
1529,169.3,1782,False,163,7485
1530,193.70000000000002,2027,False,188,7489
1531,134.0,1433,False,128,7492
1532,306.05,3161,True,319,7499
1533,74.45,827,False,110,7502
1534,236.35000000000002,2470,False,249,7507
1535,193.95000000000002,2023,False,192,7511
1536,22.499999999999996,303,False,30,7512
1537,187.85000000000002,1964,False,176,7516
1538,169.75,1788,False,160,7520
1539,135.45000000000002,1435,False,128,7523
1540,142.55,1512,False,139,7526
1541,236.65000000000003,2472,False,265,7532
1542,170.45000000000002,1797,False,161,7536
1543,171.55,1797,False,158,7540
1544,304.95000000000005,3161,True,350,7547
1545,305.09999999999997,3161,True,329,7554
1546,170.05,1788,False,161,7558
1547,236.85000000000002,2473,False,230,7563
1548,305.5,3161,True,331,7570
1549,171.70000000000002,1794,False,176,7574
1550,303.80000000000007,3161,True,370,7582
1551,134.70000000000002,1435,False,130,7585
1552,305.40000000000003,3161,True,365,7593
1553,134.70000000000002,1435,False,128,7596
1554,193.9,2027,False,177,7600
1555,134.95000000000002,1435,False,128,7603
1556,158.45000000000002,1677,False,160,7607
1557,158.85000000000002,1673,False,148,7610
1558,304.7,3161,True,372,7618
1559,235.05000000000004,2470,False,309,7625
1560,193.05,2024,False,191,7629
1561,305.3500000000001,3161,True,328,7636
1562,185.10000000000002,1942,False,178,7640
1563,305.6,3161,True,325,7647
1564,236.8,2471,False,237,7652
1565,135.20000000000002,1435,False,128,7655
1566,157.3,1663,False,164,7659
1567,105.10000000000001,1127,False,105,7662
1568,185.05,1941,False,177,7666
1569,306.05000000000007,3161,True,317,7673
1570,305.75000000000006,3161,True,307,7680
1571,169.35000000000002,1787,False,166,7684
1572,236.25000000000003,2471,False,251,7690
1573,237.20000000000002,2471,False,243,7695
1574,264.75000000000006,2760,False,263,7701
1575,237.15000000000003,2473,False,245,7706
1576,236.4,2468,False,272,7712
1577,134.25,1433,False,128,7715
1578,306.75,3161,True,359,7723
1579,183.3,1940,False,177,7727
1580,143.55,1523,False,135,7730
1581,236.15,2471,False,257,7736
1582,306.40000000000003,3161,True,336,7743
1583,134.05,1433,False,140,7746
1584,237.95,2472,False,254,7752
1585,302.90000000000003,3161,True,383,7760
1586,305.65000000000003,3161,True,331,7767
1587,236.25000000000003,2474,False,240,7772
1588,236.50000000000003,2472,False,260,7778
1589,305.95000000000005,3161,True,349,7785
1590,235.95000000000002,2470,False,239,7790
1591,134.9,1433,False,132,7793
1592,135.20000000000002,1435,False,128,7796
1593,192.75000000000003,2020,False,186,7800
1594,168.40000000000003,1780,False,171,7804
1595,186.3,1959,False,193,7808
1596,135.0,1433,False,128,7811
1597,236.75000000000003,2470,False,246,7816
1598,305.2,3161,True,371,7824
1599,185.8,1958,False,189,7828
1600,265.1,2760,False,259,7834
1601,170.60000000000002,1790,False,164,7838
1602,234.60000000000002,2470,False,316,7845
1603,236.05,2469,False,255,7851
1604,306.90000000000003,3161,True,336,7858
1605,235.15000000000003,2470,False,253,7864
1606,236.65000000000003,2473,False,240,7869
1607,305.4,3161,True,337,7876
1608,305.55000000000007,3161,True,344,7883
1609,134.75,1433,False,128,7886
1610,305.45,3161,True,348,7893
1611,193.25000000000003,2020,False,187,7897
1612,306.1,3161,True,304,7904
1613,304.45000000000005,3161,True,346,7911
1614,185.4,1946,False,175,7915
1615,304.9,3161,True,361,7923
1616,143.10000000000002,1521,False,135,7926
1617,237.45000000000002,2471,False,244,7931
1618,235.60000000000002,2469,False,268,7937
1619,265.85,2765,False,259,7943
1620,237.45000000000002,2475,False,236,7948
1621,236.45000000000002,2471,False,242,7953
1622,170.70000000000002,1791,False,167,7957
1623,185.55,1955,False,200,7961
1624,143.3,1523,False,137,7964
1625,306.25,3161,True,335,7971
1626,236.20000000000002,2472,False,249,7976
1627,186.05,1955,False,172,7980
1628,135.20000000000002,1435,False,128,7983
1629,135.0,1433,False,128,7986
1630,236.3,2474,False,278,7992
1631,235.25,2469,False,318,7999
1632,168.3,1773,False,167,8003
1633,237.00000000000003,2474,False,242,8008
1634,63.20000000000001,709,False,71,8010
1635,105.45000000000002,1129,False,106,8013
1636,142.8,1513,False,141,8016
1637,306.00000000000006,3161,True,331,8023
1638,236.35000000000002,2468,False,239,8028
1639,169.75000000000003,1784,False,163,8032
1640,235.55,2473,False,295,8038
1641,24.349999999999998,314,False,28,8039
1642,237.15,2473,False,241,8044
1643,170.20000000000002,1782,False,164,8048
1644,304.55,3161,True,337,8055
1645,235.75000000000003,2471,False,280,8061
1646,169.25,1779,False,164,8065
1647,157.50000000000003,1668,False,151,8069
1648,170.20000000000002,1790,False,211,8074
1649,235.3,2470,False,256,8080
1650,144.25000000000003,1525,False,136,8083
1651,304.75,3161,True,326,8090
1652,236.0,2471,False,279,8096
1653,305.05,3161,True,336,8103
1654,305.7,3161,True,323,8110
1655,236.65000000000003,2473,False,243,8115
1656,24.599999999999998,314,False,28,8116
1657,237.85000000000002,2474,False,238,8121
1658,304.9,3161,True,387,8129
1659,304.8,3161,True,344,8136
1660,134.95000000000002,1435,False,128,8139
1661,193.3,2026,False,200,8143
1662,306.20000000000005,3161,True,324,8150
1663,134.0,1433,False,128,8153
1664,193.70000000000002,2024,False,196,8157
1665,168.50000000000003,1780,False,163,8161
1666,236.8,2473,False,275,8167
1667,304.65000000000003,3161,True,340,8174
1668,134.70000000000002,1435,False,129,8177
1669,236.70000000000002,2470,False,236,8182
1670,143.05,1512,False,139,8185
1671,135.45000000000002,1435,False,128,8188
1672,305.95,3161,True,350,8195
1673,192.70000000000005,2022,False,190,8199
1674,236.8,2473,False,245,8204
1675,184.90000000000003,1952,False,175,8208
1676,159.15,1677,False,154,8212
1677,104.95000000000002,1129,False,106,8215
1678,192.4,2018,False,181,8219
1679,186.55,1956,False,177,8223
1680,305.85,3161,True,326,8230
1681,237.15,2474,False,222,8235
1682,169.25,1783,False,163,8239
1683,193.75000000000003,2025,False,186,8243
1684,305.15,3161,True,338,8250
1685,134.20000000000002,1435,False,150,8253
1686,194.15,2024,False,186,8257
1687,157.60000000000002,1673,False,148,8260
1688,237.35000000000002,2477,False,221,8265
1689,24.599999999999998,314,False,28,8266
1690,237.50000000000003,2468,False,240,8271
1691,24.299999999999997,316,False,29,8272
1692,304.79999999999995,3161,True,393,8280
1693,193.3,2019,False,192,8284
1694,264.55,2760,False,271,8290
1695,134.45000000000002,1435,False,128,8293
1696,169.8,1786,False,165,8297
1697,265.25000000000006,2758,False,278,8303
1698,143.05,1523,False,135,8306
1699,169.85000000000002,1780,False,163,8310
1700,235.8,2472,False,266,8316
1701,304.85,3161,True,354,8324
1702,135.20000000000002,1435,False,128,8327
1703,306.1,3161,True,328,8334
1704,24.299999999999997,316,False,29,8335
1705,105.60000000000002,1127,False,105,8338
1706,305.20000000000005,3161,True,350,8345
1707,135.0,1433,False,128,8348
1708,169.75,1785,False,162,8352
1709,305.8,3161,True,320,8359
1710,142.55,1512,False,139,8362
1711,306.00000000000006,3161,True,305,8369
1712,170.10000000000002,1789,False,161,8373
1713,185.55000000000004,1954,False,190,8377
1714,134.75,1434,False,133,8380
1715,305.55000000000007,3161,True,340,8387
1716,305.7,3161,True,325,8394
1717,158.35000000000002,1673,False,148,8397
1718,237.75000000000003,2471,False,252,8403
1719,304.30000000000007,3161,True,311,8410
1720,144.95000000000002,1532,False,142,8413
1721,105.15,1130,False,105,8416
1722,186.4,1954,False,186,8420
1723,185.55,1955,False,172,8424
1724,304.65000000000003,3161,True,389,8432
1725,158.55,1675,False,148,8435
1726,237.25000000000003,2474,False,243,8440
1727,134.15,1434,False,163,8444
1728,186.50000000000003,1958,False,176,8448
1729,305.50000000000006,3161,True,327,8455
1730,304.7,3161,True,348,8462
1731,306.0,3161,True,306,8469
1732,305.80000000000007,3161,True,344,8476
1733,236.60000000000002,2471,False,245,8481
1734,168.5,1781,False,173,8485
1735,237.10000000000002,2471,False,246,8490
1736,264.65000000000003,2760,False,268,8496
1737,305.1000000000001,3161,True,352,8504
1738,134.95000000000002,1435,False,128,8507
1739,306.25000000000006,3161,True,335,8514
1740,264.55,2766,False,279,8520
1741,235.5,2471,False,303,8527
1742,306.1,3161,True,330,8534
1743,304.85,3161,True,354,8542
1744,236.8,2473,False,247,8547
1745,186.05,1955,False,172,8551
1746,236.95000000000002,2469,False,237,8556
1747,236.35000000000002,2471,False,246,8561
1748,306.0,3161,True,307,8568
1749,305.5,3161,True,357,8576
1750,158.85000000000002,1678,False,148,8579
1751,169.35000000000002,1786,False,162,8583
1752,306.20000000000005,3161,True,320,8590
1753,236.35000000000002,2473,False,258,8596
1754,305.40000000000003,3161,True,336,8603
1755,305.3,3161,True,340,8610
1756,60.10000000000001,675,False,57,8612
1757,305.9,3161,True,337,8619
1758,305.1000000000001,3161,True,325,8626
1759,305.6,3161,True,329,8633
1760,236.4,2468,False,248,8638
1761,196.25,2040,False,189,8642
1762,168.45000000000002,1793,False,175,8646
1763,304.59999999999997,3161,True,380,8654
1764,186.15000000000003,1958,False,181,8658
1765,134.75,1433,False,128,8661
1766,237.00000000000003,2473,False,264,8667
1767,169.85000000000002,1791,False,169,8671
1768,305.6000000000001,3161,True,328,8678
1769,169.4,1784,False,162,8682
1770,305.35,3161,True,355,8690
1771,143.55,1523,False,135,8693
1772,305.15,3161,True,331,8700
1773,236.54999999999998,2472,False,241,8705
1774,236.15000000000003,2471,False,283,8711
1775,237.25,2473,False,240,8716
1776,22.999999999999996,304,False,33,8717
1777,64.15,711,False,71,8719
1778,306.1,3161,True,326,8726
1779,305.1,3161,True,324,8733
1780,142.55,1512,False,139,8736
1781,169.50000000000003,1785,False,171,8740
1782,305.95000000000005,3161,True,325,8747
1783,24.450000000000003,315,False,27,8748
1784,135.5,1433,False,128,8751
1785,306.1000000000001,3161,True,329,8758
1786,305.45,3161,True,321,8765
1787,306.9,3161,True,340,8772
1788,303.9,3161,True,338,8779
1789,168.15000000000003,1771,False,175,8783
1790,238.35,2470,False,241,8788
1791,234.50000000000003,2471,False,252,8794
1792,305.85,3161,True,330,8801
1793,192.4,2018,False,181,8805
1794,305.15000000000003,3161,True,363,8813
1795,304.6,3161,True,354,8821
1796,195.4,2045,False,190,8825
1797,167.75,1776,False,171,8829
1798,143.60000000000002,1521,False,135,8832
1799,237.05,2472,False,242,8837
1800,158.85000000000002,1678,False,149,8840
1801,305.20000000000005,3161,True,350,8847
1802,107.40000000000002,1153,False,108,8850
1803,305.50000000000006,3161,True,334,8857
1804,237.05000000000004,2474,False,255,8863
1805,304.95,3161,True,343,8870
1806,143.45000000000002,1527,False,136,8873
1807,105.45000000000002,1129,False,106,8876
1808,305.85,3161,True,327,8883
1809,169.95000000000002,1792,False,163,8887
1810,306.75000000000006,3161,True,331,8894
1811,134.20000000000002,1435,False,128,8897
1812,305.70000000000005,3161,True,321,8904
1813,265.00000000000006,2758,False,251,8910
1814,265.30000000000007,2761,False,255,8916
1815,305.55000000000007,3161,True,344,8923
1816,304.65,3161,True,335,8930
1817,192.90000000000003,2018,False,184,8934
1818,191.35000000000002,2018,False,248,8939
1819,141.8,1512,False,139,8942
1820,169.90000000000003,1790,False,172,8946
1821,170.0,1790,False,173,8950
1822,237.05,2474,False,253,8956
1823,306.0,3161,True,333,8963
1824,303.7,3161,True,400,8971
1825,169.25000000000003,1783,False,164,8975
1826,236.55,2468,False,246,8980
1827,169.60000000000002,1793,False,208,8985
1828,236.5,2470,False,250,8990
1829,305.55000000000007,3161,True,316,8997
1830,236.45000000000005,2468,False,283,9003
1831,235.95000000000002,2471,False,248,9008
1832,192.65000000000003,2022,False,204,9013
1833,236.50000000000003,2468,False,290,9019
1834,192.05,2023,False,189,9023
1835,169.3,1788,False,169,9027
1836,306.05000000000007,3161,True,318,9034
1837,169.6,1785,False,160,9038
1838,236.75000000000003,2475,False,245,9043
1839,105.00000000000001,1127,False,107,9046
1840,305.80000000000007,3161,True,345,9053
1841,143.3,1523,False,136,9056
1842,236.65000000000003,2471,False,256,9062
1843,237.8,2473,False,222,9067
1844,104.25000000000003,1127,False,110,9070
1845,135.25,1433,False,128,9073
1846,169.00000000000003,1785,False,162,9077
1847,194.00000000000003,2024,False,181,9081
1848,304.5,3161,True,334,9088
1849,236.95000000000002,2470,False,245,9093
1850,265.25,2763,False,278,9099
1851,236.20000000000002,2471,False,266,9105
1852,305.3,3161,True,344,9112
1853,236.60000000000002,2468,False,238,9117
1854,236.85,2470,False,247,9122
1855,169.85000000000002,1785,False,164,9126
1856,305.15000000000003,3161,True,362,9134
1857,234.70000000000002,2471,False,293,9140
1858,135.45000000000002,1435,False,128,9143
1859,235.5,2474,False,319,9150
1860,305.6,3161,True,328,9157
1861,60.10000000000001,675,False,57,9159
1862,135.70000000000002,1435,False,128,9162
1863,62.80000000000001,705,False,73,9164
1864,306.1,3161,True,328,9171
1865,135.20000000000002,1435,False,128,9174
1866,236.45000000000002,2470,False,235,9179
1867,304.70000000000005,3161,True,371,9187
1868,24.599999999999998,314,False,28,9188
1869,237.15000000000003,2472,False,286,9194
1870,132.55,1416,False,136,9197
1871,135.0,1433,False,128,9200
1872,144.00000000000003,1525,False,136,9203
1873,264.65000000000003,2755,False,291,9209
1874,235.70000000000002,2469,False,256,9215
1875,305.8,3161,True,343,9222
1876,304.0,3161,True,409,9231
1877,134.45000000000002,1435,False,128,9234
1878,187.05,1960,False,172,9238
1879,134.75,1433,False,128,9241
1880,61.25,686,False,69,9243
1881,237.3,2470,False,233,9248
1882,305.15,3161,True,362,9256
1883,170.75,1799,False,158,9260
1884,304.95000000000005,3161,True,346,9267
1885,236.50000000000003,2473,False,263,9273
1886,171.15,1798,False,167,9277
1887,169.75000000000003,1791,False,170,9281
1888,305.95000000000005,3161,True,322,9288
1889,134.75,1433,False,128,9291
1890,158.85000000000002,1673,False,148,9294
1891,238.25000000000003,2471,False,255,9300
1892,303.40000000000003,3161,True,363,9308
1893,143.3,1523,False,135,9311
1894,306.3,3161,True,319,9318
1895,134.60000000000002,1434,False,129,9321
1896,236.95000000000002,2471,False,244,9326
1897,236.8,2471,False,239,9331
1898,236.3,2467,False,250,9336
1899,305.15000000000003,3161,True,310,9343
1900,185.70000000000002,1945,False,178,9347
1901,304.6,3161,True,354,9355
1902,305.95,3161,True,324,9362
1903,235.30000000000004,2470,False,310,9369
1904,236.7,2473,False,251,9375
1905,186.20000000000002,1956,False,184,9379
1906,305.3,3161,True,342,9386
1907,143.55,1523,False,136,9389
1908,306.65000000000003,3161,True,339,9396
1909,304.50000000000006,3161,True,331,9403
1910,304.9,3161,True,362,9411
1911,305.0,3161,True,355,9419
1912,185.60000000000002,1945,False,182,9423
1913,304.3,3161,True,369,9431
1914,184.8,1950,False,224,9436
1915,236.90000000000003,2471,False,240,9441
1916,236.6,2472,False,254,9447
1917,190.35000000000002,2013,False,253,9453
1918,305.35,3161,True,351,9461
1919,305.50000000000006,3161,True,330,9468
1920,305.45,3161,True,373,9476
1921,235.70000000000005,2470,False,237,9481
1922,194.4,2027,False,177,9485
1923,304.35,3161,True,350,9492
1924,265.55,2761,False,254,9498
1925,305.50000000000006,3161,True,334,9505
1926,237.00000000000003,2474,False,242,9510
1927,305.40000000000003,3161,True,305,9517
1928,142.3,1512,False,139,9520
1929,305.95,3161,True,320,9527
1930,304.65000000000003,3161,True,338,9534
1931,304.55,3161,True,390,9542
1932,235.95000000000002,2470,False,264,9548
1933,306.25000000000006,3161,True,308,9555
1934,81.65,898,False,122,9558
1935,142.8,1521,False,179,9562
1936,305.2,3161,True,349,9569
1937,237.35000000000005,2475,False,261,9575
1938,235.75000000000003,2471,False,250,9580
1939,305.75000000000006,3161,True,334,9587
1940,104.75000000000001,1126,False,107,9590
1941,143.60000000000002,1521,False,139,9593
1942,170.10000000000002,1790,False,169,9597
1943,142.8,1513,False,142,9600
1944,142.65000000000003,1516,False,176,9604
1945,304.2,3161,True,368,9612
1946,74.05000000000001,820,False,97,9614
1947,305.00000000000006,3161,True,359,9622
1948,307.25,3161,True,335,9629
1949,169.35000000000002,1801,False,160,9633
1950,305.90000000000003,3161,True,314,9640
1951,142.8,1513,False,140,9643
1952,237.79999999999998,2473,False,271,9649
1953,305.05,3161,True,344,9656
1954,157.85000000000002,1678,False,149,9659
1955,169.70000000000002,1782,False,166,9663
1956,172.20000000000002,1807,False,168,9667
1957,144.20000000000002,1532,False,142,9670
1958,143.50000000000003,1526,False,140,9673
1959,306.3,3161,True,318,9680
1960,304.80000000000007,3161,True,341,9687
1961,305.6000000000001,3161,True,351,9695
1962,134.5,1433,False,129,9698
1963,23.100000000000005,300,False,31,9699
1964,23.600000000000005,300,False,31,9700
1965,237.60000000000002,2475,False,245,9705
1966,305.75000000000006,3161,True,330,9712
1967,304.80000000000007,3161,True,367,9720
1968,236.45000000000002,2472,False,246,9725
1969,237.45000000000002,2471,False,242,9730
1970,169.75000000000006,1796,False,171,9734
1971,193.40000000000003,2025,False,219,9739
1972,304.1000000000001,3161,True,354,9747
1973,187.75,1964,False,184,9751
1974,169.45000000000002,1795,False,178,9755
1975,143.8,1523,False,140,9758
1976,237.70000000000002,2470,False,236,9763
1977,104.00000000000001,1127,False,107,9766
1978,236.85000000000002,2472,False,251,9772
1979,305.1,3161,True,350,9779
1980,104.75000000000001,1128,False,110,9782
1981,186.80000000000004,1960,False,173,9786
1982,236.75,2473,False,238,9791
1983,305.6,3161,True,376,9799
1984,142.25000000000003,1515,False,142,9802
1985,170.95000000000002,1797,False,171,9806
1986,304.70000000000005,3161,True,372,9814
1987,236.60000000000002,2471,False,249,9819
1988,185.70000000000002,1952,False,188,9823
1989,305.15000000000003,3161,True,338,9830
1990,169.60000000000002,1780,False,163,9834
1991,304.45000000000005,3161,True,373,9842
1992,236.90000000000003,2474,False,246,9847
1993,236.10000000000002,2471,False,250,9852
1994,169.45000000000002,1781,False,174,9856
1995,305.1,3161,True,324,9863
1996,105.10000000000001,1129,False,112,9866
1997,236.50000000000003,2469,False,241,9871
1998,306.15,3161,True,364,9879
1999,142.8,1523,False,136,9882
2000,143.55,1523,False,135,9885
2001,142.90000000000003,1514,False,140,9888
2002,305.65000000000003,3161,True,336,9895
2003,236.15000000000003,2472,False,289,9901
2004,305.4500000000001,3161,True,322,9908
2005,236.75,2472,False,237,9913
2006,170.00000000000003,1785,False,164,9917
2007,264.40000000000003,2761,False,270,9923
2008,305.95000000000005,3161,True,325,9930
2009,104.60000000000001,1128,False,138,9933
2010,142.55,1512,False,139,9936
2011,306.4,3161,True,310,9943
2012,169.05,1782,False,163,9947
2013,236.75000000000003,2472,False,233,9952
2014,305.40000000000003,3161,True,361,9960
2015,192.9,2027,False,177,9964
2016,143.70000000000002,1525,False,154,9968
2017,306.05,3161,True,316,9975
2018,236.50000000000003,2471,False,254,9981
2019,306.3,3161,True,316,9988
2020,185.35000000000002,1949,False,179,9992
2021,156.80000000000004,1660,False,153,9996
2022,305.85,3161,True,329,10003
2023,305.20000000000005,3161,True,346,10010
2024,143.55,1523,False,135,10013
2025,305.3,3161,True,341,10020
2026,186.20000000000005,1954,False,173,10024
2027,236.70000000000002,2471,False,271,10030
2028,236.55,2472,False,245,10035
2029,236.65000000000003,2470,False,230,10040
2030,306.3500000000001,3161,True,330,10047
2031,305.15000000000003,3161,True,310,10054
2032,305.8,3161,True,320,10061
2033,24.200000000000003,315,False,27,10062
2034,61.95000000000001,691,False,81,10064
2035,305.50000000000006,3161,True,358,10072
2036,236.05000000000004,2471,False,264,10078
2037,169.8,1791,False,188,10082
2038,186.8,1960,False,172,10086
2039,236.15000000000003,2471,False,283,10092
2040,305.40000000000003,3161,True,337,10099
2041,185.55000000000004,1954,False,193,10103
2042,169.40000000000003,1784,False,163,10107
2043,187.35000000000002,1963,False,172,10111
2044,133.25,1433,False,176,10115
2045,105.35000000000001,1127,False,105,10118
2046,144.55,1528,False,136,10121
2047,237.15,2472,False,237,10126
2048,236.70000000000002,2472,False,248,10131
2049,237.20000000000002,2472,False,248,10136
2050,168.65,1778,False,165,10140
2051,305.2,3161,True,347,10147
2052,104.50000000000001,1128,False,111,10150
2053,305.45000000000005,3161,True,345,10157
2054,304.65000000000003,3161,True,364,10165
2055,265.45,2769,False,324,10172
2056,168.95000000000002,1786,False,163,10176
2057,305.3,3161,True,338,10183
2058,143.3,1523,False,136,10186
2059,169.8,1788,False,163,10190
2060,305.7,3161,True,348,10197
2061,236.35000000000002,2469,False,244,10202
2062,304.35,3161,True,348,10209
2063,105.20000000000002,1132,False,116,10212
2064,236.95000000000002,2472,False,248,10217
2065,304.70000000000005,3161,True,344,10224
2066,186.35000000000002,1958,False,173,10228
2067,236.50000000000003,2470,False,245,10233
2068,237.15,2474,False,221,10238
2069,169.85000000000002,1781,False,165,10242
2070,305.05,3161,True,342,10249
2071,158.70000000000002,1676,False,157,10253
2072,104.75000000000001,1127,False,107,10256
2073,236.85000000000002,2471,False,246,10261
2074,304.50000000000006,3161,True,382,10269
2075,236.80000000000004,2472,False,241,10274
2076,236.50000000000003,2470,False,249,10279
2077,306.09999999999997,3161,True,305,10286
2078,306.00000000000006,3161,True,333,10293
2079,306.15000000000003,3161,True,289,10299
2080,236.00000000000003,2471,False,275,10305
2081,236.75,2472,False,234,10310
2082,305.24999999999994,3161,True,359,10318
2083,134.5,1433,False,128,10321
2084,170.0,1785,False,162,10325
2085,134.5,1433,False,128,10328
2086,185.15,1943,False,182,10332
2087,134.75,1433,False,128,10335
2088,186.75,1958,False,176,10339
2089,305.2,3161,True,350,10346
2090,236.50000000000003,2473,False,261,10352
2091,236.60000000000002,2476,False,274,10358
2092,143.05,1522,False,160,10362
2093,135.0,1433,False,128,10365
2094,193.3,2018,False,188,10369
2095,184.15000000000003,1941,False,178,10373
2096,143.45000000000002,1523,False,141,10376
2097,236.90000000000003,2473,False,242,10381
2098,236.90000000000003,2470,False,231,10386
2099,304.9,3161,True,362,10394
2100,237.60000000000002,2473,False,232,10399
2101,305.00000000000006,3161,True,302,10406
2102,236.40000000000003,2468,False,247,10411
2103,237.10000000000002,2473,False,234,10416
2104,135.20000000000002,1435,False,129,10419
2105,304.85,3161,True,379,10427
2106,306.05,3161,True,343,10434
2107,158.10000000000002,1678,False,149,10437
2108,169.80000000000004,1786,False,161,10441
2109,134.8,1434,False,144,10444
2110,135.0,1433,False,128,10447
2111,105.00000000000001,1129,False,115,10450
2112,305.40000000000003,3161,True,338,10457
2113,189.05,1976,False,177,10461
2114,235.79999999999998,2469,False,252,10467
2115,134.75,1433,False,128,10470
2116,186.60000000000002,1958,False,174,10474
2117,169.20000000000005,1784,False,183,10478
2118,185.45000000000002,1943,False,193,10482
2119,104.45000000000002,1129,False,106,10485
2120,171.75,1799,False,158,10489
2121,157.85000000000002,1673,False,148,10492
2122,305.45,3161,True,350,10499
2123,304.7000000000001,3161,True,373,10507
2124,305.5,3161,True,333,10514
2125,186.80000000000004,1965,False,198,10518
2126,305.3,3161,True,342,10525
2127,104.75000000000001,1127,False,107,10528
2128,62.150000000000006,697,False,77,10530
2129,237.25000000000003,2473,False,237,10535
2130,142.8,1512,False,139,10538
2131,235.85000000000002,2470,False,294,10544
2132,305.0,3161,True,329,10551
2133,305.50000000000006,3161,True,332,10558
2134,169.95000000000002,1791,False,166,10562
2135,304.3,3161,True,393,10570
2136,306.40000000000003,3161,True,312,10577
2137,22.500000000000004,299,False,31,10578
2138,170.8,1788,False,163,10582
2139,305.35,3161,True,328,10589
2140,104.85000000000001,1128,False,110,10592
2141,236.95000000000002,2469,False,239,10597
2142,143.45000000000002,1522,False,137,10600
2143,263.9,2757,False,301,10607
2144,306.0,3161,True,330,10614
2145,236.85000000000005,2468,False,239,10619
2146,62.400000000000006,704,False,74,10621
2147,170.5,1790,False,172,10625
2148,187.10000000000002,1964,False,176,10629
2149,184.8,1941,False,177,10633
2150,171.0,1800,False,167,10637
2151,305.00000000000006,3161,True,358,10645
2152,304.65000000000003,3161,True,385,10653
2153,104.60000000000001,1128,False,106,10656
2154,305.85,3161,True,328,10663
2155,305.00000000000006,3161,True,330,10670
2156,169.60000000000002,1782,False,171,10674
2157,236.3,2472,False,250,10679
2158,74.05000000000001,820,False,97,10681
2159,305.1,3161,True,353,10689
2160,143.8,1523,False,135,10692
2161,262.35,2746,False,338,10699
2162,169.45000000000002,1783,False,173,10703
2163,304.35,3161,True,375,10711
