0,62.95000000000001,699,False,75,2
1,169.35000000000002,1780,False,164,6
2,186.60000000000002,1955,False,181,10
3,184.45000000000002,1943,False,191,14
4,304.75000000000006,3161,True,359,22
5,236.70000000000002,2472,False,248,27
6,236.60000000000002,2470,False,250,32
7,135.0,1433,False,128,35
8,169.4,1783,False,163,39
9,305.6,3161,True,330,46
10,305.05000000000007,3161,True,368,54
11,143.45000000000005,1524,False,147,57
12,237.05,2473,False,248,62
13,305.3500000000001,3161,True,353,70
14,134.70000000000002,1435,False,128,73
15,135.0,1433,False,128,76
16,193.70000000000002,2022,False,188,80
17,304.05,3161,True,367,88
18,236.20000000000002,2468,False,256,94
19,171.75,1799,False,158,98
20,305.1,3161,True,330,105
21,305.00000000000006,3161,True,360,113
22,304.25,3161,True,352,121
23,305.5,3161,True,332,128
24,304.90000000000003,3161,True,364,136
25,158.75000000000003,1678,False,150,139
26,236.55,2470,False,255,145
27,237.15,2474,False,221,150
28,169.50000000000003,1779,False,164,154
29,134.5,1433,False,128,157
30,305.55,3161,True,343,164
31,236.60000000000002,2472,False,229,169
32,305.6,3161,True,353,177
33,134.95000000000002,1435,False,128,180
34,305.35,3161,True,353,188
35,169.35000000000002,1787,False,167,192
36,237.8,2475,False,256,198
37,185.25000000000003,1950,False,187,202
38,236.10000000000002,2472,False,252,208
39,305.20000000000005,3161,True,346,215
40,169.55,1788,False,171,219
41,236.40000000000003,2475,False,271,225
42,304.55,3161,True,417,234
43,157.8,1667,False,158,238
44,235.8,2470,False,256,244
45,134.95000000000002,1435,False,128,247
46,237.20000000000002,2471,False,248,252
47,104.30000000000001,1128,False,122,255
48,169.65000000000003,1784,False,162,259
49,186.55,1960,False,172,263
50,135.20000000000002,1435,False,128,266
51,305.8,3161,True,341,273
52,303.30000000000007,3161,True,416,282
53,304.95000000000005,3161,True,374,290
54,185.70000000000002,1951,False,184,294
55,134.75,1433,False,128,297
56,169.80000000000004,1786,False,161,301
57,143.8,1523,False,135,304
58,238.15,2475,False,246,309
59,234.85,2469,False,268,315
60,236.25000000000003,2472,False,282,321
61,185.85000000000002,1950,False,182,325
62,236.65000000000003,2474,False,250,330
63,134.75,1433,False,128,333
64,236.95000000000002,2471,False,240,338
65,104.75000000000001,1127,False,107,341
66,236.75000000000003,2469,False,242,346
67,142.55,1512,False,139,349
68,305.45000000000005,3161,True,348,356
69,307.75000000000006,3161,True,280,362
70,168.75000000000003,1789,False,161,366
71,237.35000000000002,2474,False,263,372
72,304.6,3161,True,354,380
73,236.35000000000005,2475,False,264,386
74,60.10000000000001,675,False,57,388
75,135.25,1433,False,129,391
76,143.40000000000003,1521,False,147,394
77,186.70000000000005,1958,False,173,398
78,170.30000000000004,1793,False,164,402
79,169.65000000000003,1787,False,183,406
80,235.5,2469,False,274,412
81,169.25,1780,False,169,416
82,237.05000000000004,2472,False,245,421
83,305.95,3161,True,323,428
84,73.9,823,False,110,431
85,171.0,1800,False,167,435
86,305.85,3161,True,329,442
87,306.2,3161,True,299,448
88,194.25000000000003,2024,False,181,452
89,304.6000000000001,3161,True,329,459
90,169.30000000000004,1786,False,161,463
91,142.8,1512,False,139,466
92,185.95000000000002,1953,False,191,470
93,156.90000000000003,1654,False,162,474
94,236.70000000000002,2472,False,221,479
95,305.6,3161,True,328,486
96,186.55,1960,False,172,490
97,237.15,2471,False,232,495
98,142.45000000000002,1512,False,142,498
99,236.65000000000003,2471,False,256,504
100,305.70000000000005,3161,True,348,511
101,236.35,2471,False,248,516
102,237.75000000000003,2471,False,230,521
103,235.05,2474,False,276,527
104,144.10000000000002,1526,False,137,530
105,237.45000000000002,2474,False,235,535
106,185.65000000000003,1950,False,224,540
107,169.00000000000003,1789,False,162,544
108,237.15,2471,False,232,549
109,305.55000000000007,3161,True,344,556
110,236.70000000000002,2474,False,232,561
111,264.05,2755,False,298,567
112,143.55,1523,False,135,570
113,105.00000000000001,1130,False,119,573
114,305.65,3161,True,364,581
115,305.0,3161,True,332,588
116,305.70000000000005,3161,True,323,595
117,169.35000000000002,1786,False,162,599
118,305.55,3161,True,345,606
119,134.95000000000002,1435,False,128,609
120,186.55,1955,False,172,613
121,237.55,2474,False,250,618
122,142.8,1523,False,135,621
123,157.8,1658,False,162,625
124,156.3,1661,False,153,629
125,305.6,3161,True,330,636
126,305.25000000000006,3161,True,326,643
127,104.95000000000002,1129,False,106,646
128,193.3,2019,False,194,650
129,303.45,3161,True,367,658
130,304.90000000000003,3161,True,411,667
131,304.40000000000003,3161,True,336,674
132,169.8,1783,False,163,678
133,303.75000000000006,3161,True,382,686
134,144.10000000000002,1526,False,140,689
135,135.20000000000002,1435,False,128,692
136,135.00000000000003,1435,False,139,695
137,105.10000000000001,1129,False,112,698
138,305.3500000000001,3161,True,352,706
139,236.45000000000002,2470,False,236,711
140,305.6000000000001,3161,True,328,718
141,105.20000000000002,1129,False,106,721
142,237.20000000000002,2475,False,233,726
143,305.5,3161,True,334,733
144,105.20000000000002,1129,False,106,736
145,194.00000000000003,2026,False,193,740
146,192.14999999999998,2023,False,210,745
147,305.15000000000003,3161,True,338,752
148,168.90000000000003,1782,False,187,756
149,185.95000000000002,1956,False,181,760
150,134.85000000000002,1434,False,128,763
151,104.80000000000001,1125,False,108,766
152,303.95000000000005,3161,True,424,775
153,134.95000000000002,1435,False,129,778
154,134.65000000000003,1434,False,139,781
155,305.90000000000003,3161,True,340,788
156,186.3,1955,False,171,792
157,134.75,1433,False,128,795
158,305.15,3161,True,332,802
159,63.2,709,False,72,804
160,171.70000000000005,1794,False,180,808
161,170.5,1799,False,158,812
162,236.50000000000003,2473,False,261,818
163,134.70000000000002,1435,False,128,821
164,158.55,1675,False,148,824
165,135.20000000000002,1435,False,129,827
166,171.55,1797,False,159,831
167,303.55,3161,True,393,839
168,305.3,3161,True,392,847
169,236.05,2471,False,240,852
170,304.15,3161,True,389,860
171,157.40000000000003,1661,False,153,864
172,237.20000000000002,2477,False,242,869
173,158.70000000000002,1675,False,152,873
174,305.75000000000006,3161,True,331,880
175,170.0,1788,False,160,884
176,265.6,2763,False,274,890
177,236.40000000000003,2472,False,235,895
178,142.55,1512,False,139,898
179,171.75,1799,False,158,902
180,304.3,3161,True,340,909
181,237.3,2475,False,235,914
182,236.90000000000003,2473,False,241,919
183,158.4,1671,False,152,923
184,305.6,3161,True,351,931
185,305.5,3161,True,306,938
186,236.50000000000003,2473,False,237,943
187,237.50000000000003,2473,False,237,948
188,264.25,2758,False,279,954
189,24.599999999999998,314,False,28,955
190,170.30000000000004,1786,False,161,959
191,305.05,3161,True,369,967
192,24.349999999999998,314,False,28,968
193,306.35,3161,True,326,975
194,24.549999999999997,316,False,29,976
195,25.099999999999998,314,False,28,977
196,237.45000000000005,2471,False,242,982
197,305.25,3161,True,357,990
198,134.5,1433,False,128,993
199,305.20000000000005,3161,True,347,1000
200,184.95000000000002,1945,False,178,1004
201,186.75000000000003,1961,False,198,1008
202,306.35,3161,True,302,1015
203,169.45000000000002,1789,False,172,1019
204,185.30000000000004,1945,False,177,1023
205,236.95000000000002,2473,False,251,1029
206,305.40000000000003,3161,True,307,1036
207,305.40000000000003,3161,True,336,1043
208,185.4,1947,False,179,1047
209,236.60000000000005,2471,False,249,1052
210,235.95000000000002,2471,False,269,1058
211,305.20000000000005,3161,True,347,1065
212,169.20000000000002,1778,False,172,1069
213,169.85000000000002,1795,False,158,1073
214,306.55,3161,True,317,1080
215,104.70000000000002,1129,False,106,1083
216,24.700000000000003,315,False,27,1084
217,25.200000000000003,315,False,27,1085
218,264.65000000000003,2750,False,266,1091
219,193.85000000000002,2022,False,192,1095
220,304.7,3161,True,321,1102
221,106.70000000000002,1151,False,108,1105
222,169.50000000000003,1785,False,166,1109
223,143.70000000000002,1524,False,145,1112
224,305.65000000000003,3161,True,340,1119
225,304.6,3161,True,377,1127
226,236.60000000000002,2470,False,247,1132
227,264.8,2760,False,274,1138
228,304.6,3161,True,348,1145
229,169.65000000000003,1788,False,166,1149
230,306.1,3161,True,326,1156
231,304.7,3161,True,349,1163
232,305.70000000000005,3161,True,347,1170
233,169.65000000000003,1784,False,165,1174
234,305.75,3161,True,307,1181
235,168.75,1789,False,183,1185
236,306.65000000000003,3161,True,315,1192
237,236.85,2472,False,260,1198
238,143.25000000000003,1525,False,136,1201
239,305.85,3161,True,328,1208
240,236.55,2473,False,250,1213
241,236.85000000000002,2472,False,255,1219
242,24.349999999999998,314,False,28,1220
243,194.20000000000005,2024,False,199,1224
244,192.65,2020,False,192,1228
245,304.80000000000007,3161,True,318,1235
246,305.40000000000003,3161,True,339,1242
247,305.85,3161,True,327,1249
248,236.75,2473,False,261,1255
249,142.85000000000002,1520,False,136,1258
250,304.8,3161,True,339,1265
251,170.55,1789,False,169,1269
252,134.45000000000002,1435,False,128,1272
253,306.1,3161,True,300,1278
254,158.50000000000003,1678,False,154,1282
255,236.20000000000002,2471,False,269,1288
256,170.95000000000002,1797,False,168,1292
257,305.20000000000005,3161,True,320,1299
258,304.80000000000007,3161,True,336,1306
259,236.85000000000002,2471,False,247,1311
260,236.05,2472,False,268,1317
261,134.65,1434,False,140,1320
262,305.6,3161,True,328,1327
263,61.35000000000001,689,False,80,1329
264,237.60000000000002,2471,False,228,1334
265,134.75,1433,False,128,1337
266,305.90000000000003,3161,True,310,1344
267,236.50000000000003,2471,False,252,1350
268,305.90000000000003,3161,True,311,1357
269,169.25000000000003,1783,False,164,1361
270,237.25000000000003,2474,False,241,1366
271,186.35000000000002,1950,False,185,1370
272,185.05,1943,False,191,1374
273,235.8,2471,False,238,1379
274,237.25,2472,False,233,1384
275,236.8,2471,False,243,1389
276,143.55,1523,False,135,1392
277,143.8,1523,False,136,1395
278,186.3,1944,False,198,1399
279,21.600000000000005,300,False,31,1400
280,305.25000000000006,3161,True,385,1408
281,236.1,2471,False,277,1414
282,142.65000000000003,1514,False,141,1417
283,305.90000000000003,3161,True,314,1424
284,185.55000000000004,1945,False,177,1428
285,236.15,2471,False,257,1434
286,306.05,3161,True,316,1441
287,186.25,1958,False,175,1445
288,158.60000000000002,1673,False,148,1448
289,305.65000000000003,3161,True,336,1455
290,305.2,3161,True,350,1462
291,265.20000000000005,2760,False,252,1468
292,236.60000000000002,2472,False,254,1474
293,304.54999999999995,3161,True,338,1481
294,135.0,1433,False,128,1484
295,305.6,3161,True,329,1491
296,135.25,1433,False,128,1494
297,236.85000000000002,2469,False,288,1500
298,303.85,3161,True,352,1508
299,144.95000000000002,1532,False,142,1511
300,304.25000000000006,3161,True,385,1519
301,305.1,3161,True,323,1526
302,305.55000000000007,3161,True,342,1533
303,134.70000000000002,1435,False,129,1536
304,185.30000000000004,1945,False,177,1540
305,305.55,3161,True,344,1547
306,104.55000000000003,1125,False,108,1550
307,236.60000000000002,2470,False,247,1555
308,169.80000000000004,1786,False,161,1559
309,305.45000000000005,3161,True,349,1566
310,236.45000000000005,2469,False,236,1571
311,236.75,2470,False,248,1576
312,169.25000000000003,1784,False,164,1580
313,236.5,2470,False,248,1585
314,170.15,1789,False,163,1589
315,235.9,2469,False,255,1595
316,169.65,1786,False,170,1599
317,169.55000000000004,1786,False,161,1603
318,236.85000000000002,2468,False,238,1608
319,305.1,3161,True,352,1616
320,236.65000000000003,2471,False,259,1622
321,24.349999999999998,314,False,28,1623
322,186.90000000000003,1950,False,190,1627
323,184.50000000000003,1947,False,177,1631
324,158.8,1675,False,148,1634
325,24.700000000000003,315,False,27,1635
326,193.65000000000003,2020,False,191,1639
327,134.15,1433,False,134,1642
328,304.75,3161,True,384,1650
329,193.05,2019,False,191,1654
330,305.05,3161,True,315,1661
331,134.20000000000002,1435,False,155,1665
332,170.5,1788,False,160,1669
333,193.8,2023,False,187,1673
334,236.25,2470,False,230,1678
335,169.8,1792,False,166,1682
336,306.0,3161,True,333,1689
337,305.15000000000003,3161,True,339,1696
338,305.6,3161,True,325,1703
339,306.00000000000006,3161,True,306,1710
340,170.4,1798,False,193,1714
341,264.45000000000005,2756,False,257,1720
342,170.25000000000003,1788,False,160,1724
343,304.70000000000005,3161,True,370,1732
344,305.5,3161,True,333,1739
345,143.55,1523,False,135,1742
346,236.45000000000002,2471,False,266,1748
347,193.35000000000002,2020,False,182,1752
348,185.70000000000002,1959,False,172,1756
349,169.3,1777,False,165,1760
350,158.35000000000002,1673,False,148,1763
351,305.30000000000007,3161,True,345,1770
352,236.9,2472,False,242,1775
353,236.55,2473,False,249,1780
354,135.45000000000002,1435,False,128,1783
355,134.95000000000002,1435,False,129,1786
356,171.10000000000002,1795,False,167,1790
357,134.70000000000002,1435,False,128,1793
358,169.55,1783,False,162,1797
359,236.35000000000002,2470,False,269,1803
360,305.45000000000005,3161,True,323,1810
361,192.85000000000002,2026,False,187,1814
362,169.50000000000003,1784,False,165,1818
363,135.20000000000002,1435,False,128,1821
364,170.0,1788,False,160,1825
365,135.20000000000002,1435,False,129,1828
366,171.15,1798,False,167,1832
367,24.349999999999998,314,False,28,1833
368,195.00000000000003,2025,False,187,1837
369,235.35000000000002,2472,False,252,1843
370,75.95,843,False,116,1846
371,134.05,1433,False,161,1850
372,306.2,3161,True,325,1857
373,236.90000000000003,2472,False,239,1862
374,305.05000000000007,3161,True,312,1869
375,236.95000000000002,2477,False,241,1874
376,170.75,1788,False,161,1878
377,134.95000000000002,1435,False,128,1881
378,143.3,1523,False,135,1884
379,306.2,3161,True,321,1891
380,170.4,1794,False,167,1895
381,169.25000000000003,1784,False,165,1899
382,24.599999999999998,314,False,28,1900
383,237.20000000000002,2472,False,248,1905
384,135.10000000000002,1434,False,129,1908
385,306.1000000000001,3161,True,301,1915
386,170.00000000000003,1789,False,161,1919
387,236.95000000000002,2472,False,249,1924
388,24.450000000000003,315,False,27,1925
389,135.45000000000002,1435,False,128,1928
390,237.20000000000002,2472,False,246,1933
391,134.50000000000003,1433,False,155,1937
392,184.8,1941,False,177,1941
393,236.3,2470,False,257,1947
394,134.75,1433,False,128,1950
395,237.05,2472,False,243,1955
396,236.85000000000002,2475,False,244,1960
397,193.75000000000003,2024,False,181,1964
398,169.65000000000003,1793,False,162,1968
399,305.85,3161,True,355,1976
400,157.75000000000003,1673,False,154,1980
401,186.3,1955,False,172,1984
402,135.20000000000002,1435,False,128,1987
403,170.25,1787,False,159,1991
404,104.75,1130,False,125,1994
405,135.10000000000002,1434,False,129,1997
406,143.8,1523,False,135,2000
407,186.25000000000003,1958,False,176,2004
408,237.15000000000003,2474,False,249,2009
409,143.9,1524,False,136,2012
410,169.3,1787,False,185,2016
411,170.15,1789,False,162,2020
412,134.95000000000002,1435,False,128,2023
413,24.700000000000003,315,False,27,2024
414,25.099999999999998,314,False,28,2025
415,170.30000000000004,1786,False,161,2029
416,236.85000000000002,2474,False,238,2034
417,171.5,1799,False,167,2038
418,134.70000000000002,1434,False,149,2041
419,158.3,1677,False,156,2045
420,135.20000000000002,1435,False,128,2048
421,143.60000000000002,1522,False,148,2051
422,305.9,3161,True,360,2059
423,304.05000000000007,3161,True,369,2067
424,169.65,1784,False,162,2071
425,304.50000000000006,3161,True,385,2079
426,169.40000000000003,1784,False,162,2083
427,184.85000000000002,1945,False,185,2087
428,134.60000000000002,1433,False,146,2090
429,186.25000000000003,1950,False,189,2094
430,186.8,1960,False,172,2098
431,132.95000000000002,1418,False,130,2101
432,236.35000000000002,2473,False,308,2108
433,304.40000000000003,3161,True,362,2116
434,171.25,1799,False,158,2120
435,236.55,2471,False,244,2125
436,305.3500000000001,3161,True,353,2133
437,170.75,1799,False,158,2137
438,304.90000000000003,3161,True,365,2145
439,305.50000000000006,3161,True,335,2152
440,185.25000000000003,1947,False,175,2156
441,169.4,1786,False,170,2160
442,144.00000000000003,1525,False,136,2163
443,306.8,3161,True,369,2171
444,169.65,1798,False,158,2175
445,236.0,2475,False,250,2180
446,63.10000000000001,703,False,74,2182
447,305.7,3161,True,319,2189
448,305.95000000000005,3161,True,322,2196
449,304.85,3161,True,351,2204
450,306.45000000000005,3161,True,298,2210
451,142.55,1512,False,139,2213
452,306.1,3161,True,301,2220
453,169.25000000000003,1785,False,162,2224
454,305.85,3161,True,329,2231
455,305.0,3161,True,356,2239
456,193.10000000000002,2023,False,195,2243
457,168.45000000000002,1777,False,169,2247
458,236.60000000000002,2472,False,255,2253
459,304.50000000000006,3161,True,357,2261
460,305.80000000000007,3161,True,318,2268
461,305.45,3161,True,346,2275
462,264.05,2756,False,279,2281
463,105.30000000000003,1130,False,107,2284
464,169.65000000000003,1788,False,188,2288
465,237.35000000000002,2475,False,244,2293
466,304.15000000000003,3161,True,386,2301
467,143.55,1523,False,135,2304
468,237.25000000000003,2474,False,242,2309
469,305.8,3161,True,317,2316
470,193.70000000000002,2027,False,189,2320
471,305.1,3161,True,328,2327
472,171.10000000000002,1797,False,165,2331
473,304.8,3161,True,316,2338
474,236.90000000000003,2469,False,254,2344
475,305.75,3161,True,334,2351
476,104.80000000000003,1129,False,105,2354
477,238.35,2470,False,246,2359
478,168.25,1788,False,160,2363
479,306.0,3161,True,334,2370
480,104.35000000000001,1128,False,106,2373
481,305.90000000000003,3161,True,338,2380
482,236.90000000000003,2473,False,242,2385
483,169.4,1784,False,162,2389
484,169.25000000000003,1785,False,162,2393
485,170.20000000000002,1786,False,163,2397
486,169.15,1784,False,162,2401
487,305.70000000000005,3161,True,325,2408
488,134.75000000000003,1433,False,130,2411
489,305.6,3161,True,352,2419
490,236.3,2473,False,248,2424
491,195.55,2043,False,188,2428
492,236.55,2477,False,238,2433
493,305.45000000000005,3161,True,343,2440
494,134.25,1433,False,128,2443
495,306.05,3161,True,342,2450
496,235.55000000000004,2473,False,275,2456
497,236.95000000000002,2471,False,243,2461
498,135.0,1433,False,128,2464
499,171.25,1799,False,158,2468
500,24.099999999999998,314,False,28,2469
501,192.95000000000002,2012,False,187,2473
502,188.30000000000004,1977,False,183,2477
503,236.05,2471,False,237,2482
504,143.60000000000002,1521,False,135,2485
505,134.8,1435,False,147,2488
506,159.05,1676,False,155,2492
507,235.20000000000005,2472,False,299,2498
508,170.25,1788,False,160,2502
509,305.95000000000005,3161,True,349,2509
510,304.50000000000006,3161,True,359,2517
511,186.3,1955,False,172,2521
512,193.35000000000002,2028,False,196,2525
513,24.200000000000003,315,False,27,2526
514,105.70000000000002,1129,False,107,2529
515,134.75,1433,False,128,2532
516,236.6,2474,False,290,2538
517,169.05,1785,False,170,2542
518,236.15000000000003,2473,False,297,2548
519,236.40000000000003,2471,False,256,2554
520,236.90000000000003,2472,False,243,2559
521,305.95000000000005,3161,True,324,2566
522,305.35,3161,True,327,2573
523,305.34999999999997,3161,True,324,2580
524,304.8,3161,True,366,2588
525,236.15,2471,False,258,2594
526,143.55,1523,False,135,2597
527,170.15,1789,False,163,2601
528,304.80000000000007,3161,True,338,2608
529,63.10000000000001,708,False,73,2610
530,237.4,2472,False,237,2615
531,305.4,3161,True,338,2622
532,305.2,3161,True,319,2629
533,236.65000000000003,2472,False,236,2634
534,237.15,2473,False,244,2639
535,304.65000000000003,3161,True,364,2647
536,60.35000000000001,675,False,57,2649
537,187.3,1958,False,186,2653
538,305.40000000000003,3161,True,311,2660
539,236.35,2473,False,258,2666
540,236.75000000000003,2470,False,251,2672
541,236.65,2472,False,238,2677
542,305.95000000000005,3161,True,322,2684
543,237.10000000000002,2477,False,246,2689
544,186.25000000000003,1958,False,176,2693
545,24.599999999999998,314,False,28,2694
546,62.85000000000001,699,False,75,2696
547,306.1,3161,True,329,2703
548,104.95000000000002,1129,False,105,2706
549,305.6,3161,True,329,2713
550,237.35000000000002,2475,False,244,2718
551,304.90000000000003,3161,True,361,2726
552,305.35,3161,True,330,2733
553,105.20000000000002,1129,False,106,2736
554,185.50000000000003,1948,False,177,2740
555,306.40000000000003,3161,True,315,2747
556,134.5,1433,False,128,2750
557,305.85,3161,True,329,2757
558,170.35000000000002,1796,False,163,2761
559,305.3500000000001,3161,True,329,2768
560,24.950000000000003,315,False,27,2769
561,170.10000000000002,1781,False,167,2773
562,304.5,3161,True,328,2780
563,237.0,2471,False,252,2786
564,305.70000000000005,3161,True,323,2793
565,236.05000000000004,2473,False,273,2799
566,305.50000000000006,3161,True,332,2806
567,306.15000000000003,3161,True,313,2813
568,236.60000000000005,2475,False,239,2818
569,105.00000000000001,1127,False,107,2821
570,105.10000000000001,1127,False,105,2824
571,169.4,1783,False,163,2828
572,306.00000000000006,3161,True,334,2835
573,305.15000000000003,3161,True,340,2842
574,304.8,3161,True,367,2850
575,305.7,3161,True,323,2857
576,236.70000000000002,2472,False,249,2862
577,236.70000000000002,2472,False,248,2867
578,170.0,1788,False,161,2871
579,236.25,2469,False,244,2876
580,305.95,3161,True,324,2883
581,305.35,3161,True,329,2890
582,142.8,1513,False,140,2893
583,187.25000000000003,1964,False,181,2897
584,169.85000000000002,1788,False,170,2901
585,305.55,3161,True,318,2908
586,104.75000000000001,1127,False,107,2911
587,143.8,1523,False,135,2914
588,305.1500000000001,3161,True,364,2922
589,134.75,1433,False,128,2925
590,169.40000000000003,1785,False,167,2929
591,186.15,1950,False,191,2933
592,143.45000000000002,1527,False,137,2936
593,135.25,1433,False,128,2939
594,304.65000000000003,3161,True,358,2947
595,134.5,1433,False,128,2950
596,23.000000000000004,299,False,31,2951
597,105.60000000000001,1127,False,105,2954
598,105.00000000000001,1127,False,107,2957
599,305.70000000000005,3161,True,325,2964
600,306.40000000000003,3161,True,311,2971
601,184.75,1942,False,177,2975
602,305.95000000000005,3161,True,297,2981
603,135.0,1433,False,128,2984
604,236.70000000000002,2473,False,277,2990
605,236.0,2468,False,239,2995
606,305.25,3161,True,333,3002
607,24.950000000000003,315,False,27,3003
608,306.15000000000003,3161,True,339,3010
609,305.09999999999997,3161,True,323,3017
610,305.6,3161,True,351,3025
611,169.5,1789,False,161,3029
612,304.55,3161,True,339,3036
613,185.70000000000002,1958,False,216,3041
614,186.0,1954,False,181,3045
615,305.55,3161,True,345,3052
616,104.5,1129,False,117,3055
617,236.65,2471,False,283,3061
618,237.65000000000003,2471,False,259,3067
619,169.5,1799,False,158,3071
620,236.15,2469,False,252,3077
621,305.8,3161,True,316,3084
622,236.25000000000006,2471,False,258,3090
623,306.20000000000005,3161,True,344,3097
624,304.85,3161,True,328,3104
625,62.35000000000001,703,False,74,3106
626,60.60000000000001,675,False,57,3108
627,236.90000000000003,2468,False,241,3113
628,134.55,1434,False,142,3116
629,60.35000000000001,675,False,57,3118
630,170.15,1791,False,172,3122
631,306.15000000000003,3161,True,314,3129
632,305.6,3161,True,330,3136
633,305.6,3161,True,329,3143
634,305.20000000000005,3161,True,350,3150
635,158.55,1675,False,148,3153
636,169.50000000000003,1785,False,172,3157
637,305.25000000000006,3161,True,329,3164
638,143.55,1523,False,135,3167
639,236.95000000000002,2470,False,262,3173
640,134.45000000000002,1435,False,129,3176
641,237.05000000000004,2473,False,248,3181
642,168.55,1776,False,166,3185
643,135.0,1433,False,128,3188
644,305.70000000000005,3161,True,347,3195
645,134.85000000000002,1434,False,129,3198
646,237.00000000000003,2472,False,234,3203
647,304.90000000000003,3161,True,365,3211
648,143.45000000000002,1522,False,136,3214
649,305.59999999999997,3161,True,351,3222
650,236.8,2472,False,244,3227
651,169.05,1781,False,170,3231
652,186.3,1955,False,171,3235
653,305.55,3161,True,343,3242
654,169.30000000000004,1786,False,161,3246
655,304.05,3161,True,416,3255
656,305.35,3161,True,327,3262
657,187.35000000000002,1960,False,183,3266
658,235.75000000000003,2470,False,246,3271
659,169.95000000000002,1781,False,165,3275
660,236.55000000000004,2475,False,251,3281
661,236.55,2471,False,236,3286
662,237.0,2475,False,248,3291
663,306.00000000000006,3161,True,305,3298
664,187.10000000000002,1964,False,176,3302
665,305.20000000000005,3161,True,349,3309
666,303.80000000000007,3161,True,394,3317
667,305.40000000000003,3161,True,362,3325
668,169.4,1784,False,162,3329
669,305.25,3161,True,356,3337
670,236.55,2471,False,264,3343
671,305.1,3161,True,328,3350
672,134.95000000000002,1435,False,128,3353
673,235.8,2470,False,256,3359
674,305.0,3161,True,383,3367
675,305.30000000000007,3161,True,342,3374
676,169.50000000000003,1783,False,164,3378
677,265.25,2758,False,253,3384
678,305.7,3161,True,322,3391
679,305.34999999999997,3161,True,329,3398
680,135.25,1433,False,128,3401
681,184.8,1941,False,177,3405
682,237.10000000000002,2471,False,247,3410
683,134.35000000000002,1435,False,132,3413
684,237.0,2470,False,249,3418
685,265.59999999999997,2762,False,273,3424
686,304.90000000000003,3161,True,337,3431
687,304.8,3161,True,314,3438
688,185.30000000000004,1945,False,177,3442
689,236.15,2472,False,261,3448
690,237.7,2472,False,297,3454
691,133.70000000000002,1435,False,129,3457
692,24.450000000000003,315,False,27,3458
693,306.6,3161,True,378,3466
694,235.75000000000003,2473,False,237,3471
695,143.3,1523,False,135,3474
696,135.25,1433,False,128,3477
697,237.20000000000002,2469,False,232,3482
698,169.00000000000003,1784,False,165,3486
699,236.8,2473,False,248,3491
700,169.80000000000004,1786,False,161,3495
701,169.5,1785,False,162,3499
702,158.8,1675,False,148,3502
703,169.4,1784,False,162,3506
704,170.25,1788,False,160,3510
705,236.15000000000003,2470,False,253,3516
706,135.35000000000002,1434,False,129,3519
707,304.3,3161,True,362,3527
708,184.8,1940,False,177,3531
709,169.4,1784,False,162,3535
710,134.95000000000002,1435,False,130,3538
711,305.90000000000003,3161,True,311,3545
712,305.20000000000005,3161,True,345,3552
713,306.85,3161,True,327,3559
714,304.45000000000005,3161,True,348,3566
715,134.95000000000002,1435,False,128,3569
716,305.7,3161,True,320,3576
717,169.25000000000003,1785,False,162,3580
718,305.15000000000003,3161,True,333,3587
719,186.25000000000003,1958,False,177,3591
720,305.15,3161,True,362,3599
721,194.25,2025,False,188,3603
722,133.5,1433,False,128,3606
723,105.10000000000001,1127,False,105,3609
724,144.10000000000002,1527,False,140,3612
725,170.70000000000002,1797,False,167,3616
726,236.60000000000002,2470,False,244,3621
727,237.3,2474,False,229,3626
728,264.8,2764,False,292,3632
729,237.15,2471,False,232,3637
730,236.3,2474,False,276,3643
731,305.6,3161,True,325,3650
732,305.1,3161,True,353,3658
733,186.55,1955,False,172,3662
734,236.85000000000002,2471,False,250,3667
735,304.90000000000003,3161,True,331,3674
736,303.7000000000001,3161,True,367,3682
737,104.75000000000001,1127,False,107,3685
738,186.55,1955,False,172,3689
739,236.55,2473,False,249,3694
740,135.0,1433,False,128,3697
741,305.8,3161,True,345,3704
742,169.30000000000004,1788,False,162,3708
743,237.7,2472,False,273,3714
744,236.10000000000002,2472,False,229,3719
745,171.05,1796,False,159,3723
746,168.60000000000002,1786,False,163,3727
747,135.70000000000002,1435,False,129,3730
748,235.3,2471,False,314,3737
749,236.5,2474,False,268,3743
750,304.3,3161,True,339,3750
751,144.05,1523,False,135,3753
752,306.15000000000003,3161,True,336,3760
753,105.25000000000003,1153,False,155,3764
754,135.95000000000002,1435,False,129,3767
755,134.75,1433,False,128,3770
756,135.00000000000003,1433,False,129,3773
757,305.5,3161,True,302,3780
758,236.50000000000006,2470,False,248,3785
759,193.75,2026,False,191,3789
760,167.95,1783,False,197,3793
761,105.20000000000002,1129,False,106,3796
762,170.45000000000005,1791,False,159,3800
763,305.55,3161,True,370,3808
764,143.45000000000002,1527,False,136,3811
765,24.450000000000003,315,False,27,3812
766,306.09999999999997,3161,True,329,3819
767,169.9,1789,False,162,3823
768,24.700000000000003,315,False,27,3824
769,304.85,3161,True,403,3833
770,193.9,2026,False,195,3837
771,134.20000000000002,1435,False,129,3840
772,237.00000000000003,2469,False,245,3845
773,134.70000000000002,1435,False,128,3848
774,169.9,1789,False,162,3852
775,305.15000000000003,3161,True,340,3859
776,306.45000000000005,3161,True,323,3866
777,104.35000000000002,1127,False,105,3869
778,143.8,1523,False,135,3872
779,236.3,2468,False,254,3878
780,305.25000000000006,3161,True,408,3887
781,168.55000000000004,1786,False,161,3891
782,135.0,1433,False,128,3894
783,236.70000000000002,2473,False,253,3900
784,192.55,2020,False,196,3904
785,134.75,1433,False,128,3907
786,194.35000000000002,2028,False,197,3911
787,185.85000000000002,1963,False,173,3915
788,158.60000000000002,1675,False,159,3919
789,194.55000000000004,2028,False,189,3923
790,133.95000000000002,1435,False,130,3926
791,23.499999999999996,303,False,30,3927
792,170.65,1783,False,163,3931
793,305.25000000000006,3161,True,309,3938
794,306.15000000000003,3161,True,364,3946
795,185.55000000000004,1960,False,173,3950
796,309.35,3161,True,328,3957
797,301.50000000000006,3161,True,358,3965
798,168.45000000000005,1781,False,164,3969
799,188.15000000000003,1964,False,189,3973
800,63.20000000000001,713,False,72,3975
801,135.45000000000002,1435,False,129,3978
802,135.20000000000002,1435,False,129,3981
803,134.85000000000002,1434,False,129,3984
804,236.85000000000005,2471,False,248,3989
805,143.9,1524,False,136,3992
806,104.95000000000002,1129,False,106,3995
807,24.849999999999998,314,False,28,3996
808,305.65,3161,True,365,4004
809,264.95,2755,False,253,4010
810,305.65000000000003,3161,True,312,4017
811,169.5,1778,False,165,4021
812,134.25,1433,False,128,4024
813,237.45000000000002,2475,False,238,4029
814,192.3,2004,False,196,4033
815,192.15000000000003,2021,False,196,4037
816,234.15000000000003,2470,False,302,4044
817,143.55,1523,False,135,4047
818,105.45000000000002,1129,False,107,4050
819,169.75,1788,False,161,4054
820,306.05,3161,True,317,4061
821,24.349999999999998,314,False,28,4062
822,171.30000000000004,1797,False,160,4066
823,305.45,3161,True,373,4074
824,185.3,1943,False,190,4078
825,235.80000000000004,2472,False,247,4083
826,168.9,1777,False,165,4087
827,167.60000000000002,1767,False,170,4091
828,104.75,1129,False,117,4094
829,305.55000000000007,3161,True,341,4101
830,266.1,2763,False,275,4107
831,133.95000000000002,1435,False,129,4110
832,305.59999999999997,3161,True,352,4118
833,237.0,2471,False,230,4123
834,104.75000000000001,1127,False,106,4126
835,305.25,3161,True,356,4134
836,304.8,3161,True,342,4141
837,305.05,3161,True,339,4148
838,305.1,3161,True,355,4156
839,104.64999999999999,1129,False,123,4159
840,193.3,2022,False,184,4163
841,193.40000000000003,2025,False,191,4167
842,236.15000000000003,2470,False,251,4173
843,134.20000000000002,1435,False,128,4176
844,237.35,2469,False,238,4181
845,168.0,1774,False,167,4185
846,305.75000000000006,3161,True,332,4192
847,304.65000000000003,3161,True,360,4200
848,305.50000000000006,3161,True,332,4207
849,303.6,3161,True,427,4216
850,236.40000000000003,2471,False,257,4222
851,169.25,1783,False,163,4226
852,193.60000000000002,2027,False,193,4230
853,304.25000000000006,3161,True,358,4238
854,185.50000000000003,1948,False,178,4242
855,238.05,2473,False,247,4247
856,304.6,3161,True,325,4254
857,171.5,1799,False,158,4258
858,304.75,3161,True,332,4265
859,306.1500000000001,3161,True,314,4272
860,236.05000000000004,2470,False,259,4278
861,306.2,3161,True,324,4285
862,304.65000000000003,3161,True,336,4292
863,305.45,3161,True,347,4299
864,238.9,2473,False,244,4304
865,22.3,311,False,27,4305
866,135.70000000000002,1435,False,128,4308
867,305.95,3161,True,322,4315
868,170.20000000000002,1791,False,163,4319
869,237.95000000000002,2476,False,265,4325
870,133.5,1433,False,128,4328
871,305.85,3161,True,326,4335
872,185.3,1947,False,182,4339
873,134.85000000000002,1434,False,128,4342
874,186.70000000000002,1953,False,192,4346
875,303.95,3161,True,400,4354
876,134.60000000000002,1434,False,129,4357
877,185.25000000000003,1948,False,178,4361
878,105.00000000000001,1127,False,107,4364
879,158.8,1675,False,148,4367
880,169.4,1783,False,175,4371
881,305.20000000000005,3161,True,350,4378
882,306.05,3161,True,319,4385
883,134.75,1433,False,128,4388
884,186.75,1957,False,172,4392
885,170.25000000000003,1790,False,164,4396
886,195.20000000000002,2042,False,189,4400
887,305.00000000000006,3161,True,335,4407
888,236.75000000000006,2472,False,259,4413
889,304.85,3161,True,298,4419
890,306.1500000000001,3161,True,311,4426
891,104.75000000000001,1127,False,107,4429
892,143.8,1523,False,136,4432
893,237.70000000000002,2474,False,233,4437
894,305.40000000000003,3161,True,336,4444
895,304.8,3161,True,340,4451
896,170.75,1800,False,167,4455
897,304.50000000000006,3161,True,381,4463
898,104.95000000000002,1129,False,105,4466
899,305.40000000000003,3161,True,336,4473
900,143.20000000000002,1517,False,143,4476
901,305.25,3161,True,328,4483
902,185.8,1947,False,184,4487
903,305.05,3161,True,319,4494
904,306.15000000000003,3161,True,315,4501
905,304.15000000000003,3161,True,356,4509
906,306.4,3161,True,315,4516
907,304.90000000000003,3161,True,339,4523
908,304.5,3161,True,383,4531
909,305.65000000000003,3161,True,337,4538
910,306.20000000000005,3161,True,299,4544
911,104.85000000000002,1127,False,105,4547
912,306.55,3161,True,342,4554
913,235.90000000000003,2472,False,236,4559
914,237.05,2473,False,249,4564
915,305.05,3161,True,342,4571
916,186.05,1955,False,171,4575
917,104.95000000000002,1129,False,106,4578
918,305.3,3161,True,337,4585
919,305.3,3161,True,341,4592
920,168.80000000000004,1782,False,163,4596
921,188.00000000000003,1965,False,186,4600
922,235.95000000000002,2470,False,237,4605
923,189.25,1982,False,198,4609
924,171.0,1799,False,158,4613
925,104.25000000000001,1127,False,107,4616
926,264.65000000000003,2757,False,276,4622
927,104.75000000000001,1127,False,107,4625
928,193.15000000000003,2028,False,205,4630
929,238.25000000000003,2471,False,253,4636
930,58.650000000000006,678,False,58,4638
931,170.55000000000004,1788,False,165,4642
932,196.60000000000002,2042,False,192,4646
933,182.60000000000002,1944,False,183,4650
934,185.95000000000002,1951,False,181,4654
935,305.3,3161,True,344,4661
936,237.3,2472,False,222,4666
937,159.25000000000003,1675,False,163,4670
938,168.0,1780,False,165,4674
939,305.9,3161,True,340,4681
940,305.7,3161,True,300,4687
941,185.25,1942,False,177,4691
942,187.45000000000002,1962,False,188,4695
943,304.3,3161,True,367,4703
944,185.05,1946,False,183,4707
945,304.65000000000003,3161,True,365,4715
946,187.9,1972,False,179,4719
947,105.00000000000001,1127,False,107,4722
948,305.4,3161,True,336,4729
949,105.20000000000002,1129,False,106,4732
950,237.40000000000006,2471,False,257,4738
951,235.30000000000004,2473,False,271,4744
952,23.100000000000005,300,False,31,4745
953,306.45,3161,True,347,4752
954,236.35000000000002,2477,False,246,4757
955,105.00000000000001,1127,False,107,4760
956,170.3,1788,False,168,4764
957,305.35,3161,True,327,4771
958,306.2,3161,True,300,4777
959,305.1,3161,True,350,4784
960,236.5,2470,False,251,4790
961,305.20000000000005,3161,True,345,4797
962,237.25,2475,False,245,4802
963,236.65,2472,False,236,4807
964,305.00000000000006,3161,True,360,4815
965,186.25000000000003,1959,False,184,4819
966,159.25,1677,False,149,4822
967,22.850000000000005,300,False,31,4823
968,237.40000000000003,2469,False,251,4829
969,305.00000000000006,3161,True,331,4836
970,24.700000000000003,315,False,27,4837
971,108.00000000000003,1153,False,105,4840
972,105.00000000000001,1127,False,107,4843
973,169.9,1787,False,162,4847
974,305.35,3161,True,352,4855
975,61.20000000000001,691,False,81,4857
976,237.00000000000003,2470,False,249,4862
977,193.15,2027,False,177,4866
978,305.45000000000005,3161,True,349,4873
979,142.65,1513,False,139,4876
980,171.60000000000002,1801,False,165,4880
981,305.45,3161,True,322,4887
982,236.65,2472,False,241,4892
983,142.8,1512,False,139,4895
984,305.09999999999997,3161,True,401,4904
985,169.8,1792,False,169,4908
986,263.90000000000003,2757,False,276,4914
987,194.0,2025,False,188,4918
988,142.8,1523,False,135,4921
989,305.65,3161,True,337,4928
990,236.20000000000002,2470,False,240,4933
991,305.79999999999995,3161,True,345,4940
992,104.85000000000002,1127,False,105,4943
993,306.35,3161,True,327,4950
994,104.35000000000001,1127,False,105,4953
995,104.85000000000001,1127,False,105,4956
996,305.70000000000005,3161,True,345,4963
997,305.90000000000003,3161,True,362,4971
998,264.00000000000006,2758,False,254,4977
999,305.5,3161,True,303,4984
1000,141.95000000000002,1513,False,178,4988
1001,306.15000000000003,3161,True,337,4995
1002,22.350000000000005,300,False,31,4996
1003,306.55000000000007,3161,True,316,5003
1004,24.549999999999997,316,False,29,5004
1005,306.40000000000003,3161,True,336,5011
1006,304.95,3161,True,350,5018
1007,236.85000000000002,2472,False,253,5024
1008,305.35,3161,True,329,5031
1009,143.55,1523,False,137,5034
1010,305.70000000000005,3161,True,325,5041
1011,169.80000000000004,1788,False,171,5045
1012,143.90000000000003,1526,False,146,5048
1013,186.55000000000007,1960,False,197,5052
1014,305.7,3161,True,321,5059
1015,22.850000000000005,300,False,31,5060
1016,305.65,3161,True,361,5068
1017,236.4,2472,False,263,5074
1018,22.850000000000005,300,False,31,5075
1019,305.95000000000005,3161,True,342,5082
1020,142.05,1512,False,139,5085
1021,305.95,3161,True,323,5092
1022,168.8,1778,False,168,5096
1023,142.55,1512,False,139,5099
1024,306.2,3161,True,320,5106
1025,236.70000000000005,2471,False,244,5111
1026,304.70000000000005,3161,True,349,5118
1027,236.80000000000004,2471,False,245,5123
1028,305.25000000000006,3161,True,357,5131
1029,169.6,1787,False,177,5135
1030,238.35000000000002,2470,False,241,5140
1031,142.0,1527,False,150,5143
1032,305.3500000000001,3161,True,323,5150
1033,134.75,1433,False,128,5153
1034,105.40000000000002,1132,False,108,5156
1035,170.25000000000003,1790,False,170,5160
1036,236.8,2474,False,253,5166
1037,305.85,3161,True,301,5173
1038,238.65000000000003,2472,False,237,5178
1039,185.50000000000003,1961,False,191,5182
1040,156.9,1672,False,179,5186
1041,305.65000000000003,3161,True,365,5194
1042,304.95000000000005,3161,True,316,5201
1043,158.35,1675,False,155,5205
1044,23.400000000000002,303,False,31,5206
1045,237.3,2473,False,249,5211
1046,105.20000000000002,1129,False,107,5214
1047,24.599999999999998,314,False,28,5215
1048,306.75,3161,True,310,5222
1049,305.00000000000006,3161,True,359,5230
1050,169.4,1784,False,170,5234
1051,169.20000000000002,1785,False,163,5238
1052,170.4,1790,False,173,5242
1053,236.90000000000003,2475,False,252,5248
1054,193.05,2022,False,181,5252
1055,186.25,1957,False,172,5256
1056,185.15000000000003,1947,False,177,5260
1057,135.20000000000002,1435,False,128,5263
1058,135.0,1433,False,128,5266
1059,305.1000000000001,3161,True,352,5274
1060,135.10000000000002,1434,False,129,5277
1061,305.35,3161,True,323,5284
1062,305.9,3161,True,340,5291
1063,303.75000000000006,3161,True,383,5299
1064,305.45000000000005,3161,True,346,5306
1065,305.70000000000005,3161,True,325,5313
1066,304.95000000000005,3161,True,373,5321
1067,169.05,1781,False,164,5325
1068,169.65,1788,False,162,5329
1069,134.8,1434,False,145,5332
1070,305.1000000000001,3161,True,325,5339
1071,186.60000000000002,1958,False,173,5343
1072,304.50000000000006,3161,True,385,5351
1073,236.95000000000002,2470,False,239,5356
1074,134.75,1433,False,130,5359
1075,74.10000000000001,820,False,107,5362
1076,236.75000000000003,2470,False,249,5367
1077,305.05,3161,True,343,5374
1078,105.40000000000002,1131,False,107,5377
1079,305.5,3161,True,327,5384
1080,304.6,3161,True,324,5391
1081,305.25000000000006,3161,True,384,5399
1082,236.20000000000002,2472,False,246,5404
1083,186.85000000000002,1963,False,174,5408
1084,105.10000000000001,1129,False,111,5411
1085,236.65000000000003,2469,False,254,5417
1086,186.3,1955,False,172,5421
1087,305.70000000000005,3161,True,374,5429
1088,303.65000000000003,3161,True,335,5436
1089,305.75000000000006,3161,True,334,5443
1090,305.05,3161,True,339,5450
1091,24.099999999999998,314,False,28,5451
1092,24.900000000000002,312,False,27,5452
1093,170.70000000000002,1786,False,162,5456
1094,236.95000000000005,2473,False,230,5461
1095,305.15000000000003,3161,True,337,5468
1096,236.95000000000002,2471,False,243,5473
1097,185.05000000000004,1945,False,177,5477
1098,306.45,3161,True,373,5485
1099,169.15000000000003,1789,False,174,5489
1100,305.1500000000001,3161,True,312,5496
1101,306.05000000000007,3161,True,318,5503
1102,104.60000000000001,1129,False,110,5506
1103,157.60000000000002,1664,False,154,5510
1104,143.0,1515,False,139,5513
1105,305.90000000000003,3161,True,337,5520
1106,134.70000000000002,1435,False,129,5523
1107,305.6,3161,True,325,5530
1108,185.50000000000003,1947,False,178,5534
1109,304.65000000000003,3161,True,389,5542
1110,304.25,3161,True,384,5550
1111,306.1,3161,True,325,5557
1112,104.70000000000002,1129,False,106,5560
1113,158.55,1670,False,149,5563
1114,305.05,3161,True,343,5570
1115,159.60000000000002,1678,False,147,5573
1116,305.20000000000005,3161,True,324,5580
1117,168.55,1782,False,213,5585
1118,303.4,3161,True,484,5595
1119,303.80000000000007,3161,True,314,5602
1120,170.00000000000003,1789,False,161,5606
1121,264.65,2760,False,267,5612
1122,305.05000000000007,3161,True,337,5619
1123,106.00000000000003,1151,False,143,5622
1124,237.4,2472,False,237,5627
1125,134.5,1433,False,128,5630
1126,186.95000000000002,1959,False,172,5634
1127,186.75,1955,False,186,5638
1128,186.3,1958,False,189,5642
1129,186.50000000000003,1963,False,176,5646
1130,304.95000000000005,3161,True,346,5653
1131,134.85000000000002,1434,False,129,5656
1132,237.20000000000002,2472,False,246,5661
1133,237.00000000000003,2471,False,226,5666
1134,105.30000000000001,1130,False,108,5669
1135,158.45000000000002,1676,False,157,5673
1136,305.70000000000005,3161,True,323,5680
1137,134.95000000000002,1435,False,130,5683
1138,305.0,3161,True,327,5690
1139,237.60000000000002,2474,False,236,5695
1140,134.45000000000002,1435,False,153,5699
1141,236.3,2471,False,262,5705
1142,305.70000000000005,3161,True,321,5712
1143,304.75,3161,True,359,5720
1144,184.75000000000003,1940,False,194,5724
1145,237.70000000000002,2471,False,244,5729
1146,304.54999999999995,3161,True,345,5736
1147,305.20000000000005,3161,True,348,5743
1148,306.15,3161,True,310,5750
1149,168.9,1780,False,170,5754
1150,305.7,3161,True,322,5761
1151,134.25,1433,False,128,5764
1152,306.59999999999997,3161,True,351,5772
1153,235.70000000000002,2471,False,243,5777
1154,134.60000000000002,1434,False,129,5780
1155,134.60000000000002,1434,False,150,5783
1156,60.60000000000001,680,False,85,5785
1157,171.3,1797,False,157,5789
1158,305.4500000000001,3161,True,316,5796
1159,24.099999999999998,312,False,28,5797
1160,304.85,3161,True,379,5805
1161,305.8,3161,True,343,5812
1162,169.10000000000002,1785,False,163,5816
1163,305.1,3161,True,350,5823
1164,306.35,3161,True,330,5830
1165,158.0,1674,False,183,5834
1166,304.70000000000005,3161,True,349,5841
1167,157.85000000000002,1669,False,152,5845
1168,24.450000000000003,315,False,27,5846
1169,135.5,1434,False,135,5849
1170,306.3,3161,True,341,5856
1171,185.85000000000002,1957,False,190,5860
1172,192.9,2027,False,177,5864
1173,134.75,1433,False,128,5867
1174,24.900000000000002,312,False,27,5868
1175,105.00000000000003,1128,False,112,5871
1176,236.45000000000005,2470,False,264,5877
1177,134.60000000000002,1434,False,129,5880
1178,170.9,1795,False,166,5884
1179,22.850000000000005,300,False,31,5885
1180,306.65000000000003,3161,True,339,5892
1181,186.85000000000002,1963,False,174,5896
1182,158.35000000000002,1673,False,148,5899
1183,305.84999999999997,3161,True,305,5906
1184,305.80000000000007,3161,True,319,5913
1185,304.75000000000006,3161,True,383,5921
1186,134.95000000000002,1435,False,129,5924
1187,157.8,1658,False,194,5928
1188,142.3,1523,False,135,5931
1189,237.35000000000002,2473,False,231,5936
1190,104.75000000000001,1128,False,112,5939
1191,305.85,3161,True,328,5946
1192,134.75,1433,False,128,5949
1193,305.95000000000005,3161,True,323,5956
1194,236.55000000000004,2472,False,242,5961
1195,105.20000000000002,1129,False,106,5964
1196,142.8,1512,False,139,5967
1197,305.75,3161,True,335,5974
1198,134.85000000000002,1434,False,130,5977
1199,193.85000000000002,2023,False,200,5981
1200,234.85000000000002,2468,False,257,5987
1201,172.20000000000002,1804,False,174,5991
1202,134.25,1433,False,130,5994
1203,306.04999999999995,3161,True,318,6001
1204,22.600000000000005,300,False,31,6002
1205,306.75000000000006,3161,True,334,6009
1206,168.95000000000002,1789,False,171,6013
1207,236.90000000000003,2472,False,237,6018
1208,236.30000000000004,2470,False,306,6025
1209,22.9,306,False,28,6026
1210,135.70000000000002,1435,False,129,6029
1211,171.75,1799,False,158,6033
1212,170.25,1796,False,174,6037
1213,104.50000000000001,1127,False,107,6040
1214,187.00000000000003,1955,False,188,6044
1215,104.00000000000001,1127,False,107,6047
1216,308.1,3161,True,403,6056
1217,233.00000000000006,2471,False,252,6062
1218,171.85000000000002,1808,False,178,6066
1219,236.55000000000004,2474,False,252,6072
1220,168.20000000000005,1777,False,165,6076
1221,143.0,1514,False,139,6079
1222,306.00000000000006,3161,True,309,6086
1223,105.20000000000002,1129,False,106,6089
1224,134.85000000000002,1434,False,127,6092
1225,306.70000000000005,3161,True,347,6099
1226,304.0,3161,True,358,6107
1227,236.55,2473,False,247,6112
1228,236.85000000000002,2471,False,247,6117
1229,306.1,3161,True,305,6124
1230,305.75,3161,True,333,6131
1231,305.1,3161,True,329,6138
1232,135.20000000000002,1435,False,130,6141
1233,105.00000000000001,1127,False,107,6144
1234,264.90000000000003,2764,False,335,6151
1235,303.9,3161,True,361,6159
1236,171.00000000000003,1795,False,187,6163
1237,103.5,1129,False,140,6166
1238,107.0,1150,False,115,6169
1239,186.90000000000003,1960,False,174,6173
1240,236.25000000000003,2469,False,268,6179
1241,170.1,1790,False,168,6183
1242,236.05,2471,False,263,6189
1243,187.8,1963,False,185,6193
1244,304.4000000000001,3161,True,363,6201
1245,305.15000000000003,3161,True,336,6208
1246,186.55000000000004,1960,False,173,6212
1247,306.15000000000003,3161,True,314,6219
1248,142.75,1515,False,139,6222
1249,305.35,3161,True,351,6230
1250,305.90000000000003,3161,True,314,6237
1251,237.3,2470,False,284,6243
1252,304.1,3161,True,327,6250
1253,134.85000000000002,1434,False,129,6253
1254,237.10000000000002,2473,False,233,6258
1255,305.40000000000003,3161,True,337,6265
1256,237.0,2471,False,229,6270
1257,24.400000000000002,312,False,27,6271
1258,236.70000000000002,2473,False,279,6277
1259,237.35000000000002,2472,False,226,6282
1260,236.10000000000002,2469,False,270,6288
1261,236.70000000000005,2469,False,231,6293
1262,305.90000000000003,3161,True,307,6300
1263,169.70000000000002,1792,False,168,6304
1264,132.35000000000002,1408,False,130,6307
1265,236.75000000000003,2471,False,253,6313
1266,236.75000000000003,2472,False,256,6319
1267,134.3,1431,False,129,6322
1268,135.20000000000002,1435,False,129,6325
1269,305.75000000000006,3161,True,333,6332
1270,305.75,3161,True,335,6339
1271,305.65000000000003,3161,True,311,6346
1272,304.65000000000003,3161,True,363,6354
1273,305.9,3161,True,339,6361
1274,186.60000000000002,1958,False,173,6365
1275,104.55,1130,False,106,6368
1276,306.20000000000005,3161,True,318,6375
1277,236.20000000000002,2471,False,242,6380
1278,186.35000000000002,1959,False,177,6384
1279,143.8,1523,False,135,6387
1280,305.40000000000003,3161,True,337,6394
1281,144.0,1525,False,137,6397
1282,237.8,2470,False,260,6403
1283,185.20000000000002,1959,False,172,6407
1284,305.2,3161,True,349,6414
1285,187.5,1960,False,188,6418
1286,133.45000000000002,1435,False,151,6422
1287,170.05,1786,False,161,6426
1288,236.70000000000002,2470,False,239,6431
1289,135.0,1433,False,128,6434
1290,307.1,3161,True,328,6441
1291,303.8,3161,True,368,6449
1292,192.70000000000002,2026,False,185,6453
1293,135.20000000000002,1435,False,128,6456
1294,135.0,1433,False,130,6459
1295,236.5,2470,False,250,6464
1296,304.95000000000005,3161,True,320,6471
1297,236.4,2470,False,258,6477
1298,236.80000000000004,2473,False,249,6482
1299,170.20000000000002,1781,False,163,6486
1300,104.55000000000001,1130,False,106,6489
1301,237.75,2474,False,266,6495
1302,235.55000000000004,2472,False,242,6500
1303,105.20000000000002,1128,False,106,6503
1304,24.700000000000003,315,False,27,6504
1305,185.3,1941,False,177,6508
1306,306.4000000000001,3161,True,312,6515
1307,187.3,1963,False,185,6519
1308,133.8,1435,False,149,6522
1309,188.10000000000002,1962,False,194,6526
1310,304.0,3161,True,332,6533
1311,104.0,1127,False,131,6536
1312,237.00000000000003,2472,False,259,6542
1313,170.0,1791,False,178,6546
1314,170.25,1788,False,160,6550
1315,304.3,3161,True,416,6559
1316,236.50000000000006,2476,False,246,6564
1317,169.20000000000002,1781,False,164,6568
1318,236.40000000000003,2468,False,246,6573
1319,234.60000000000002,2470,False,347,6580
1320,237.5,2469,False,250,6585
1321,103.75000000000001,1127,False,107,6588
1322,63.650000000000006,711,False,71,6590
1323,135.25,1433,False,128,6593
1324,305.75000000000006,3161,True,335,6600
1325,305.05,3161,True,314,6607
1326,62.400000000000006,700,False,66,6609
1327,169.05000000000004,1774,False,171,6613
1328,305.6,3161,True,327,6620
1329,134.75,1433,False,128,6623
1330,236.35000000000002,2470,False,245,6628
1331,304.35,3161,True,405,6637
1332,185.75000000000003,1948,False,178,6641
1333,304.95,3161,True,374,6649
1334,134.40000000000003,1433,False,134,6652
1335,193.70000000000002,2018,False,192,6656
1336,23.099999999999998,314,False,28,6657
1337,135.70000000000002,1435,False,128,6660
1338,170.2,1794,False,177,6664
1339,233.50000000000006,2470,False,398,6672
1340,171.35000000000002,1795,False,165,6676
1341,236.85000000000002,2473,False,260,6682
1342,170.25,1799,False,158,6686
1343,60.25000000000001,679,False,57,6688
1344,135.5,1433,False,128,6691
1345,135.0,1433,False,128,6694
1346,303.95000000000005,3161,True,394,6702
1347,187.35000000000002,1963,False,174,6706
1348,134.5,1433,False,128,6709
1349,306.3,3161,True,317,6716
1350,134.85000000000002,1434,False,129,6719
1351,193.5,2021,False,194,6723
1352,168.45000000000002,1782,False,173,6727
1353,134.95000000000002,1435,False,129,6730
1354,170.15,1787,False,162,6734
1355,304.40000000000003,3161,True,361,6742
1356,237.50000000000003,2470,False,246,6747
1357,304.85,3161,True,328,6754
1358,62.95,708,False,70,6756
1359,305.6,3161,True,349,6763
1360,193.5,2024,False,183,6767
1361,133.75,1433,False,128,6770
1362,306.1,3161,True,325,6777
1363,305.9,3161,True,314,6784
1364,236.8,2469,False,234,6789
1365,304.7,3161,True,373,6797
1366,236.55,2472,False,244,6802
1367,305.25,3161,True,330,6809
1368,305.35,3161,True,350,6816
1369,237.5,2476,False,229,6821
1370,305.3,3161,True,342,6828
1371,305.09999999999997,3161,True,353,6836
1372,104.80000000000003,1130,False,106,6839
1373,237.35000000000002,2471,False,230,6844
1374,304.05,3161,True,393,6852
1375,169.90000000000003,1791,False,176,6856
1376,305.55,3161,True,344,6863
1377,305.25000000000006,3161,True,334,6870
1378,135.0,1433,False,128,6873
1379,134.70000000000002,1433,False,140,6876
1380,236.95000000000002,2471,False,243,6881
1381,134.75,1433,False,128,6884
1382,306.40000000000003,3161,True,313,6891
1383,236.45000000000002,2473,False,253,6897
1384,236.70000000000005,2471,False,244,6902
1385,305.20000000000005,3161,True,345,6909
1386,305.6,3161,True,327,6916
1387,305.40000000000003,3161,True,340,6923
1388,134.95000000000002,1435,False,130,6926
1389,305.0,3161,True,358,6934
1390,105.20000000000002,1128,False,106,6937
1391,306.2,3161,True,323,6944
1392,305.45,3161,True,324,6951
1393,171.5,1799,False,158,6955
1394,305.0,3161,True,332,6962
1395,305.1,3161,True,355,6970
1396,306.1,3161,True,302,6977
1397,236.8,2473,False,247,6982
1398,170.0,1788,False,161,6986
1399,305.4,3161,True,339,6993
1400,305.6,3161,True,330,7000
1401,304.50000000000006,3161,True,354,7008
1402,169.05000000000004,1781,False,163,7012
1403,305.7,3161,True,350,7019
1404,184.75,1942,False,177,7023
1405,133.8,1435,False,174,7027
1406,24.950000000000003,315,False,27,7028
1407,307.1500000000001,3161,True,336,7035
1408,191.65,2018,False,181,7039
1409,305.15000000000003,3161,True,336,7046
1410,305.5,3161,True,330,7053
1411,195.5,2045,False,188,7057
1412,304.80000000000007,3161,True,341,7064
1413,305.6,3161,True,330,7071
1414,169.75000000000003,1788,False,163,7075
1415,135.25,1433,False,128,7078
1416,169.9,1789,False,162,7082
1417,236.10000000000002,2470,False,293,7088
1418,170.25,1799,False,158,7092
1419,305.55,3161,True,340,7099
1420,305.2,3161,True,347,7106
1421,237.70000000000002,2471,False,245,7111
1422,304.3,3161,True,345,7118
1423,170.8,1797,False,157,7122
1424,306.40000000000003,3161,True,289,7128
1425,305.29999999999995,3161,True,310,7135
1426,170.10000000000002,1790,False,162,7139
1427,304.95000000000005,3161,True,346,7146
1428,135.0,1433,False,129,7149
1429,169.9,1788,False,162,7153
1430,170.15,1787,False,161,7157
1431,194.45000000000002,2028,False,191,7161
1432,234.25,2470,False,271,7167
1433,135.15,1435,False,143,7170
1434,187.65,1972,False,179,7174
1435,193.50000000000003,2024,False,181,7178
1436,60.50000000000001,684,False,82,7180
1437,133.70000000000002,1418,False,130,7183
1438,305.45,3161,True,350,7190
1439,135.0,1433,False,128,7193
1440,305.85,3161,True,326,7200
1441,306.1,3161,True,328,7207
1442,170.70000000000002,1802,False,166,7211
1443,305.00000000000006,3161,True,331,7218
1444,237.65,2471,False,236,7223
1445,104.50000000000001,1127,False,107,7226
1446,236.75000000000003,2471,False,257,7232
1447,193.75,2026,False,193,7236
1448,169.60000000000002,1795,False,159,7240
1449,105.10000000000002,1127,False,105,7243
1450,237.75,2475,False,249,7248
1451,170.25,1802,False,174,7252
1452,135.0,1433,False,128,7255
1453,135.20000000000002,1435,False,129,7258
1454,135.10000000000002,1434,False,128,7261
1455,135.0,1433,False,128,7264
1456,186.65000000000003,1957,False,201,7269
1457,305.45,3161,True,323,7276
1458,170.75,1799,False,158,7280
1459,305.15000000000003,3161,True,338,7287
1460,306.59999999999997,3161,True,304,7294
1461,304.90000000000003,3161,True,339,7301
1462,305.95000000000005,3161,True,321,7308
1463,184.8,1940,False,177,7312
1464,135.20000000000002,1435,False,128,7315
1465,158.70000000000002,1678,False,165,7319
1466,106.20000000000002,1150,False,128,7322
1467,306.00000000000006,3161,True,304,7329
1468,305.85,3161,True,330,7336
1469,304.75000000000006,3161,True,360,7344
1470,305.40000000000003,3161,True,337,7351
1471,134.75,1433,False,128,7354
1472,305.85,3161,True,327,7361
1473,134.75,1433,False,128,7364
1474,306.25,3161,True,310,7371
1475,237.10000000000002,2474,False,240,7376
1476,167.95000000000002,1773,False,171,7380
1477,305.34999999999997,3161,True,329,7387
1478,135.25,1433,False,128,7390
1479,266.05,2763,False,285,7396
1480,304.65000000000003,3161,True,337,7403
1481,302.75000000000006,3161,True,459,7413
1482,304.80000000000007,3161,True,339,7420
1483,171.0,1793,False,158,7424
1484,304.65000000000003,3161,True,339,7431
1485,306.00000000000006,3161,True,304,7438
1486,104.60000000000001,1127,False,105,7441
1487,169.55,1782,False,163,7445
1488,158.45000000000002,1674,False,149,7448
1489,305.3500000000001,3161,True,354,7456
1490,236.80000000000004,2469,False,228,7461
1491,169.35000000000002,1785,False,167,7465
1492,306.50000000000006,3161,True,310,7472
1493,169.65,1787,False,161,7476
1494,237.15,2473,False,241,7481
1495,305.4,3161,True,314,7488
1496,132.95000000000002,1409,False,129,7491
1497,305.4,3161,True,339,7498
1498,305.75,3161,True,335,7505
1499,236.10000000000005,2472,False,252,7511
1500,169.90000000000003,1788,False,161,7515
1501,193.95000000000005,2026,False,182,7519
1502,23.950000000000003,315,False,27,7520
1503,170.75000000000003,1789,False,164,7524
1504,306.1,3161,True,305,7531
1505,185.5,1951,False,193,7535
1506,236.75000000000003,2471,False,251,7541
1507,305.1,3161,True,376,7549
1508,304.90000000000003,3161,True,336,7556
1509,168.70000000000002,1788,False,194,7560
1510,169.65,1782,False,163,7564
1511,305.8,3161,True,319,7571
1512,305.95,3161,True,324,7578
1513,134.5,1433,False,128,7581
1514,135.0,1433,False,128,7584
1515,306.15000000000003,3161,True,334,7591
1516,184.75000000000003,1949,False,181,7595
1517,134.25,1433,False,154,7599
1518,305.70000000000005,3161,True,375,7607
1519,304.09999999999997,3161,True,351,7615
1520,304.55000000000007,3161,True,368,7623
1521,185.05,1941,False,177,7627
1522,194.15000000000003,2024,False,189,7631
1523,304.55,3161,True,316,7638
1524,262.90000000000003,2747,False,302,7645
1525,305.6,3161,True,328,7652
1526,305.75000000000006,3161,True,332,7659
1527,237.25,2471,False,229,7664
1528,134.45000000000002,1435,False,128,7667
1529,237.65000000000003,2477,False,233,7672
1530,135.20000000000002,1435,False,130,7675
1531,304.5,3161,True,382,7683
1532,305.50000000000006,3161,True,333,7690
1533,134.95000000000002,1435,False,128,7693
1534,237.05,2471,False,245,7698
1535,236.05,2469,False,255,7704
1536,304.65000000000003,3161,True,388,7712
1537,134.9,1433,False,134,7715
1538,168.15000000000003,1783,False,209,7720
1539,236.20000000000002,2473,False,304,7727
1540,304.85,3161,True,352,7735
1541,24.349999999999998,312,False,28,7736
1542,306.45000000000005,3161,True,324,7743
1543,304.90000000000003,3161,True,363,7751
1544,170.9,1795,False,190,7755
1545,185.65,1960,False,171,7759
1546,169.15,1780,False,172,7763
1547,157.55,1666,False,153,7767
1548,169.3,1778,False,172,7771
1549,305.75000000000006,3161,True,335,7778
1550,195.45000000000002,2045,False,179,7782
1551,236.20000000000002,2470,False,239,7787
1552,305.0,3161,True,358,7795
1553,305.5,3161,True,333,7802
1554,303.1,3161,True,397,7810
1555,306.0,3161,True,334,7817
1556,235.90000000000003,2471,False,258,7823
1557,306.0,3161,True,306,7830
1558,135.0,1433,False,128,7833
1559,192.80000000000004,2014,False,196,7837
1560,59.35000000000001,675,False,57,7839
1561,144.05,1523,False,135,7842
1562,264.25,2763,False,328,7849
1563,158.55,1675,False,148,7852
1564,306.55,3161,True,345,7859
1565,304.65000000000003,3161,True,336,7866
1566,305.90000000000003,3161,True,312,7873
1567,306.15,3161,True,333,7880
1568,192.15000000000003,2025,False,192,7884
1569,305.3500000000001,3161,True,302,7891
1570,236.8,2471,False,237,7896
1571,144.95000000000002,1532,False,142,7899
1572,305.45,3161,True,324,7906
1573,170.30000000000004,1795,False,175,7910
1574,304.8,3161,True,367,7918
1575,304.95,3161,True,349,7925
1576,186.60000000000002,1958,False,172,7929
1577,306.25,3161,True,310,7936
1578,305.40000000000003,3161,True,340,7943
1579,132.45000000000002,1409,False,129,7946
1580,305.75,3161,True,334,7953
1581,24.349999999999998,314,False,28,7954
1582,306.40000000000003,3161,True,312,7961
1583,157.60000000000002,1664,False,155,7965
1584,170.60000000000002,1795,False,166,7969
1585,303.1,3161,True,454,7979
1586,305.75,3161,True,333,7986
1587,135.10000000000002,1435,False,130,7989
1588,236.15000000000003,2470,False,253,7995
1589,135.10000000000002,1434,False,151,7999
1590,305.30000000000007,3161,True,320,8006
1591,305.09999999999997,3161,True,352,8014
1592,105.10000000000001,1127,False,105,8017
1593,264.6,2749,False,277,8023
1594,235.75,2473,False,286,8029
1595,304.55,3161,True,394,8037
1596,23.599999999999998,312,False,28,8038
1597,187.15000000000003,1962,False,204,8043
1598,305.5,3161,True,331,8050
1599,305.55,3161,True,316,8057
1600,63.45000000000001,707,False,73,8059
1601,133.20000000000002,1409,False,128,8062
1602,169.15000000000003,1783,False,163,8066
1603,235.90000000000003,2469,False,298,8072
1604,304.80000000000007,3161,True,341,8079
1605,305.6,3161,True,328,8086
1606,187.05,1960,False,172,8090
1607,158.0,1668,False,152,8094
1608,134.5,1433,False,128,8097
1609,305.55,3161,True,344,8104
1610,305.70000000000005,3161,True,321,8111
1611,107.40000000000002,1153,False,106,8114
1612,170.35000000000002,1789,False,162,8118
1613,144.00000000000003,1525,False,136,8121
1614,143.95000000000002,1527,False,137,8124
1615,171.75000000000003,1799,False,159,8128
1616,304.70000000000005,3161,True,319,8135
1617,134.75,1433,False,128,8138
1618,171.25,1800,False,167,8142
1619,171.0,1799,False,158,8146
1620,170.15000000000003,1794,False,186,8150
1621,133.20000000000002,1418,False,130,8153
1622,185.75000000000003,1947,False,177,8157
1623,306.05,3161,True,317,8164
1624,156.80000000000004,1661,False,154,8168
1625,135.10000000000002,1435,False,131,8171
1626,194.55,2023,False,188,8175
1627,235.3,2473,False,246,8180
1628,134.75,1433,False,128,8183
1629,168.75,1774,False,167,8187
1630,192.0,2020,False,211,8192
1631,305.15000000000003,3161,True,337,8199
1632,231.20000000000005,2471,False,518,8210
1633,236.60000000000002,2470,False,242,8215
1634,170.15,1790,False,171,8219
1635,305.75000000000006,3161,True,332,8226
1636,304.2,3161,True,367,8234
1637,305.3,3161,True,341,8241
1638,304.34999999999997,3161,True,351,8249
1639,236.45000000000002,2471,False,292,8255
1640,305.55,3161,True,320,8262
1641,304.65,3161,True,364,8270
1642,171.35000000000002,1801,False,166,8274
1643,104.75000000000001,1127,False,107,8277
1644,305.85,3161,True,328,8284
1645,305.55,3161,True,318,8291
1646,305.75000000000006,3161,True,334,8298
1647,187.89999999999998,1966,False,199,8302
1648,167.8,1777,False,165,8306
1649,305.7,3161,True,321,8313
1650,104.60000000000001,1128,False,107,8316
1651,170.25000000000003,1788,False,162,8320
1652,142.70000000000002,1512,False,140,8323
1653,132.60000000000002,1408,False,129,8326
1654,306.25,3161,True,358,8334
1655,235.95000000000002,2472,False,221,8339
1656,305.95000000000005,3161,True,322,8346
1657,237.50000000000003,2472,False,257,8352
1658,131.70000000000002,1409,False,129,8355
1659,236.75000000000003,2472,False,234,8360
1660,305.75,3161,True,334,8367
1661,193.3,2018,False,191,8371
1662,307.55,3161,True,344,8378
1663,232.90000000000003,2469,False,249,8383
1664,305.65000000000003,3161,True,335,8390
1665,305.3,3161,True,345,8397
1666,236.20000000000002,2470,False,268,8403
1667,134.85000000000002,1434,False,129,8406
1668,305.9,3161,True,338,8413
1669,236.75,2474,False,243,8418
1670,305.25000000000006,3161,True,331,8425
1671,237.35000000000002,2473,False,231,8430
1672,64.9,722,False,68,8432
1673,305.75,3161,True,331,8439
1674,306.15000000000003,3161,True,315,8446
1675,142.20000000000002,1507,False,145,8449
1676,236.95000000000002,2474,False,233,8454
1677,304.95000000000005,3161,True,373,8462
1678,185.9,1954,False,190,8466
1679,24.349999999999998,314,False,28,8467
1680,236.60000000000002,2470,False,265,8473
1681,237.25,2471,False,230,8478
1682,134.60000000000002,1434,False,129,8481
1683,236.80000000000004,2471,False,261,8487
1684,306.05,3161,True,320,8494
1685,104.20000000000002,1125,False,111,8497
1686,105.00000000000001,1127,False,107,8500
1687,306.1,3161,True,330,8507
1688,236.95000000000005,2471,False,245,8512
1689,304.65000000000003,3161,True,336,8519
1690,306.95000000000005,3161,True,297,8525
1691,305.15,3161,True,307,8532
1692,134.40000000000003,1432,False,130,8535
1693,170.10000000000002,1790,False,160,8539
1694,305.2,3161,True,348,8546
1695,186.40000000000003,1944,False,196,8550
1696,235.15000000000003,2469,False,253,8556
1697,236.60000000000002,2470,False,248,8561
1698,186.20000000000002,1961,False,180,8565
1699,171.9,1798,False,158,8569
1700,186.40000000000003,1962,False,184,8573
1701,184.55,1940,False,177,8577
1702,170.55,1791,False,160,8581
1703,142.15000000000003,1510,False,147,8584
1704,306.25,3161,True,331,8591
1705,236.55,2469,False,228,8596
1706,104.50000000000001,1127,False,107,8599
1707,306.25,3161,True,308,8606
1708,237.5,2476,False,247,8611
1709,304.3,3161,True,340,8618
1710,304.95000000000005,3161,True,370,8626
1711,305.55,3161,True,313,8633
1712,237.15,2472,False,244,8638
1713,305.8,3161,True,315,8645
1714,193.15,2027,False,177,8649
1715,237.10000000000002,2472,False,229,8654
1716,305.45,3161,True,325,8661
1717,237.25,2474,False,244,8666
1718,134.45000000000002,1434,False,148,8669
1719,24.400000000000002,311,False,27,8670
1720,144.05,1523,False,135,8673
1721,306.70000000000005,3161,True,298,8679
1722,304.6,3161,True,348,8686
1723,305.2,3161,True,346,8693
1724,305.35,3161,True,327,8700
1725,236.20000000000005,2469,False,259,8706
1726,305.75000000000006,3161,True,331,8713
1727,304.75,3161,True,352,8721
1728,305.80000000000007,3161,True,320,8728
1729,186.30000000000004,1960,False,173,8732
1730,236.10000000000002,2469,False,262,8738
1731,305.6,3161,True,328,8745
1732,159.0,1677,False,148,8748
1733,134.90000000000003,1433,False,135,8751
1734,195.95000000000005,2044,False,199,8755
1735,168.60000000000002,1781,False,167,8759
1736,134.25,1433,False,128,8762
1737,237.4,2473,False,243,8767
1738,306.0,3161,True,307,8774
1739,158.60000000000002,1678,False,149,8777
1740,305.15,3161,True,361,8785
1741,265.45,2760,False,254,8791
1742,305.0,3161,True,331,8798
1743,170.85,1792,False,173,8802
1744,305.3,3161,True,318,8809
1745,236.45000000000005,2471,False,244,8814
1746,305.95,3161,True,324,8821
1747,305.65,3161,True,313,8828
1748,169.75000000000003,1785,False,168,8832
1749,308.6,3161,True,352,8840
1750,233.60000000000002,2472,False,229,8845
1751,236.9,2473,False,243,8850
1752,305.50000000000006,3161,True,332,8857
1753,236.85000000000002,2469,False,243,8862
1754,104.7,1129,False,105,8865
1755,169.55,1782,False,166,8869
1756,305.70000000000005,3161,True,324,8876
1757,134.65,1432,False,129,8879
1758,305.45,3161,True,348,8886
1759,305.6,3161,True,328,8893
1760,185.55,1951,False,179,8897
1761,305.95,3161,True,321,8904
1762,168.65,1779,False,170,8908
1763,306.20000000000005,3161,True,300,8914
1764,236.50000000000003,2472,False,256,8920
1765,187.75000000000003,1965,False,185,8924
1766,23.950000000000003,315,False,27,8925
1767,306.8,3161,True,316,8932
1768,169.70000000000002,1797,False,213,8937
1769,305.25000000000006,3161,True,333,8944
1770,193.15000000000003,2024,False,188,8948
1771,305.25000000000006,3161,True,332,8955
1772,237.05000000000004,2473,False,222,8960
1773,135.0,1433,False,128,8963
1774,305.95000000000005,3161,True,323,8970
1775,169.80000000000004,1788,False,188,8974
1776,193.25000000000003,2026,False,192,8978
1777,235.90000000000003,2473,False,241,8983
1778,186.25,1952,False,172,8987
1779,158.35000000000002,1673,False,148,8990
1780,237.00000000000003,2474,False,244,8995
1781,104.75000000000001,1127,False,107,8998
1782,171.20000000000002,1796,False,159,9002
1783,186.1,1953,False,196,9006
1784,186.60000000000002,1964,False,176,9010
1785,185.75,1954,False,185,9014
1786,236.85000000000002,2471,False,246,9019
1787,236.20000000000005,2469,False,237,9024
1788,305.8,3161,True,344,9031
1789,305.45000000000005,3161,True,345,9038
1790,235.75,2468,False,240,9043
1791,135.35000000000002,1435,False,131,9046
1792,142.60000000000002,1511,False,145,9049
1793,24.700000000000003,315,False,27,9050
1794,135.70000000000002,1435,False,129,9053
1795,186.70000000000002,1958,False,172,9057
1796,235.80000000000004,2469,False,284,9063
1797,237.10000000000002,2472,False,257,9069
1798,134.45000000000002,1435,False,129,9072
1799,135.45000000000002,1435,False,129,9075
1800,237.3,2471,False,239,9080
1801,236.20000000000002,2472,False,247,9085
1802,305.65000000000003,3161,True,339,9092
1803,142.8,1512,False,139,9095
1804,171.0,1799,False,158,9099
1805,305.25,3161,True,334,9106
1806,305.05,3161,True,368,9114
1807,304.85,3161,True,325,9121
1808,169.9,1783,False,172,9125
1809,168.2,1787,False,225,9130
1810,305.6,3161,True,326,9137
1811,135.20000000000002,1435,False,128,9140
1812,305.40000000000003,3161,True,365,9148
1813,186.3,1960,False,172,9152
1814,171.75,1799,False,158,9156
1815,134.25,1434,False,134,9159
1816,237.2,2469,False,263,9165
1817,304.75,3161,True,331,9172
1818,236.45,2473,False,251,9178
1819,237.45000000000002,2471,False,268,9184
1820,131.05,1409,False,150,9187
1821,306.25,3161,True,308,9194
1822,184.90000000000003,1944,False,186,9198
1823,305.5,3161,True,332,9205
1824,192.85000000000002,2026,False,188,9209
1825,305.15000000000003,3161,True,338,9216
1826,132.65,1408,False,137,9219
1827,306.0,3161,True,331,9226
1828,170.10000000000002,1796,False,169,9230
1829,169.45000000000002,1786,False,162,9234
1830,306.4,3161,True,315,9241
1831,305.50000000000006,3161,True,332,9248
1832,143.15,1521,False,149,9251
1833,105.30000000000001,1130,False,107,9254
1834,304.8,3161,True,368,9262
1835,236.85000000000002,2469,False,237,9267
1836,171.3,1796,False,159,9271
1837,305.4,3161,True,312,9278
1838,305.6,3161,True,329,9285
1839,143.35000000000002,1521,False,135,9288
1840,106.85000000000002,1149,False,105,9291
1841,237.4,2476,False,253,9297
1842,305.25000000000006,3161,True,330,9304
1843,305.20000000000005,3161,True,344,9311
1844,264.75,2754,False,259,9317
1845,131.85000000000002,1408,False,129,9320
1846,305.50000000000006,3161,True,325,9327
1847,192.55000000000004,2014,False,197,9331
1848,304.5,3161,True,333,9338
1849,306.0,3161,True,331,9345
1850,235.60000000000002,2471,False,271,9351
1851,235.45000000000005,2472,False,347,9358
1852,104.05000000000001,1130,False,108,9361
1853,265.3,2759,False,266,9367
1854,305.6,3161,True,327,9374
1855,236.70000000000002,2471,False,242,9379
1856,237.05,2471,False,240,9384
1857,236.15000000000003,2471,False,257,9390
1858,304.9,3161,True,331,9397
1859,305.8,3161,True,319,9404
1860,143.35000000000002,1521,False,135,9407
1861,135.0,1433,False,128,9410
1862,237.50000000000003,2469,False,246,9415
1863,265.15,2761,False,254,9421
1864,304.45000000000005,3161,True,349,9428
1865,305.59999999999997,3161,True,329,9435
1866,237.45000000000002,2474,False,231,9440
1867,62.60000000000001,703,False,74,9442
1868,306.05,3161,True,315,9449
1869,24.700000000000003,315,False,27,9450
1870,135.5,1433,False,128,9453
1871,265.7,2769,False,275,9459
1872,143.60000000000002,1521,False,135,9462
1873,305.5,3161,True,331,9469
1874,305.65000000000003,3161,True,337,9476
1875,306.0,3161,True,335,9483
1876,186.85000000000002,1959,False,178,9487
1877,304.65000000000003,3161,True,340,9494
1878,236.75000000000003,2473,False,237,9499
1879,305.25000000000006,3161,True,326,9506
1880,134.5,1433,False,128,9509
1881,236.85000000000002,2468,False,238,9514
1882,65.05,722,False,73,9516
1883,236.65000000000003,2469,False,247,9521
1884,170.10000000000002,1788,False,183,9525
1885,134.25,1433,False,129,9528
1886,305.7,3161,True,346,9535
1887,169.9,1788,False,162,9539
1888,169.9,1789,False,162,9543
1889,143.3,1524,False,143,9546
1890,236.75000000000006,2472,False,258,9552
1891,24.599999999999998,314,False,28,9553
1892,135.5,1433,False,128,9556
1893,305.55,3161,True,344,9563
1894,24.349999999999998,314,False,28,9564
1895,170.85000000000002,1789,False,162,9568
1896,305.35,3161,True,325,9575
1897,143.60000000000002,1521,False,135,9578
1898,305.3,3161,True,416,9587
1899,168.15,1786,False,170,9591
1900,143.55,1523,False,135,9594
1901,304.90000000000003,3161,True,335,9601
1902,143.55,1523,False,135,9604
1903,237.9,2475,False,222,9609
1904,134.70000000000002,1435,False,130,9612
1905,63.900000000000006,711,False,72,9614
1906,169.85000000000002,1786,False,170,9618
1907,305.65000000000003,3161,True,336,9625
1908,24.450000000000003,315,False,27,9626
1909,305.74999999999994,3161,True,358,9634
1910,134.75000000000003,1433,False,129,9637
1911,24.599999999999998,314,False,28,9638
1912,305.50000000000006,3161,True,357,9646
1913,169.70000000000002,1787,False,163,9650
1914,142.55,1512,False,139,9653
1915,306.15,3161,True,311,9660
1916,305.8,3161,True,343,9667
1917,24.099999999999998,313,False,28,9668
1918,307.05000000000007,3161,True,295,9674
1919,306.05,3161,True,316,9681
1920,235.10000000000002,2474,False,287,9687
1921,194.0,2024,False,182,9691
1922,304.95,3161,True,324,9698
1923,170.25,1788,False,160,9702
1924,134.5,1433,False,128,9705
1925,306.95,3161,True,322,9712
1926,237.55000000000004,2471,False,245,9717
1927,157.35000000000002,1673,False,148,9720
1928,142.3,1512,False,140,9723
1929,187.9,1968,False,205,9728
1930,134.5,1433,False,128,9731
1931,305.20000000000005,3161,True,345,9738
1932,104.50000000000001,1127,False,107,9741
1933,307.0,3161,True,308,9748
1934,170.0,1788,False,160,9752
1935,133.85000000000002,1430,False,133,9755
1936,135.45000000000002,1435,False,129,9758
1937,169.8,1788,False,161,9762
1938,134.95000000000002,1435,False,128,9765
1939,305.45000000000005,3161,True,346,9772
1940,236.8,2473,False,248,9777
1941,305.3,3161,True,343,9784
1942,169.5,1790,False,195,9788
1943,305.20000000000005,3161,True,349,9795
1944,305.65000000000003,3161,True,340,9802
1945,305.25000000000006,3161,True,359,9810
1946,236.9,2472,False,238,9815
1947,236.0,2471,False,252,9821
1948,186.3,1960,False,224,9826
1949,305.55,3161,True,317,9833
1950,305.1000000000001,3161,True,351,9841
1951,134.25,1433,False,128,9844
1952,236.95000000000002,2472,False,247,9849
1953,170.8,1791,False,161,9853
1954,236.15000000000003,2471,False,257,9859
1955,104.75000000000001,1127,False,107,9862
1956,306.25000000000006,3161,True,305,9869
1957,305.45,3161,True,316,9876
1958,304.90000000000003,3161,True,333,9883
1959,305.25000000000006,3161,True,335,9890
1960,304.5,3161,True,356,9898
1961,236.70000000000002,2469,False,237,9903
1962,169.85,1782,False,171,9907
1963,134.85000000000002,1435,False,133,9910
1964,305.55,3161,True,316,9917
1965,134.9,1435,False,145,9920
1966,185.25000000000003,1948,False,178,9924
1967,306.05,3161,True,319,9931
1968,305.6,3161,True,324,9938
1969,170.05000000000004,1793,False,164,9942
1970,305.15,3161,True,337,9949
1971,305.3,3161,True,312,9956
1972,135.0,1433,False,128,9959
1973,235.35000000000002,2469,False,315,9966
1974,305.8,3161,True,345,9973
1975,236.25000000000003,2475,False,243,9978
1976,170.50000000000003,1789,False,161,9982
1977,305.25,3161,True,331,9989
1978,305.35,3161,True,329,9996
1979,134.85000000000002,1435,False,133,9999
1980,306.1000000000001,3161,True,328,10006
1981,305.0,3161,True,329,10013
1982,304.90000000000003,3161,True,363,10021
1983,134.95000000000002,1435,False,129,10024
1984,168.60000000000002,1776,False,170,10028
1985,236.70000000000002,2472,False,245,10033
1986,237.15,2472,False,243,10038
1987,134.5,1433,False,128,10041
1988,185.5,1942,False,177,10045
1989,193.9,2027,False,177,10049
1990,169.7,1793,False,173,10053
1991,307.95,3161,True,321,10060
1992,302.8,3161,True,344,10067
1993,264.6,2756,False,261,10073
1994,306.30000000000007,3161,True,318,10080
1995,134.55,1433,False,140,10083
1996,22.850000000000005,300,False,31,10084
1997,144.10000000000002,1521,False,135,10087
1998,305.45000000000005,3161,True,346,10094
1999,264.50000000000006,2758,False,278,10100
2000,305.45000000000005,3161,True,349,10107
2001,305.95,3161,True,324,10114
2002,305.59999999999997,3161,True,303,10121
2003,134.75,1433,False,128,10124
2004,237.4,2472,False,245,10129
2005,305.15,3161,True,335,10136
2006,305.05000000000007,3161,True,366,10144
2007,143.5,1525,False,140,10147
2008,142.05,1511,False,162,10151
2009,170.00000000000003,1789,False,161,10155
2010,305.75,3161,True,332,10162
2011,305.65000000000003,3161,True,338,10169
2012,305.45000000000005,3161,True,325,10176
2013,236.20000000000002,2470,False,264,10182
2014,306.85,3161,True,328,10189
2015,167.95000000000002,1781,False,163,10193
2016,305.2,3161,True,347,10200
2017,132.85000000000002,1409,False,131,10203
2018,264.15000000000003,2757,False,279,10209
2019,186.50000000000003,1956,False,192,10213
2020,59.85000000000001,675,False,57,10215
2021,305.5,3161,True,329,10222
2022,305.55000000000007,3161,True,316,10229
2023,305.65000000000003,3161,True,336,10236
2024,236.8,2470,False,240,10241
2025,186.10000000000005,1958,False,197,10245
2026,132.60000000000002,1408,False,130,10248
2027,305.90000000000003,3161,True,336,10255
2028,305.45,3161,True,321,10262
2029,235.75000000000003,2472,False,308,10269
2030,305.35,3161,True,330,10276
2031,134.5,1433,False,128,10279
2032,306.15000000000003,3161,True,337,10286
2033,235.45000000000005,2470,False,266,10292
2034,305.95000000000005,3161,True,322,10299
2035,134.5,1433,False,128,10302
2036,134.7,1432,False,140,10305
2037,185.15,1953,False,209,10310
2038,144.3,1523,False,135,10313
2039,169.65,1783,False,163,10317
2040,142.9,1523,False,160,10321
2041,306.35,3161,True,353,10329
2042,304.65000000000003,3161,True,338,10336
2043,172.05,1802,False,159,10340
2044,304.65000000000003,3161,True,331,10347
2045,168.90000000000003,1784,False,162,10351
2046,304.90000000000003,3161,True,337,10358
2047,236.90000000000003,2469,False,255,10364
2048,169.20000000000005,1780,False,164,10368
2049,236.20000000000002,2472,False,247,10373
2050,305.65000000000003,3161,True,362,10381
2051,236.35000000000002,2473,False,256,10387
2052,236.70000000000002,2471,False,241,10392
2053,305.6,3161,True,326,10399
2054,193.65000000000003,2021,False,199,10403
2055,304.34999999999997,3161,True,328,10410
2056,24.450000000000003,315,False,27,10411
2057,144.3,1523,False,135,10414
2058,265.5,2765,False,261,10420
2059,307.40000000000003,3161,True,312,10427
2060,235.70000000000002,2470,False,238,10432
2061,305.65000000000003,3161,True,336,10439
2062,132.0,1409,False,136,10442
2063,305.75,3161,True,331,10449
2064,235.9,2469,False,248,10454
2065,158.45000000000002,1670,False,152,10458
2066,22.850000000000005,300,False,31,10459
2067,135.70000000000002,1435,False,129,10462
2068,306.20000000000005,3161,True,322,10469
2069,169.05,1782,False,164,10473
2070,306.35,3161,True,305,10480
2071,193.3,2024,False,191,10484
2072,306.45,3161,True,324,10491
2073,133.45000000000002,1435,False,129,10494
2074,265.90000000000003,2759,False,265,10500
2075,304.55,3161,True,312,10507
2076,305.3,3161,True,316,10514
2077,305.95,3161,True,321,10521
2078,235.70000000000002,2473,False,303,10528
2079,135.0,1433,False,128,10531
2080,193.20000000000002,2017,False,195,10535
2081,169.3,1791,False,161,10539
2082,305.05000000000007,3161,True,341,10546
2083,171.20000000000002,1792,False,169,10550
2084,194.8,2044,False,190,10554
2085,143.25000000000003,1525,False,136,10557
2086,305.3,3161,True,345,10564
2087,193.65,2019,False,189,10568
2088,305.70000000000005,3161,True,348,10575
2089,142.45000000000002,1527,False,137,10578
2090,135.20000000000002,1435,False,129,10581
2091,305.84999999999997,3161,True,353,10589
2092,304.85,3161,True,327,10596
2093,306.15000000000003,3161,True,336,10603
2094,134.10000000000002,1434,False,153,10607
2095,305.35,3161,True,321,10614
2096,236.9,2471,False,239,10619
2097,305.0,3161,True,331,10626
2098,305.25,3161,True,383,10634
2099,134.25,1433,False,129,10637
2100,135.35000000000002,1434,False,129,10640
2101,305.0,3161,True,355,10648
2102,169.5,1783,False,163,10652
2103,135.10000000000002,1434,False,129,10655
2104,305.3,3161,True,341,10662
2105,24.349999999999998,314,False,28,10663
2106,170.00000000000003,1779,False,168,10667
2107,143.3,1523,False,135,10670
2108,236.3,2470,False,257,10676
2109,237.05,2472,False,250,10681
2110,134.45000000000002,1430,False,129,10684
2111,104.85000000000001,1128,False,107,10687
2112,306.35,3161,True,328,10694
2113,22.600000000000005,300,False,31,10695
2114,237.20000000000002,2475,False,257,10701
2115,305.3,3161,True,341,10708
2116,24.700000000000003,315,False,27,10709
2117,305.85,3161,True,353,10717
2118,168.15,1782,False,184,10721
2119,169.9,1783,False,165,10725
2120,134.75,1433,False,128,10728
2121,305.5,3161,True,358,10736
2122,237.15,2471,False,232,10741
2123,156.95000000000002,1665,False,153,10745
2124,306.3,3161,True,319,10752
2125,143.40000000000003,1524,False,136,10755
2126,306.3,3161,True,316,10762
2127,237.45000000000002,2473,False,228,10767
2128,306.25000000000006,3161,True,308,10774
2129,305.5,3161,True,330,10781
2130,134.25,1433,False,128,10784
2131,237.60000000000002,2473,False,235,10789
2132,236.8,2471,False,239,10794
2133,305.50000000000006,3161,True,310,10801
2134,306.2,3161,True,322,10808
2135,305.3,3161,True,342,10815
2136,236.70000000000002,2476,False,270,10821
2137,169.4,1784,False,162,10825
2138,134.5,1433,False,128,10828
2139,236.15,2471,False,258,10834
2140,304.5,3161,True,379,10842
2141,134.75,1433,False,130,10845
2142,135.10000000000002,1434,False,129,10848
2143,305.20000000000005,3161,True,346,10855
2144,306.25,3161,True,309,10862
2145,22.850000000000005,300,False,31,10863
2146,306.40000000000003,3161,True,339,10870
2147,305.45000000000005,3161,True,346,10877
2148,236.3,2469,False,231,10882
2149,236.4,2466,False,231,10887
2150,305.40000000000003,3161,True,339,10894
2151,305.5,3161,True,335,10901
2152,157.15,1662,False,153,10905
2153,105.00000000000001,1127,False,107,10908
2154,305.3,3161,True,341,10915
2155,24.700000000000003,315,False,27,10916
2156,265.2,2759,False,299,10922
2157,193.05,2028,False,211,10927
2158,235.90000000000003,2469,False,246,10932
2159,305.55,3161,True,340,10939
2160,169.30000000000004,1786,False,161,10943
2161,309.20000000000005,3161,True,345,10950
2162,302.35,3161,True,300,10956
2163,306.30000000000007,3161,True,294,10962
2164,134.55,1431,False,130,10965
2165,305.85,3161,True,329,10972
2166,305.1,3161,True,329,10979
2167,169.85000000000002,1786,False,163,10983
2168,142.8,1512,False,139,10986
2169,236.75,2471,False,251,10992
2170,172.20000000000002,1806,False,186,10996
2171,184.05,1938,False,192,11000
2172,304.65,3161,True,336,11007
2173,134.75,1433,False,128,11010
2174,171.00000000000003,1795,False,167,11014
2175,305.75,3161,True,331,11021
2176,304.9,3161,True,313,11028
2177,306.1000000000001,3161,True,323,11035
2178,144.20000000000002,1532,False,142,11038
2179,305.15,3161,True,340,11045
2180,305.85,3161,True,326,11052
2181,104.75000000000001,1127,False,107,11055
2182,237.60000000000002,2472,False,229,11060
2183,169.20000000000002,1787,False,168,11064
2184,305.35,3161,True,351,11072
2185,236.25000000000003,2471,False,251,11078
2186,306.1,3161,True,325,11085
2187,142.3,1512,False,139,11088
2188,306.25000000000006,3161,True,331,11095
2189,304.50000000000006,3161,True,356,11103
2190,186.20000000000002,1958,False,193,11107
2191,305.95,3161,True,325,11114
2192,306.2,3161,True,346,11121
2193,155.45000000000002,1660,False,153,11125
2194,170.25000000000003,1785,False,168,11129
2195,158.9,1675,False,149,11132
2196,170.35000000000002,1795,False,167,11136
2197,104.85000000000001,1127,False,105,11139
2198,105.10000000000002,1127,False,105,11142
2199,305.75000000000006,3161,True,333,11149
2200,236.70000000000005,2471,False,243,11154
2201,305.65,3161,True,364,11162
2202,305.25,3161,True,305,11169
2203,305.35,3161,True,350,11176
2204,158.10000000000002,1673,False,148,11179
2205,237.9,2475,False,222,11184
2206,236.45000000000002,2475,False,256,11190
2207,305.30000000000007,3161,True,343,11197
2208,305.35,3161,True,352,11205
2209,305.05000000000007,3161,True,342,11212
2210,237.05,2473,False,248,11217
2211,236.90000000000003,2475,False,225,11222
2212,142.8,1512,False,139,11225
2213,171.75,1799,False,158,11229
2214,134.15,1434,False,137,11232
2215,60.35000000000001,675,False,57,11234
2216,306.25,3161,True,332,11241
2217,236.8,2471,False,237,11246
2218,305.25,3161,True,334,11253
2219,132.20000000000002,1409,False,129,11256
2220,142.90000000000003,1514,False,141,11259
2221,306.25,3161,True,334,11266
2222,304.7,3161,True,344,11273
2223,134.75,1433,False,128,11276
2224,304.85,3161,True,349,11283
2225,236.9,2474,False,247,11288
2226,134.50000000000003,1434,False,135,11291
2227,306.05,3161,True,317,11298
