0,170.25,1788,False,160,4
1,236.90000000000003,2470,False,251,10
2,236.40000000000003,2472,False,261,16
3,236.85000000000002,2470,False,245,21
4,236.85000000000002,2473,False,235,26
5,236.9,2475,False,253,32
6,236.35000000000002,2469,False,236,37
7,305.7,3161,True,325,44
8,134.75,1433,False,128,47
9,142.95000000000002,1512,False,145,50
10,305.85,3161,True,326,57
11,135.25000000000003,1435,False,138,60
12,305.2,3161,True,349,67
13,169.60000000000002,1790,False,162,71
14,169.70000000000002,1781,False,164,75
15,304.85,3161,True,325,82
16,306.0,3161,True,334,89
17,235.70000000000002,2469,False,263,95
18,169.54999999999998,1791,False,180,99
19,306.5,3161,True,308,106
20,134.70000000000002,1435,False,129,109
21,305.8,3161,True,315,116
22,304.85,3161,True,329,123
23,306.65000000000003,3161,True,315,130
24,169.5,1788,False,160,134
25,237.45000000000007,2473,False,252,140
26,169.75000000000003,1795,False,167,144
27,134.75,1433,False,128,147
28,237.4,2469,False,246,152
29,304.95000000000005,3161,True,323,159
30,305.7,3161,True,315,166
31,169.75,1788,False,160,170
32,305.75,3161,True,332,177
33,305.35,3161,True,326,184
34,24.450000000000003,315,False,27,185
35,237.85000000000002,2469,False,243,190
36,192.35,2020,False,183,194
37,304.55,3161,True,391,202
38,104.25,1129,False,117,205
39,306.3,3161,True,319,212
40,304.75,3161,True,355,220
41,305.5,3161,True,303,227
42,306.15000000000003,3161,True,315,234
43,305.35,3161,True,327,241
44,304.90000000000003,3161,True,332,248
45,134.95000000000002,1435,False,128,251
46,304.4,3161,True,385,259
47,305.55,3161,True,345,266
48,305.85,3161,True,330,273
49,23.9,312,False,27,274
50,135.5,1433,False,128,277
51,135.0,1435,False,139,280
52,237.30000000000004,2474,False,252,286
53,305.25000000000006,3161,True,358,294
54,62.00000000000001,703,False,76,296
55,185.15000000000003,1942,False,179,300
56,237.10000000000002,2469,False,238,305
57,304.8,3161,True,343,312
58,134.85000000000002,1434,False,130,315
59,187.35,1953,False,197,319
60,236.15,2471,False,232,324
61,305.7,3161,True,323,331
62,236.75000000000003,2475,False,247,336
63,305.45000000000005,3161,True,322,343
64,197.55,2044,False,191,347
65,132.45000000000002,1435,False,128,350
66,24.450000000000003,315,False,27,351
67,308.1,3161,True,328,358
68,130.85000000000002,1408,False,129,361
69,236.90000000000003,2471,False,236,366
70,186.55000000000004,1960,False,173,370
71,306.25,3161,True,305,377
72,304.8,3161,True,339,384
73,305.1,3161,True,355,392
74,192.65,2022,False,178,396
75,305.95,3161,True,348,403
76,168.9,1782,False,163,407
77,305.85,3161,True,325,414
78,193.0,2020,False,187,418
79,104.00000000000001,1127,False,107,421
80,306.5,3161,True,334,428
81,304.95,3161,True,347,435
82,134.0,1434,False,134,438
83,305.70000000000005,3161,True,321,445
84,169.55,1778,False,165,449
85,235.75000000000003,2474,False,267,455
86,306.05000000000007,3161,True,317,462
87,306.5,3161,True,307,469
88,134.85000000000002,1434,False,130,472
89,134.8,1431,False,130,475
90,135.20000000000002,1435,False,129,478
91,134.75,1433,False,128,481
92,305.75000000000006,3161,True,305,488
93,135.0,1433,False,129,491
94,305.7,3161,True,324,498
95,306.00000000000006,3161,True,309,505
96,304.20000000000005,3161,True,374,513
97,305.80000000000007,3161,True,342,520
98,170.0,1788,False,160,524
99,305.15,3161,True,362,532
100,237.15,2475,False,222,537
101,305.95000000000005,3161,True,324,544
102,24.099999999999998,314,False,28,545
103,238.4,2476,False,229,550
104,132.25,1408,False,134,553
105,236.5,2470,False,247,558
106,105.20000000000002,1129,False,106,561
107,236.75,2467,False,236,566
108,185.4,1955,False,216,571
109,134.15,1427,False,130,574
110,184.8,1941,False,177,578
111,305.20000000000005,3161,True,349,585
112,237.00000000000003,2473,False,236,590
113,237.05000000000004,2471,False,238,595
114,304.8,3161,True,368,603
115,134.40000000000003,1432,False,129,606
116,305.8,3161,True,320,613
117,306.25,3161,True,309,620
118,305.75,3161,True,335,627
119,134.5,1433,False,128,630
120,134.75,1433,False,129,633
121,237.00000000000003,2472,False,231,638
122,305.75,3161,True,357,646
123,236.4,2473,False,268,652
124,305.1,3161,True,353,660
125,184.05,1941,False,178,664
126,105.05,1127,False,119,667
127,62.900000000000006,706,False,72,669
128,170.10000000000002,1781,False,167,673
129,170.9,1799,False,167,677
130,168.45000000000002,1781,False,164,681
131,307.45,3161,True,300,687
132,305.25,3161,True,333,694
133,304.35,3161,True,351,702
134,307.0,3161,True,307,709
135,264.6,2754,False,251,715
136,134.0,1433,False,128,718
137,170.25,1788,False,160,722
138,171.75,1799,False,158,726
139,168.40000000000003,1780,False,170,730
140,64.65,722,False,91,732
141,305.25000000000006,3161,True,359,740
142,235.55,2472,False,291,746
143,185.30000000000004,1945,False,177,750
144,236.9,2475,False,247,755
145,192.95000000000002,2012,False,188,759
146,305.25,3161,True,334,766
147,134.10000000000002,1434,False,130,769
148,305.5,3161,True,325,776
149,170.55,1802,False,180,780
150,236.65,2472,False,236,785
151,24.349999999999998,312,False,28,786
152,305.6,3161,True,353,794
153,105.0,1128,False,115,797
154,62.75000000000001,701,False,75,799
155,237.75,2471,False,230,804
156,305.55,3161,True,343,811
157,304.90000000000003,3161,True,340,818
158,305.55,3161,True,340,825
159,305.45000000000005,3161,True,322,832
160,265.4,2764,False,262,838
161,134.75000000000003,1435,False,138,841
162,237.40000000000003,2473,False,241,846
163,171.50000000000003,1799,False,159,850
164,134.0,1433,False,128,853
165,306.00000000000006,3161,True,330,860
166,186.8,1961,False,203,865
167,304.65000000000003,3161,True,338,872
168,305.0,3161,True,360,880
169,305.55,3161,True,318,887
170,186.75,1951,False,194,891
171,193.20000000000002,2029,False,195,895
172,303.75,3161,True,325,902
173,237.10000000000005,2474,False,264,908
174,104.70000000000002,1129,False,105,911
175,306.6000000000001,3161,True,327,918
176,303.90000000000003,3161,True,355,926
177,305.20000000000005,3161,True,322,933
178,305.65000000000003,3161,True,310,940
179,104.75000000000001,1127,False,107,943
180,236.70000000000005,2472,False,247,948
181,105.45000000000002,1129,False,106,951
182,237.20000000000005,2468,False,234,956
183,304.85,3161,True,353,964
184,305.75,3161,True,334,971
185,104.25000000000001,1127,False,107,974
186,24.700000000000003,315,False,27,975
187,105.30000000000001,1125,False,106,978
188,306.65,3161,True,315,985
189,305.65,3161,True,314,992
190,237.15000000000003,2471,False,232,997
191,62.7,708,False,72,999
192,135.15000000000003,1433,False,135,1002
193,132.60000000000002,1408,False,128,1005
194,304.79999999999995,3161,True,366,1013
195,306.1,3161,True,325,1020
196,132.25,1408,False,132,1023
197,305.80000000000007,3161,True,317,1030
198,305.45000000000005,3161,True,347,1037
199,157.05,1660,False,154,1041
200,305.85,3161,True,326,1048
201,169.75,1789,False,161,1052
202,305.5,3161,True,332,1059
203,305.70000000000005,3161,True,322,1066
204,305.95,3161,True,324,1073
205,236.05,2472,False,269,1079
206,186.70000000000002,1959,False,172,1083
207,104.85000000000001,1130,False,117,1086
208,305.5,3161,True,330,1093
209,187.15000000000003,1963,False,183,1097
210,104.55000000000003,1130,False,107,1100
211,306.05000000000007,3161,True,320,1107
212,24.450000000000003,315,False,27,1108
213,306.1000000000001,3161,True,326,1115
214,305.75,3161,True,332,1122
215,306.0,3161,True,310,1129
216,24.450000000000003,315,False,27,1130
217,237.85000000000002,2469,False,244,1135
218,134.35000000000002,1434,False,129,1138
219,135.20000000000002,1435,False,129,1141
220,170.1,1782,False,173,1145
221,305.15000000000003,3161,True,314,1152
222,134.5,1433,False,128,1155
223,305.75000000000006,3161,True,355,1163
224,306.35,3161,True,303,1170
225,304.55000000000007,3161,True,342,1177
226,24.599999999999998,314,False,28,1178
227,306.55,3161,True,316,1185
228,171.5,1799,False,158,1189
229,169.25,1788,False,160,1193
230,105.00000000000001,1127,False,107,1196
231,236.90000000000003,2468,False,245,1201
232,62.75000000000001,707,False,73,1203
233,305.80000000000007,3161,True,340,1210
234,305.3,3161,True,319,1217
235,305.20000000000005,3161,True,345,1224
236,305.6,3161,True,326,1231
237,195.65,2045,False,194,1235
238,157.60000000000002,1675,False,156,1239
239,305.55000000000007,3161,True,344,1246
240,236.4,2468,False,242,1251
241,305.75000000000006,3161,True,333,1258
242,305.6,3161,True,330,1265
243,106.20000000000002,1149,False,123,1268
244,236.95000000000002,2470,False,235,1273
245,134.75,1433,False,128,1276
246,135.25,1433,False,128,1279
247,24.150000000000002,312,False,27,1280
248,135.70000000000002,1435,False,129,1283
249,237.45000000000002,2476,False,243,1288
250,236.90000000000003,2477,False,256,1294
251,306.1,3161,True,328,1301
252,304.70000000000005,3161,True,343,1308
253,62.50000000000001,707,False,73,1310
254,306.50000000000006,3161,True,309,1317
255,236.15000000000003,2471,False,256,1323
256,186.80000000000004,1956,False,177,1327
257,304.90000000000003,3161,True,363,1335
258,133.3,1422,False,132,1338
259,306.40000000000003,3161,True,315,1345
260,307.25000000000006,3161,True,333,1352
261,303.8,3161,True,341,1359
262,305.20000000000005,3161,True,323,1366
263,143.95000000000002,1522,False,136,1369
264,305.15000000000003,3161,True,337,1376
265,170.0,1788,False,160,1380
266,24.549999999999997,315,False,29,1381
267,144.50000000000003,1525,False,139,1384
268,107.20000000000002,1151,False,107,1387
269,145.45000000000002,1532,False,142,1390
270,22.350000000000005,300,False,31,1391
271,105.45000000000002,1129,False,106,1394
272,306.5,3161,True,357,1402
273,105.95000000000002,1150,False,105,1405
274,265.1,2757,False,268,1411
275,305.1,3161,True,377,1419
276,168.75,1787,False,206,1424
277,236.35,2470,False,250,1429
278,24.200000000000003,315,False,27,1430
279,306.35,3161,True,328,1437
280,306.25000000000006,3161,True,334,1444
281,192.65,2027,False,178,1448
282,134.75,1433,False,128,1451
283,305.8,3161,True,316,1458
284,134.4,1424,False,140,1461
285,305.75,3161,True,335,1468
286,236.00000000000003,2470,False,247,1473
287,306.0,3161,True,334,1480
288,307.2,3161,True,372,1488
289,302.45,3161,True,346,1495
290,169.90000000000003,1787,False,161,1499
291,305.5,3161,True,335,1506
292,305.25,3161,True,332,1513
293,134.75000000000003,1433,False,130,1516
294,305.15000000000003,3161,True,363,1524
295,236.8,2471,False,236,1529
296,305.70000000000005,3161,True,320,1536
297,305.7,3161,True,322,1543
298,305.8,3161,True,315,1550
299,305.5,3161,True,331,1557
300,236.95000000000002,2471,False,243,1562
301,60.95000000000001,690,False,79,1564
302,105.25000000000001,1127,False,107,1567
303,105.20000000000002,1129,False,106,1570
304,135.20000000000002,1435,False,129,1573
305,305.1,3161,True,355,1581
306,61.150000000000006,688,False,81,1583
307,135.70000000000002,1435,False,129,1586
308,305.59999999999997,3161,True,326,1593
309,169.65000000000003,1782,False,164,1597
310,236.50000000000003,2470,False,246,1602
311,305.59999999999997,3161,True,327,1609
312,306.15,3161,True,314,1616
313,304.20000000000005,3161,True,372,1624
314,134.75,1433,False,129,1627
315,305.35,3161,True,350,1634
316,134.75,1433,False,128,1637
317,237.25,2472,False,234,1642
318,306.3,3161,True,320,1649
319,236.15000000000003,2474,False,249,1654
320,306.1,3161,True,326,1661
321,305.40000000000003,3161,True,340,1668
322,305.20000000000005,3161,True,348,1675
323,236.20000000000005,2471,False,243,1680
324,235.75000000000003,2471,False,301,1687
325,132.50000000000003,1409,False,138,1690
326,236.75000000000003,2471,False,254,1696
327,305.85,3161,True,330,1703
328,186.20000000000002,1959,False,172,1707
329,144.3,1528,False,136,1710
330,305.5,3161,True,328,1717
331,192.75000000000003,2024,False,182,1721
332,104.55000000000001,1129,False,105,1724
333,169.5,1784,False,164,1728
334,237.35000000000002,2474,False,236,1733
335,134.75,1433,False,153,1737
336,305.2,3161,True,342,1744
337,235.60000000000002,2470,False,268,1750
338,134.40000000000003,1433,False,134,1753
339,135.5,1433,False,128,1756
340,306.35,3161,True,303,1763
341,236.50000000000003,2471,False,255,1769
342,264.35,2760,False,259,1775
343,236.8,2472,False,269,1781
344,305.15000000000003,3161,True,336,1788
345,135.35000000000002,1435,False,135,1791
346,170.8,1793,False,161,1795
347,304.34999999999997,3161,True,347,1802
348,305.55,3161,True,315,1809
349,134.55,1433,False,139,1812
350,142.8,1514,False,146,1815
351,134.75,1428,False,130,1818
352,305.35,3161,True,353,1826
353,134.35000000000002,1434,False,128,1829
354,135.45000000000002,1435,False,129,1832
355,144.55,1528,False,136,1835
356,143.55,1523,False,135,1838
357,236.8,2469,False,250,1843
358,158.35000000000002,1673,False,149,1846
359,304.84999999999997,3161,True,379,1854
360,134.25,1433,False,128,1857
361,304.95000000000005,3161,True,341,1864
362,305.55000000000007,3161,True,344,1871
363,187.10000000000002,1958,False,174,1875
364,304.70000000000005,3161,True,316,1882
365,236.4,2473,False,319,1889
366,103.45000000000002,1129,False,130,1892
367,144.05,1525,False,146,1895
368,305.5,3161,True,303,1902
369,305.65,3161,True,336,1909
370,305.0,3161,True,356,1917
371,236.25000000000003,2471,False,250,1922
372,305.85,3161,True,328,1929
373,134.40000000000003,1433,False,135,1932
374,306.1,3161,True,347,1939
375,263.85,2761,False,265,1945
376,170.10000000000002,1789,False,162,1949
377,305.3,3161,True,342,1956
378,305.25000000000006,3161,True,329,1963
379,236.55,2471,False,238,1968
380,236.65,2472,False,236,1973
381,187.20000000000002,1952,False,189,1977
382,23.299999999999997,316,False,29,1978
383,237.95000000000005,2471,False,266,1984
384,235.25,2471,False,258,1990
385,305.65000000000003,3161,True,315,1997
386,306.95,3161,True,325,2004
387,236.25,2475,False,248,2009
388,143.70000000000002,1521,False,136,2012
389,169.70000000000002,1787,False,164,2016
390,62.300000000000004,700,False,76,2018
391,171.05,1791,False,161,2022
392,104.45000000000002,1128,False,106,2025
393,305.85,3161,True,328,2032
394,305.05000000000007,3161,True,367,2040
395,305.55,3161,True,343,2047
396,169.90000000000003,1787,False,162,2051
397,304.8,3161,True,340,2058
398,235.85,2469,False,238,2063
399,236.20000000000002,2471,False,292,2069
400,143.55,1523,False,136,2072
401,305.70000000000005,3161,True,324,2079
402,305.55,3161,True,314,2086
403,169.45000000000002,1787,False,171,2090
404,305.70000000000005,3161,True,350,2097
405,134.85,1434,False,129,2100
406,306.40000000000003,3161,True,335,2107
407,142.10000000000002,1521,False,136,2110
408,195.35000000000002,2040,False,181,2114
409,236.05000000000004,2470,False,234,2119
410,132.35000000000002,1408,False,129,2122
411,170.25,1789,False,161,2126
412,306.35,3161,True,303,2133
413,131.75000000000003,1408,False,131,2136
414,237.05,2471,False,239,2141
415,305.75000000000006,3161,True,356,2149
416,235.45000000000002,2471,False,269,2155
417,305.85,3161,True,321,2162
418,104.25000000000001,1127,False,107,2165
419,305.95,3161,True,322,2172
420,305.65000000000003,3161,True,305,2179
421,305.7,3161,True,324,2186
422,134.3,1431,False,130,2189
423,185.50000000000003,1948,False,183,2193
424,306.20000000000005,3161,True,321,2200
425,168.25,1784,False,187,2204
426,157.80000000000004,1660,False,153,2208
427,305.95000000000005,3161,True,322,2215
428,236.70000000000002,2470,False,238,2220
429,305.90000000000003,3161,True,312,2227
430,134.5,1433,False,128,2230
431,236.70000000000005,2477,False,270,2236
432,132.95000000000002,1409,False,129,2239
433,158.65,1675,False,148,2242
434,305.85,3161,True,328,2249
435,305.15000000000003,3161,True,339,2256
436,132.45000000000002,1409,False,128,2259
437,305.3,3161,True,365,2267
438,170.0,1788,False,161,2271
439,132.45000000000002,1409,False,129,2274
440,306.20000000000005,3161,True,323,2281
441,305.40000000000003,3161,True,336,2288
442,305.0,3161,True,331,2295
443,186.95000000000002,1959,False,171,2299
444,169.4,1784,False,163,2303
445,166.75000000000003,1755,False,173,2307
446,305.95000000000005,3161,True,297,2313
447,134.35000000000002,1429,False,129,2316
448,305.75,3161,True,331,2323
449,144.00000000000003,1525,False,136,2326
450,132.20000000000002,1405,False,132,2329
451,305.04999999999995,3161,True,369,2337
452,236.00000000000006,2469,False,245,2342
453,306.65000000000003,3161,True,340,2349
454,168.15,1785,False,171,2353
455,304.90000000000003,3161,True,335,2360
456,105.00000000000001,1127,False,107,2363
457,305.1,3161,True,322,2370
458,169.70000000000002,1777,False,166,2374
459,305.0,3161,True,331,2381
460,23.9,312,False,28,2382
461,305.75000000000006,3161,True,357,2390
462,170.05,1792,False,161,2394
463,62.35000000000001,698,False,77,2396
464,105.35000000000001,1128,False,107,2399
465,170.45000000000002,1786,False,166,2403
466,305.75000000000006,3161,True,307,2410
467,305.15000000000003,3161,True,338,2417
468,237.10000000000002,2471,False,228,2422
469,134.65,1434,False,138,2425
470,236.75000000000003,2469,False,248,2430
471,169.95000000000002,1791,False,161,2434
472,233.75,2468,False,392,2442
473,305.8,3161,True,344,2449
474,305.40000000000003,3161,True,311,2456
475,236.70000000000002,2471,False,244,2461
476,184.75,1942,False,177,2465
477,306.15000000000003,3161,True,337,2472
478,134.25,1434,False,134,2475
479,105.10000000000002,1128,False,105,2478
480,24.700000000000003,315,False,27,2479
481,307.15,3161,True,315,2486
482,305.45000000000005,3161,True,322,2493
483,305.7,3161,True,325,2500
484,134.85000000000002,1434,False,128,2503
485,236.60000000000002,2470,False,271,2509
486,303.95000000000005,3161,True,367,2517
487,305.45000000000005,3161,True,320,2524
488,134.75,1433,False,128,2527
489,305.95,3161,True,322,2534
490,305.5,3161,True,334,2541
491,134.75,1433,False,128,2544
492,24.700000000000003,315,False,27,2545
493,135.60000000000002,1434,False,128,2548
494,105.0,1129,False,116,2551
495,193.20000000000002,2026,False,185,2555
496,237.25,2473,False,236,2560
497,304.65000000000003,3161,True,361,2568
498,307.20000000000005,3161,True,348,2575
499,103.10000000000001,1130,False,119,2578
500,169.65,1783,False,163,2582
501,237.15,2471,False,238,2587
502,304.7,3161,True,345,2594
503,306.05,3161,True,316,2601
504,134.35000000000002,1434,False,129,2604
505,306.35,3161,True,330,2611
506,304.65000000000003,3161,True,362,2619
507,304.85,3161,True,351,2627
508,305.6,3161,True,329,2634
509,134.75,1433,False,128,2637
510,143.85000000000002,1526,False,136,2640
511,305.6,3161,True,352,2648
512,157.90000000000003,1667,False,151,2652
513,236.60000000000002,2473,False,235,2657
514,305.90000000000003,3161,True,336,2664
515,305.65000000000003,3161,True,307,2671
516,304.85,3161,True,352,2679
517,24.05,311,False,27,2680
518,185.55,1947,False,181,2684
519,237.15,2471,False,232,2689
520,237.10000000000002,2473,False,231,2694
521,307.05000000000007,3161,True,369,2702
522,303.30000000000007,3161,True,345,2709
523,169.75000000000003,1787,False,182,2713
524,169.55,1794,False,171,2717
525,105.05000000000001,1125,False,107,2720
526,186.05,1955,False,172,2724
527,185.15000000000003,1943,False,214,2729
528,236.70000000000002,2471,False,243,2734
529,186.55,1960,False,172,2738
530,171.5,1799,False,158,2742
531,168.20000000000002,1787,False,186,2746
532,135.3,1431,False,129,2749
533,305.84999999999997,3161,True,327,2756
534,166.60000000000002,1761,False,171,2760
535,105.00000000000001,1127,False,107,2763
536,305.95000000000005,3161,True,325,2770
537,134.75,1433,False,128,2773
538,170.0,1788,False,160,2777
539,237.20000000000002,2471,False,249,2782
540,184.3,1941,False,177,2786
541,237.4,2473,False,245,2791
542,305.45,3161,True,324,2798
543,169.5,1788,False,161,2802
544,236.70000000000002,2470,False,265,2808
545,157.60000000000002,1669,False,159,2812
546,236.90000000000003,2473,False,242,2817
547,135.10000000000002,1434,False,128,2820
548,305.45,3161,True,343,2827
549,305.65000000000003,3161,True,315,2834
550,170.55,1791,False,161,2838
551,236.00000000000006,2471,False,253,2844
552,306.15000000000003,3161,True,315,2851
553,304.85,3161,True,377,2859
554,236.95000000000002,2471,False,246,2864
555,169.60000000000002,1789,False,162,2868
556,305.8,3161,True,320,2875
557,236.65000000000003,2471,False,233,2880
558,170.25000000000003,1788,False,161,2884
559,304.9,3161,True,336,2891
560,135.45000000000002,1435,False,128,2894
561,193.65,2025,False,192,2898
562,304.75000000000006,3161,True,332,2905
563,305.25000000000006,3161,True,356,2913
564,237.15,2472,False,240,2918
565,104.30000000000003,1125,False,108,2921
566,236.10000000000002,2470,False,266,2927
567,236.15,2473,False,295,2933
568,306.15000000000003,3161,True,312,2940
569,305.1,3161,True,326,2947
570,132.60000000000002,1408,False,129,2950
571,305.7,3161,True,348,2957
572,305.3,3161,True,320,2964
573,236.25000000000003,2470,False,276,2970
574,132.20000000000002,1409,False,129,2973
575,306.40000000000003,3161,True,340,2980
576,305.05,3161,True,342,2987
577,134.5,1433,False,128,2990
578,305.95,3161,True,322,2997
579,304.95000000000005,3161,True,343,3004
580,134.60000000000002,1434,False,128,3007
581,306.35,3161,True,328,3014
582,185.15,1958,False,180,3018
583,63.35000000000001,703,False,75,3020
584,237.10000000000002,2473,False,258,3026
585,23.85,309,False,27,3027
586,306.0,3161,True,328,3034
587,236.85000000000002,2471,False,250,3039
588,236.15,2471,False,257,3045
589,306.20000000000005,3161,True,350,3052
590,185.15,1956,False,178,3056
591,305.0,3161,True,357,3064
592,264.55,2762,False,306,3071
593,305.65,3161,True,336,3078
594,305.40000000000003,3161,True,339,3085
595,134.10000000000002,1434,False,130,3088
596,305.5,3161,True,326,3095
597,134.65000000000003,1434,False,135,3098
598,135.45000000000002,1435,False,129,3101
599,170.0,1788,False,160,3105
600,170.60000000000002,1796,False,164,3109
601,134.20000000000002,1431,False,132,3112
602,135.3,1431,False,129,3115
603,236.05,2471,False,262,3121
604,237.25000000000003,2473,False,264,3127
605,236.15,2471,False,231,3132
606,305.45000000000005,3161,True,319,3139
607,305.15000000000003,3161,True,362,3147
608,134.10000000000002,1434,False,130,3150
609,306.05000000000007,3161,True,341,3157
610,134.95000000000002,1435,False,128,3160
611,306.30000000000007,3161,True,318,3167
612,262.75,2747,False,274,3173
613,306.95000000000005,3161,True,298,3179
614,23.7,310,False,29,3180
615,133.25,1408,False,131,3183
616,237.25,2472,False,232,3188
617,304.85,3161,True,351,3196
618,236.35,2471,False,298,3202
619,236.3,2472,False,244,3207
620,234.3,2469,False,353,3215
621,134.45000000000002,1435,False,128,3218
622,237.10000000000002,2470,False,244,3223
623,306.00000000000006,3161,True,335,3230
624,304.85,3161,True,325,3237
625,305.7,3161,True,321,3244
626,305.90000000000003,3161,True,338,3251
627,305.2,3161,True,322,3258
628,305.50000000000006,3161,True,307,3265
629,305.75000000000006,3161,True,331,3272
630,305.4,3161,True,364,3280
631,305.35,3161,True,329,3287
632,135.00000000000003,1433,False,130,3290
633,304.40000000000003,3161,True,357,3298
634,142.85000000000002,1515,False,139,3301
635,304.50000000000006,3161,True,356,3309
636,305.50000000000006,3161,True,356,3317
637,62.650000000000006,705,False,74,3319
638,266.15,2762,False,254,3325
639,24.450000000000003,315,False,27,3326
640,237.80000000000004,2466,False,245,3331
641,134.05,1433,False,137,3334
642,305.05,3161,True,345,3341
643,305.3,3161,True,344,3348
644,237.55,2471,False,240,3353
645,235.25000000000003,2470,False,271,3359
646,306.30000000000007,3161,True,316,3366
647,305.15,3161,True,337,3373
648,170.0,1788,False,160,3377
649,134.9,1435,False,142,3380
650,24.25,313,False,27,3381
651,135.50000000000003,1435,False,137,3384
652,105.10000000000002,1129,False,110,3387
653,170.75000000000003,1797,False,178,3391
654,169.20000000000002,1778,False,172,3395
655,304.75000000000006,3161,True,360,3403
656,236.45000000000002,2471,False,245,3408
657,305.8,3161,True,316,3415
658,170.25,1788,False,161,3419
659,305.65000000000003,3161,True,336,3426
660,134.45000000000002,1435,False,129,3429
661,305.9,3161,True,315,3436
662,237.4,2470,False,230,3441
663,134.85000000000002,1434,False,128,3444
664,238.00000000000003,2476,False,227,3449
665,157.85,1676,False,160,3453
666,305.30000000000007,3161,True,336,3460
667,305.9,3161,True,310,3467
668,193.65000000000003,2020,False,192,3471
669,236.15000000000003,2476,False,235,3476
670,184.8,1945,False,178,3480
671,170.8,1791,False,161,3484
672,169.3,1791,False,182,3488
673,304.8,3161,True,339,3495
674,238.0,2475,False,222,3500
675,236.60000000000002,2471,False,253,3506
676,104.25000000000001,1127,False,110,3509
677,306.7,3161,True,321,3516
678,168.65000000000003,1784,False,168,3520
679,306.20000000000005,3161,True,321,3527
680,305.55,3161,True,316,3534
681,306.2,3161,True,321,3541
682,192.9,2027,False,177,3545
683,306.40000000000003,3161,True,315,3552
684,305.25000000000006,3161,True,335,3559
685,134.75,1433,False,128,3562
686,237.8,2474,False,226,3567
687,305.2,3161,True,320,3574
688,236.8,2470,False,237,3579
689,305.1,3161,True,355,3587
690,304.65,3161,True,338,3594
691,143.95000000000002,1528,False,141,3597
692,237.90000000000003,2472,False,261,3603
693,304.50000000000006,3161,True,330,3610
694,304.1,3161,True,404,3619
695,305.35,3161,True,327,3626
696,306.25000000000006,3161,True,332,3633
697,134.35000000000002,1434,False,129,3636
698,305.8,3161,True,342,3643
699,305.35,3161,True,354,3651
700,104.25000000000001,1128,False,114,3654
701,132.35000000000002,1408,False,129,3657
702,306.0,3161,True,357,3665
703,134.10000000000002,1434,False,129,3668
704,132.95000000000002,1409,False,129,3671
705,170.0,1785,False,162,3675
706,304.70000000000005,3161,True,348,3682
707,305.1000000000001,3161,True,377,3690
708,236.25000000000003,2473,False,261,3696
709,134.75,1434,False,133,3699
710,134.8,1434,False,141,3702
711,170.65000000000003,1793,False,161,3706
712,237.10000000000002,2473,False,257,3712
713,304.75000000000006,3161,True,356,3720
714,170.0,1788,False,161,3724
715,132.10000000000002,1407,False,130,3727
716,135.50000000000003,1433,False,129,3730
717,237.4,2474,False,221,3735
718,306.05,3161,True,293,3741
719,305.75,3161,True,335,3748
720,305.70000000000005,3161,True,323,3755
721,306.1,3161,True,329,3762
722,185.55,1955,False,172,3766
723,306.25,3161,True,332,3773
724,104.20000000000002,1129,False,105,3776
725,306.25000000000006,3161,True,303,3783
726,171.05,1797,False,159,3787
727,304.5,3161,True,332,3794
728,237.05,2472,False,241,3799
729,305.8,3161,True,319,3806
730,134.90000000000003,1432,False,130,3809
731,24.349999999999998,314,False,28,3810
732,237.8,2469,False,256,3816
733,58.4,679,False,115,3819
734,144.65,1524,False,136,3822
735,169.4,1784,False,162,3826
736,306.55,3161,True,292,3832
737,104.95,1128,False,104,3835
738,158.3,1670,False,150,3838
739,143.90000000000003,1523,False,136,3841
740,134.85,1434,False,129,3844
741,134.9,1434,False,140,3847
742,234.45,2471,False,370,3855
743,104.70000000000002,1129,False,108,3858
744,105.05,1131,False,134,3861
745,158.65,1675,False,165,3865
746,132.3,1409,False,150,3868
747,104.4,1128,False,120,3871
748,63.25,706,False,72,3873
749,159.10000000000002,1671,False,150,3876
750,132.60000000000002,1408,False,133,3879
751,143.8,1522,False,136,3882
752,184.65,1949,False,213,3887
753,306.05,3161,True,313,3894
754,192.10000000000002,2022,False,192,3898
755,306.7,3161,True,350,3905
756,190.8,2013,False,215,3910
757,103.95000000000002,1128,False,105,3913
758,187.05,1961,False,179,3917
759,235.65000000000003,2472,False,313,3924
760,305.30000000000007,3161,True,317,3931
761,24.550000000000004,311,False,27,3932
762,307.15000000000003,3161,True,315,3939
763,237.20000000000002,2476,False,238,3944
764,305.55,3161,True,320,3951
765,305.65000000000003,3161,True,307,3958
766,306.1,3161,True,303,3965
767,23.55,311,False,28,3966
768,107.5,1151,False,119,3969
769,305.25,3161,True,327,3976
770,306.5,3161,True,305,3983
771,194.3,2044,False,190,3987
772,236.70000000000005,2471,False,242,3992
773,306.05000000000007,3161,True,318,3999
774,23.900000000000002,312,False,27,4000
775,306.45000000000005,3161,True,349,4007
776,305.75,3161,True,307,4014
777,132.00000000000003,1408,False,158,4018
778,305.5,3161,True,333,4025
779,236.65000000000003,2477,False,258,4031
780,305.8,3161,True,320,4038
781,305.75000000000006,3161,True,335,4045
782,264.65000000000003,2763,False,284,4051
783,185.9,1957,False,175,4055
784,306.1,3161,True,330,4062
785,305.50000000000006,3161,True,333,4069
786,306.1,3161,True,325,4076
787,23.349999999999998,309,False,27,4077
788,237.90000000000003,2471,False,232,4082
789,158.65,1676,False,149,4085
790,104.85000000000002,1128,False,107,4088
791,265.35,2762,False,294,4094
792,305.00000000000006,3161,True,333,4101
793,186.20000000000002,1950,False,201,4106
794,236.35000000000002,2472,False,229,4111
795,168.4,1774,False,167,4115
796,170.3,1797,False,158,4119
797,305.15000000000003,3161,True,361,4127
798,170.05,1794,False,168,4131
799,237.90000000000003,2472,False,262,4137
800,304.85,3161,True,330,4144
801,236.10000000000002,2474,False,261,4150
802,132.60000000000002,1409,False,131,4153
803,157.70000000000002,1665,False,153,4157
804,305.15,3161,True,334,4164
805,305.35,3161,True,327,4171
806,305.6,3161,True,326,4178
807,105.05000000000001,1129,False,104,4181
808,238.25000000000003,2471,False,230,4186
809,236.35000000000002,2472,False,227,4191
810,305.15000000000003,3161,True,337,4198
811,134.15,1428,False,131,4201
812,232.8,2475,False,507,4212
813,304.6,3161,True,355,4220
814,186.25000000000003,1957,False,172,4224
815,143.85000000000002,1526,False,136,4227
816,237.10000000000002,2470,False,240,4232
817,133.75000000000003,1434,False,158,4236
818,159.10000000000002,1680,False,159,4240
819,237.55,2473,False,274,4246
820,305.05,3161,True,317,4253
821,134.9,1433,False,135,4256
822,237.05,2471,False,237,4261
823,170.35000000000002,1796,False,167,4265
824,169.15000000000003,1781,False,164,4269
825,170.9,1793,False,159,4273
826,304.75,3161,True,326,4280
827,185.7,1954,False,173,4284
828,305.50000000000006,3161,True,326,4291
829,237.05,2470,False,237,4296
830,236.9,2471,False,234,4301
831,169.75,1788,False,160,4305
832,304.70000000000005,3161,True,344,4312
833,104.85000000000002,1129,False,113,4315
834,306.25,3161,True,305,4322
835,305.35,3161,True,329,4329
836,306.05000000000007,3161,True,342,4336
837,168.95000000000002,1782,False,163,4340
838,306.35,3161,True,329,4347
839,264.35,2764,False,253,4353
840,170.15,1789,False,162,4357
841,305.1,3161,True,355,4365
842,306.2,3161,True,321,4372
843,192.70000000000005,2030,False,201,4377
844,193.0,2023,False,178,4381
845,305.45000000000005,3161,True,348,4388
846,169.75,1788,False,160,4392
847,305.75,3161,True,331,4399
848,306.25000000000006,3161,True,307,4406
849,304.90000000000003,3161,True,338,4413
850,306.6,3161,True,304,4420
851,304.90000000000003,3161,True,340,4427
852,237.20000000000002,2471,False,220,4432
853,24.450000000000003,315,False,27,4433
854,135.50000000000003,1435,False,139,4436
855,143.55,1528,False,160,4440
856,306.1,3161,True,350,4447
857,169.75000000000003,1789,False,161,4451
858,306.20000000000005,3161,True,296,4457
859,305.20000000000005,3161,True,318,4464
860,236.35000000000002,2471,False,248,4469
861,134.95000000000002,1435,False,129,4472
862,304.45000000000005,3161,True,398,4480
863,134.85000000000002,1433,False,150,4483
864,170.0,1785,False,163,4487
865,185.45000000000002,1957,False,188,4491
866,132.35000000000002,1408,False,128,4494
867,305.65000000000003,3161,True,335,4501
868,236.60000000000002,2476,False,272,4507
869,306.15000000000003,3161,True,313,4514
870,305.80000000000007,3161,True,318,4521
871,158.25,1672,False,148,4524
872,132.25,1408,False,131,4527
873,306.3,3161,True,320,4534
874,170.3,1791,False,160,4538
875,187.70000000000002,1962,False,191,4542
876,303.9,3161,True,364,4550
877,305.3,3161,True,344,4557
878,132.35000000000002,1408,False,130,4560
879,236.70000000000002,2473,False,254,4566
880,170.05,1782,False,164,4570
881,304.55,3161,True,342,4577
882,264.90000000000003,2759,False,261,4583
883,143.95000000000002,1522,False,136,4586
884,236.25000000000003,2471,False,255,4592
885,306.4,3161,True,312,4599
886,186.00000000000003,1957,False,199,4603
887,305.0,3161,True,333,4610
888,264.70000000000005,2754,False,274,4616
889,168.05,1779,False,173,4620
890,158.8,1675,False,148,4623
891,306.8,3161,True,340,4630
892,236.00000000000003,2471,False,228,4635
893,304.75000000000006,3161,True,359,4643
894,305.9,3161,True,313,4650
895,305.25000000000006,3161,True,359,4658
896,263.20000000000005,2742,False,270,4664
897,104.70000000000002,1130,False,106,4667
898,237.65,2473,False,243,4672
899,236.1,2472,False,255,4678
900,305.45000000000005,3161,True,325,4685
901,305.1000000000001,3161,True,355,4693
902,305.09999999999997,3161,True,322,4700
903,193.75,2020,False,190,4704
904,305.25000000000006,3161,True,308,4711
905,304.1,3161,True,376,4719
906,306.3,3161,True,316,4726
907,237.20000000000002,2476,False,236,4731
908,187.90000000000003,1975,False,173,4735
909,24.1,309,False,27,4736
910,307.85,3161,True,305,4743
911,302.90000000000003,3161,True,388,4751
912,306.15000000000003,3161,True,364,4759
913,304.70000000000005,3161,True,320,4766
914,305.45000000000005,3161,True,321,4773
915,304.20000000000005,3161,True,368,4781
916,169.5,1785,False,163,4785
917,134.70000000000002,1435,False,129,4788
918,105.25000000000001,1127,False,107,4791
919,24.700000000000003,315,False,27,4792
920,306.45000000000005,3161,True,348,4799
921,236.00000000000003,2471,False,253,4805
922,234.6,2473,False,359,4813
923,305.80000000000007,3161,True,319,4820
924,235.79999999999998,2469,False,256,4826
925,185.55,1954,False,218,4831
926,104.9,1127,False,114,4834
927,171.80000000000004,1797,False,161,4838
928,168.50000000000003,1782,False,165,4842
929,305.6,3161,True,355,4850
930,235.90000000000003,2471,False,307,4857
931,134.25,1433,False,130,4860
932,305.70000000000005,3161,True,347,4867
933,236.45000000000002,2472,False,246,4872
934,236.90000000000003,2469,False,221,4877
935,158.25000000000003,1673,False,153,4881
936,142.7,1511,False,139,4884
937,305.2,3161,True,349,4891
938,304.75,3161,True,383,4899
939,237.35000000000002,2473,False,231,4904
940,305.55,3161,True,319,4911
941,236.5,2470,False,248,4916
942,236.8,2471,False,236,4921
943,305.1500000000001,3161,True,361,4929
944,133.65,1427,False,130,4932
945,236.75000000000003,2470,False,254,4938
946,306.20000000000005,3161,True,325,4945
947,134.35000000000002,1434,False,129,4948
948,305.2,3161,True,371,4956
949,305.20000000000005,3161,True,346,4963
950,236.60000000000002,2471,False,248,4968
951,305.55,3161,True,344,4975
952,305.55,3161,True,316,4982
953,305.35,3161,True,328,4989
954,306.25000000000006,3161,True,306,4996
955,304.45000000000005,3161,True,374,5004
956,237.10000000000002,2470,False,243,5009
957,131.75,1408,False,131,5012
958,107.20000000000002,1151,False,107,5015
959,193.9,2027,False,177,5019
960,306.05000000000007,3161,True,315,5026
961,236.50000000000003,2472,False,234,5031
962,305.3500000000001,3161,True,325,5038
963,24.200000000000003,315,False,27,5039
964,105.50000000000001,1127,False,105,5042
965,305.70000000000005,3161,True,321,5049
966,306.0,3161,True,334,5056
967,305.3500000000001,3161,True,327,5063
968,171.45000000000005,1792,False,170,5067
969,142.10000000000002,1521,False,135,5070
970,134.35000000000002,1424,False,128,5073
971,305.65000000000003,3161,True,363,5081
972,236.15,2470,False,252,5087
973,305.15,3161,True,337,5094
974,305.3,3161,True,343,5101
975,237.0,2472,False,234,5106
976,169.20000000000002,1787,False,171,5110
977,24.6,314,False,27,5111
978,171.0,1788,False,161,5115
979,305.20000000000005,3161,True,323,5122
980,193.8,2027,False,183,5126
981,234.90000000000003,2470,False,281,5132
982,187.70000000000002,1959,False,172,5136
983,171.75000000000003,1799,False,159,5140
984,236.15,2471,False,234,5145
985,305.0,3161,True,358,5153
986,134.85000000000002,1434,False,128,5156
987,169.9,1788,False,161,5160
988,304.85,3161,True,323,5167
989,132.25,1408,False,131,5170
990,305.70000000000005,3161,True,316,5177
991,170.45000000000002,1790,False,160,5181
992,306.15,3161,True,315,5188
993,305.20000000000005,3161,True,347,5195
994,171.15000000000003,1805,False,174,5199
995,305.0,3161,True,326,5206
996,305.65,3161,True,339,5213
997,304.85,3161,True,354,5221
998,104.95000000000002,1129,False,107,5224
999,265.45000000000005,2762,False,264,5230
1000,132.10000000000002,1408,False,131,5233
1001,306.45,3161,True,321,5240
1002,305.05000000000007,3161,True,342,5247
1003,104.70000000000002,1129,False,107,5250
1004,82.15,898,False,122,5253
1005,132.45000000000002,1409,False,130,5256
1006,306.45000000000005,3161,True,325,5263
1007,193.05,2027,False,181,5267
1008,185.15000000000003,1947,False,177,5271
1009,236.9,2470,False,230,5276
1010,304.80000000000007,3161,True,394,5284
1011,104.35000000000002,1128,False,109,5287
1012,306.6,3161,True,328,5294
1013,304.65000000000003,3161,True,361,5302
1014,169.00000000000003,1785,False,165,5306
1015,305.2,3161,True,350,5313
1016,132.60000000000002,1408,False,130,5316
1017,170.15000000000003,1793,False,161,5320
1018,306.15000000000003,3161,True,336,5327
1019,142.2,1511,False,139,5330
1020,306.3,3161,True,319,5337
1021,306.0,3161,True,310,5344
1022,186.05,1954,False,172,5348
1023,236.95000000000002,2470,False,242,5353
1024,306.15000000000003,3161,True,312,5360
1025,236.50000000000003,2473,False,236,5365
1026,134.85000000000002,1434,False,130,5368
1027,132.35000000000002,1409,False,130,5371
1028,305.5,3161,True,381,5379
1029,305.55,3161,True,315,5386
1030,236.35000000000002,2470,False,244,5391
1031,236.55,2472,False,243,5396
1032,237.05,2471,False,240,5401
1033,193.4,2027,False,177,5405
1034,304.65000000000003,3161,True,360,5413
1035,306.55,3161,True,318,5420
1036,304.85,3161,True,329,5427
1037,186.8,1960,False,200,5431
1038,236.55,2471,False,238,5436
1039,306.15,3161,True,314,5443
1040,23.75,313,False,27,5444
1041,169.20000000000002,1772,False,167,5448
1042,306.0,3161,True,309,5455
1043,143.70000000000002,1527,False,138,5458
1044,236.85000000000002,2471,False,248,5463
1045,134.85000000000002,1434,False,128,5466
1046,187.55,1964,False,191,5470
1047,186.35000000000002,1956,False,194,5474
1048,304.95000000000005,3161,True,350,5481
1049,305.05,3161,True,345,5488
1050,305.5,3161,True,334,5495
1051,186.25000000000003,1957,False,173,5499
1052,305.90000000000003,3161,True,336,5506
1053,305.25000000000006,3161,True,305,5513
1054,306.40000000000003,3161,True,311,5520
1055,306.05,3161,True,319,5527
1056,236.9,2475,False,222,5532
1057,132.5,1408,False,132,5535
1058,237.05,2471,False,241,5540
1059,186.85000000000002,1963,False,172,5544
1060,236.95000000000005,2471,False,245,5549
1061,236.50000000000006,2470,False,253,5555
1062,305.3,3161,True,343,5562
1063,184.45000000000002,1942,False,193,5566
1064,306.3,3161,True,319,5573
1065,303.95,3161,True,375,5581
1066,306.34999999999997,3161,True,330,5588
1067,194.85000000000002,2027,False,193,5592
1068,303.45000000000005,3161,True,349,5599
1069,184.9,1952,False,179,5603
1070,159.20000000000002,1673,False,150,5606
1071,192.45000000000002,2020,False,177,5610
1072,60.95000000000001,681,False,58,5612
1073,105.30000000000001,1130,False,107,5615
1074,306.85,3161,True,305,5622
1075,168.70000000000002,1777,False,168,5626
1076,304.8500000000001,3161,True,375,5634
1077,104.00000000000001,1127,False,107,5637
1078,305.80000000000007,3161,True,340,5644
1079,157.20000000000002,1660,False,153,5648
1080,169.50000000000003,1785,False,161,5652
1081,62.400000000000006,699,False,65,5654
1082,237.10000000000002,2472,False,252,5660
1083,194.75,2041,False,191,5664
1084,305.3,3161,True,343,5671
1085,142.65000000000003,1519,False,136,5674
1086,306.6,3161,True,325,5681
1087,304.1500000000001,3161,True,364,5689
1088,135.0,1433,False,128,5692
1089,236.95000000000002,2470,False,242,5697
1090,305.80000000000007,3161,True,341,5704
1091,192.35000000000002,2022,False,191,5708
1092,22.600000000000005,300,False,31,5709
1093,306.6,3161,True,329,5716
1094,305.85,3161,True,327,5723
1095,304.35,3161,True,354,5731
1096,306.15000000000003,3161,True,309,5738
1097,304.75,3161,True,357,5746
1098,305.40000000000003,3161,True,337,5753
1099,169.15000000000003,1784,False,172,5757
1100,186.3,1955,False,172,5761
1101,305.65000000000003,3161,True,337,5768
1102,304.75,3161,True,356,5776
1103,263.65000000000003,2742,False,253,5782
1104,235.85000000000002,2474,False,290,5788
1105,305.1,3161,True,355,5796
1106,304.5,3161,True,384,5804
1107,237.25,2472,False,233,5809
1108,236.55000000000004,2472,False,243,5814
1109,63.050000000000004,710,False,72,5816
1110,135.0,1428,False,129,5819
1111,236.80000000000004,2472,False,245,5824
1112,306.05000000000007,3161,True,318,5831
1113,306.45000000000005,3161,True,299,5837
1114,192.75000000000003,2023,False,178,5841
1115,305.35,3161,True,353,5849
1116,104.60000000000001,1127,False,105,5852
1117,135.10000000000002,1435,False,131,5855
1118,306.5,3161,True,310,5862
1119,305.1,3161,True,351,5870
1120,306.1500000000001,3161,True,314,5877
1121,307.80000000000007,3161,True,342,5884
1122,302.50000000000006,3161,True,333,5891
1123,305.65,3161,True,337,5898
1124,237.55000000000004,2472,False,244,5903
1125,303.5,3161,True,353,5911
1126,235.85000000000002,2470,False,294,5917
1127,304.7,3161,True,373,5925
1128,134.35000000000002,1434,False,129,5928
1129,63.35,706,False,73,5930
1130,105.50000000000001,1127,False,107,5933
1131,306.65000000000003,3161,True,313,5940
1132,193.55,2024,False,194,5944
1133,168.75000000000003,1788,False,161,5948
1134,134.60000000000002,1429,False,130,5951
1135,61.1,691,False,87,5953
1136,306.00000000000006,3161,True,332,5960
1137,134.95000000000002,1435,False,128,5963
1138,306.30000000000007,3161,True,315,5970
1139,236.15,2469,False,230,5975
1140,304.85,3161,True,345,5982
1141,169.4,1783,False,166,5986
1142,305.40000000000003,3161,True,340,5993
1143,236.60000000000002,2471,False,245,5998
1144,186.90000000000003,1961,False,197,6002
1145,236.60000000000002,2474,False,240,6007
1146,186.25000000000003,1956,False,172,6011
1147,305.8500000000001,3161,True,326,6018
1148,186.55,1960,False,172,6022
1149,134.55,1432,False,131,6025
1150,193.9,2027,False,177,6029
1151,132.10000000000002,1408,False,132,6032
1152,264.95,2757,False,288,6038
1153,133.8,1431,False,129,6041
1154,237.55,2470,False,234,6046
1155,187.00000000000003,1961,False,173,6050
1156,305.1000000000001,3161,True,327,6057
1157,132.75,1408,False,133,6060
1158,170.15,1785,False,173,6064
1159,303.84999999999997,3161,True,347,6071
1160,196.10000000000002,2042,False,190,6075
1161,304.45000000000005,3161,True,324,6082
1162,304.95,3161,True,348,6089
1163,169.9,1787,False,161,6093
1164,306.0,3161,True,331,6100
1165,304.75,3161,True,357,6108
1166,237.0,2472,False,232,6113
1167,305.65000000000003,3161,True,314,6120
1168,305.75,3161,True,331,6127
1169,305.05000000000007,3161,True,343,6134
1170,135.0,1433,False,128,6137
1171,305.25,3161,True,359,6145
1172,304.85,3161,True,347,6152
1173,305.3,3161,True,311,6159
1174,305.40000000000003,3161,True,336,6166
1175,186.70000000000002,1962,False,188,6170
1176,304.65,3161,True,362,6178
1177,305.15,3161,True,333,6185
1178,134.25000000000003,1435,False,138,6188
1179,194.3,2018,False,188,6192
1180,130.60000000000002,1409,False,134,6195
1181,237.75000000000003,2472,False,234,6200
1182,305.65000000000003,3161,True,336,6207
1183,186.65000000000003,1954,False,188,6211
1184,303.75,3161,True,353,6219
1185,168.6,1787,False,170,6223
1186,305.55,3161,True,338,6230
1187,304.40000000000003,3161,True,362,6238
1188,236.55,2469,False,231,6243
1189,237.20000000000002,2471,False,241,6248
1190,236.90000000000003,2476,False,258,6254
1191,186.00000000000003,1957,False,175,6258
1192,306.3500000000001,3161,True,327,6265
1193,186.4,1958,False,192,6269
1194,304.95,3161,True,348,6276
1195,305.45000000000005,3161,True,323,6283
1196,306.15000000000003,3161,True,336,6290
1197,169.45000000000002,1790,False,161,6294
1198,185.65000000000003,1946,False,178,6298
1199,103.95000000000002,1127,False,146,6301
1200,305.65000000000003,3161,True,315,6308
1201,236.70000000000002,2468,False,260,6314
1202,169.3,1786,False,161,6318
1203,307.15000000000003,3161,True,340,6325
1204,304.70000000000005,3161,True,323,6332
1205,305.3,3161,True,344,6339
1206,305.15000000000003,3161,True,339,6346
1207,304.20000000000005,3161,True,398,6354
1208,305.25000000000006,3161,True,330,6361
1209,135.00000000000003,1433,False,129,6364
1210,192.85000000000002,2019,False,202,6369
1211,106.50000000000003,1154,False,106,6372
1212,237.45000000000005,2472,False,221,6377
1213,236.75,2471,False,226,6382
1214,105.30000000000001,1129,False,105,6385
1215,237.25000000000003,2471,False,254,6391
1216,236.00000000000003,2469,False,244,6396
1217,305.0,3161,True,327,6403
1218,305.79999999999995,3161,True,316,6410
1219,236.90000000000003,2469,False,248,6415
1220,168.00000000000003,1774,False,166,6419
1221,143.65,1524,False,137,6422
1222,306.2,3161,True,324,6429
1223,305.8,3161,True,318,6436
1224,305.8,3161,True,344,6443
1225,304.70000000000005,3161,True,323,6450
1226,306.0,3161,True,335,6457
1227,169.60000000000002,1785,False,161,6461
1228,166.8,1759,False,178,6465
1229,158.45000000000002,1672,False,149,6468
1230,304.7,3161,True,374,6476
1231,305.15000000000003,3161,True,362,6484
1232,305.75,3161,True,332,6491
1233,306.0,3161,True,307,6498
1234,304.45,3161,True,372,6506
1235,305.5,3161,True,332,6513
1236,134.95000000000002,1435,False,128,6516
1237,132.25,1408,False,131,6519
1238,305.70000000000005,3161,True,349,6526
1239,304.95,3161,True,350,6533
1240,169.85000000000002,1786,False,162,6537
1241,305.25000000000006,3161,True,359,6545
1242,305.70000000000005,3161,True,298,6551
1243,306.75000000000006,3161,True,307,6558
1244,305.05000000000007,3161,True,320,6565
1245,306.45000000000005,3161,True,323,6572
1246,171.40000000000003,1803,False,159,6576
1247,305.6,3161,True,304,6583
1248,306.1,3161,True,305,6590
1249,305.0,3161,True,333,6597
1250,187.05,1953,False,172,6601
1251,169.75,1789,False,161,6605
1252,305.40000000000003,3161,True,336,6612
1253,236.85000000000002,2472,False,228,6617
1254,134.50000000000003,1433,False,128,6620
1255,306.1,3161,True,355,6628
1256,305.30000000000007,3161,True,337,6635
1257,305.05000000000007,3161,True,345,6642
1258,131.85000000000002,1408,False,130,6645
1259,236.95000000000002,2469,False,236,6650
1260,59.85000000000001,675,False,57,6652
1261,305.25000000000006,3161,True,385,6660
1262,264.15,2763,False,307,6667
1263,304.99999999999994,3161,True,358,6675
1264,237.25000000000003,2473,False,238,6680
1265,132.25,1408,False,135,6683
1266,237.85000000000002,2476,False,222,6688
1267,305.35,3161,True,329,6695
1268,305.55000000000007,3161,True,340,6702
1269,305.65,3161,True,337,6709
1270,304.95000000000005,3161,True,343,6716
1271,305.05,3161,True,344,6723
1272,305.40000000000003,3161,True,336,6730
1273,170.05,1791,False,161,6734
1274,188.20000000000002,1974,False,173,6738
1275,305.6000000000001,3161,True,330,6745
1276,305.95,3161,True,324,6752
1277,132.20000000000002,1409,False,130,6755
1278,305.45000000000005,3161,True,320,6762
1279,306.1,3161,True,302,6769
1280,169.15,1777,False,165,6773
1281,23.650000000000002,312,False,27,6774
1282,306.9,3161,True,313,6781
1283,143.95000000000005,1527,False,136,6784
1284,193.85000000000002,2024,False,178,6788
1285,305.5,3161,True,310,6795
1286,237.25,2473,False,239,6800
1287,133.3,1421,False,129,6803
1288,132.50000000000003,1408,False,131,6806
1289,305.50000000000006,3161,True,332,6813
1290,304.95000000000005,3161,True,346,6820
1291,195.3,2040,False,200,6824
1292,304.40000000000003,3161,True,337,6831
1293,170.45000000000002,1791,False,162,6835
1294,306.25000000000006,3161,True,307,6842
1295,305.55000000000007,3161,True,342,6849
1296,132.10000000000002,1408,False,130,6852
1297,187.60000000000002,1960,False,183,6856
1298,235.85000000000002,2469,False,242,6861
1299,304.65000000000003,3161,True,334,6868
1300,158.35000000000002,1671,False,148,6871
1301,238.05000000000004,2472,False,243,6876
1302,185.05,1954,False,172,6880
1303,305.75,3161,True,360,6888
1304,304.5,3161,True,329,6895
1305,236.95000000000002,2471,False,241,6900
1306,192.5,2021,False,191,6904
1307,185.40000000000003,1947,False,178,6908
1308,305.0,3161,True,331,6915
1309,237.15,2472,False,240,6920
1310,170.4,1793,False,182,6924
1311,305.5,3161,True,331,6931
1312,191.95000000000005,2024,False,196,6935
1313,305.3,3161,True,341,6942
1314,169.90000000000003,1784,False,166,6946
1315,306.70000000000005,3161,True,297,6952
1316,234.85000000000002,2471,False,273,6958
1317,238.95000000000002,2473,False,229,6963
1318,303.95000000000005,3161,True,371,6971
1319,134.10000000000002,1434,False,129,6974
1320,135.35000000000002,1435,False,135,6977
1321,305.15000000000003,3161,True,389,6985
1322,305.4,3161,True,315,6992
1323,134.25,1434,False,160,6996
1324,305.65000000000003,3161,True,362,7004
1325,194.60000000000002,2047,False,194,7008
1326,24.349999999999998,314,False,28,7009
1327,237.10000000000002,2471,False,248,7014
1328,306.25000000000006,3161,True,333,7021
1329,263.40000000000003,2749,False,288,7027
1330,304.85,3161,True,327,7034
1331,134.65000000000003,1433,False,131,7037
1332,306.90000000000003,3161,True,311,7044
1333,303.99999999999994,3161,True,354,7052
1334,305.65000000000003,3161,True,336,7059
1335,305.3500000000001,3161,True,329,7066
1336,306.05000000000007,3161,True,317,7073
1337,304.6000000000001,3161,True,377,7081
1338,305.55,3161,True,316,7088
1339,134.45000000000002,1432,False,137,7091
1340,144.05,1523,False,135,7094
1341,186.3,1955,False,171,7098
1342,305.9,3161,True,313,7105
1343,305.95000000000005,3161,True,324,7112
1344,265.2,2755,False,253,7118
1345,157.75,1674,False,155,7122
1346,306.30000000000007,3161,True,293,7128
1347,306.1500000000001,3161,True,314,7135
1348,236.20000000000002,2472,False,273,7141
1349,185.95000000000005,1954,False,173,7145
1350,305.45,3161,True,345,7152
1351,305.3500000000001,3161,True,353,7160
1352,304.95000000000005,3161,True,349,7167
1353,134.20000000000002,1430,False,129,7170
1354,306.45000000000005,3161,True,321,7177
1355,134.45000000000002,1435,False,128,7180
1356,306.65,3161,True,314,7187
1357,304.6,3161,True,376,7195
1358,131.75,1408,False,133,7198
1359,236.70000000000002,2469,False,239,7203
1360,24.5,313,False,27,7204
1361,307.00000000000006,3161,True,307,7211
1362,305.85,3161,True,330,7218
1363,305.1,3161,True,326,7225
1364,169.0,1781,False,170,7229
1365,134.75,1434,False,133,7232
1366,186.95000000000005,1965,False,203,7237
1367,265.35,2756,False,261,7243
1368,187.75000000000003,1981,False,192,7247
1369,306.00000000000006,3161,True,309,7254
1370,236.55,2468,False,254,7260
1371,305.15000000000003,3161,True,336,7267
1372,305.6,3161,True,297,7273
1373,305.6,3161,True,327,7280
1374,186.75,1957,False,172,7284
1375,169.30000000000004,1787,False,161,7288
1376,304.80000000000007,3161,True,337,7295
1377,305.05,3161,True,370,7303
1378,185.95,1946,False,184,7307
1379,134.25,1433,False,130,7310
1380,305.85,3161,True,328,7317
1381,306.35,3161,True,302,7324
1382,304.80000000000007,3161,True,345,7331
1383,306.45000000000005,3161,True,297,7337
1384,305.8,3161,True,319,7344
1385,305.6,3161,True,327,7351
1386,186.8,1961,False,183,7355
1387,306.70000000000005,3161,True,300,7361
1388,305.75,3161,True,309,7368
1389,304.8500000000001,3161,True,351,7376
1390,236.90000000000003,2473,False,243,7381
1391,306.1000000000001,3161,True,300,7387
1392,305.45000000000005,3161,True,319,7394
1393,303.6,3161,True,348,7401
1394,306.1,3161,True,354,7409
1395,236.90000000000003,2475,False,247,7414
1396,306.9,3161,True,311,7421
1397,303.75,3161,True,331,7428
1398,304.50000000000006,3161,True,352,7436
1399,237.45000000000002,2472,False,246,7441
1400,235.90000000000003,2468,False,293,7447
1401,305.15000000000003,3161,True,309,7454
1402,131.15,1406,False,129,7457
1403,305.90000000000003,3161,True,306,7464
1404,186.60000000000002,1953,False,172,7468
1405,186.05,1953,False,171,7472
1406,305.45,3161,True,320,7479
1407,305.65000000000003,3161,True,311,7486
1408,192.35000000000002,2019,False,177,7490
1409,135.0,1433,False,128,7493
1410,306.30000000000007,3161,True,319,7500
1411,304.3,3161,True,335,7507
1412,305.6,3161,True,328,7514
1413,305.3,3161,True,340,7521
1414,305.15000000000003,3161,True,361,7529
1415,265.8,2760,False,253,7535
1416,158.10000000000002,1673,False,148,7538
1417,22.600000000000005,300,False,31,7539
1418,306.7,3161,True,321,7546
1419,237.10000000000002,2472,False,226,7551
1420,305.7,3161,True,323,7558
1421,305.7,3161,True,322,7565
1422,167.8,1767,False,169,7569
1423,305.35,3161,True,354,7577
1424,305.70000000000005,3161,True,295,7583
1425,304.35,3161,True,346,7590
1426,306.45000000000005,3161,True,299,7596
1427,22.350000000000005,300,False,31,7597
1428,170.3,1783,False,168,7601
1429,305.1,3161,True,325,7608
1430,264.15000000000003,2751,False,273,7614
1431,305.50000000000006,3161,True,331,7621
1432,236.85000000000002,2473,False,234,7626
1433,195.40000000000006,2042,False,203,7631
1434,23.200000000000003,315,False,27,7632
1435,306.85,3161,True,326,7639
1436,305.2,3161,True,317,7646
1437,169.20000000000002,1788,False,166,7650
1438,305.35,3161,True,350,7657
1439,306.25,3161,True,309,7664
1440,305.6,3161,True,327,7671
1441,305.3,3161,True,312,7678
1442,304.90000000000003,3161,True,340,7685
1443,236.75,2474,False,268,7691
1444,304.45,3161,True,371,7699
1445,305.8,3161,True,317,7706
1446,306.2,3161,True,324,7713
1447,304.95,3161,True,346,7720
1448,237.10000000000002,2475,False,236,7725
1449,305.05,3161,True,343,7732
1450,237.20000000000002,2471,False,242,7737
1451,62.20000000000001,703,False,74,7739
1452,306.05,3161,True,312,7746
1453,193.3,2027,False,184,7750
1454,303.7,3161,True,393,7758
1455,305.90000000000003,3161,True,311,7765
1456,132.45000000000002,1409,False,129,7768
1457,24.450000000000003,315,False,27,7769
1458,306.05,3161,True,342,7776
1459,132.60000000000002,1408,False,129,7779
1460,306.8,3161,True,291,7785
1461,305.1,3161,True,355,7793
1462,304.25,3161,True,353,7801
1463,237.35000000000002,2475,False,236,7806
1464,22.250000000000004,299,False,31,7807
1465,307.0,3161,True,309,7814
1466,305.20000000000005,3161,True,324,7821
1467,307.00000000000006,3161,True,306,7828
1468,235.90000000000003,2475,False,278,7834
1469,305.84999999999997,3161,True,329,7841
1470,305.20000000000005,3161,True,347,7848
1471,304.95000000000005,3161,True,324,7855
1472,193.60000000000002,2024,False,178,7859
1473,304.30000000000007,3161,True,365,7867
1474,305.5,3161,True,331,7874
1475,305.75,3161,True,334,7881
1476,59.35000000000001,675,False,57,7883
1477,306.6,3161,True,326,7890
1478,169.00000000000003,1781,False,169,7894
1479,24.200000000000003,315,False,27,7895
1480,105.55000000000001,1128,False,105,7898
1481,105.25000000000001,1128,False,113,7901
1482,306.30000000000007,3161,True,316,7908
1483,24.1,314,False,27,7909
1484,305.8500000000001,3161,True,323,7916
1485,304.8,3161,True,368,7924
1486,306.25,3161,True,308,7931
1487,134.3,1432,False,133,7934
1488,236.40000000000003,2471,False,256,7940
1489,23.000000000000004,299,False,31,7941
1490,134.9,1427,False,152,7945
1491,169.85000000000002,1790,False,161,7949
1492,305.35,3161,True,348,7956
1493,193.60000000000005,2027,False,195,7960
1494,305.05,3161,True,320,7967
1495,306.05000000000007,3161,True,293,7973
1496,236.25000000000003,2472,False,258,7979
1497,304.95,3161,True,370,7987
1498,265.90000000000003,2760,False,253,7993
1499,192.95000000000002,2024,False,178,7997
1500,303.8500000000001,3161,True,379,8005
1501,305.8,3161,True,343,8012
1502,156.45000000000005,1656,False,155,8016
1503,306.05,3161,True,319,8023
1504,306.15,3161,True,312,8030
1505,104.20000000000002,1129,False,105,8033
1506,306.15,3161,True,340,8040
1507,237.00000000000003,2476,False,222,8045
1508,306.95,3161,True,300,8051
1509,192.45000000000002,2020,False,177,8055
1510,235.15000000000003,2472,False,311,8062
1511,169.60000000000002,1792,False,169,8066
1512,306.95000000000005,3161,True,300,8072
1513,305.55,3161,True,318,8079
1514,305.85,3161,True,328,8086
1515,188.05,1978,False,187,8090
1516,158.45000000000002,1674,False,170,8094
1517,236.20000000000002,2471,False,242,8099
1518,172.0,1799,False,158,8103
1519,304.8,3161,True,337,8110
1520,185.9,1956,False,172,8114
1521,236.15,2471,False,259,8120
1522,305.95000000000005,3161,True,321,8127
1523,305.7,3161,True,321,8134
1524,237.35000000000002,2472,False,229,8139
1525,305.6,3161,True,326,8146
1526,304.9000000000001,3161,True,335,8153
1527,157.85000000000002,1674,False,154,8157
1528,60.95000000000001,680,False,59,8159
1529,105.25000000000001,1127,False,107,8162
1530,306.00000000000006,3161,True,308,8169
1531,305.85,3161,True,327,8176
1532,305.55000000000007,3161,True,341,8183
1533,168.70000000000005,1785,False,177,8187
1534,304.85,3161,True,349,8194
1535,306.05,3161,True,318,8201
1536,103.40000000000002,1132,False,157,8205
1537,307.05,3161,True,317,8212
1538,61.050000000000004,696,False,77,8214
1539,168.35000000000002,1765,False,169,8218
1540,305.95000000000005,3161,True,323,8225
1541,236.10000000000005,2470,False,267,8231
1542,305.20000000000005,3161,True,323,8238
1543,134.9,1432,False,128,8241
1544,306.95,3161,True,299,8247
1545,186.45000000000002,1959,False,172,8251
1546,305.2,3161,True,350,8258
1547,132.5,1408,False,132,8261
1548,131.9,1405,False,130,8264
1549,306.40000000000003,3161,True,312,8271
1550,306.25,3161,True,306,8278
1551,304.9,3161,True,362,8286
1552,303.9,3161,True,356,8294
1553,305.85,3161,True,326,8301
1554,169.60000000000002,1786,False,161,8305
1555,305.85,3161,True,326,8312
1556,304.95,3161,True,350,8319
1557,236.45000000000002,2473,False,253,8325
1558,303.70000000000005,3161,True,394,8333
1559,306.35,3161,True,303,8340
1560,134.75,1433,False,130,8343
1561,304.05,3161,True,468,8353
1562,305.40000000000003,3161,True,336,8360
1563,264.1000000000001,2760,False,258,8366
1564,133.95000000000002,1425,False,130,8369
1565,306.2,3161,True,322,8376
1566,236.05,2471,False,264,8382
1567,133.8,1427,False,130,8385
1568,236.90000000000003,2471,False,233,8390
1569,135.35000000000002,1435,False,131,8393
1570,104.35000000000001,1125,False,124,8396
1571,304.7500000000001,3161,True,353,8404
1572,134.55,1431,False,128,8407
1573,263.90000000000003,2741,False,251,8413
1574,305.65,3161,True,312,8420
1575,170.05,1781,False,164,8424
1576,304.95000000000005,3161,True,322,8431
1577,168.65000000000003,1774,False,168,8435
1578,104.85000000000001,1128,False,105,8438
1579,236.85000000000002,2470,False,243,8443
1580,236.55,2476,False,257,8449
1581,193.20000000000002,2021,False,182,8453
1582,184.55,1948,False,186,8457
1583,304.8500000000001,3161,True,345,8464
1584,305.75,3161,True,335,8471
1585,304.90000000000003,3161,True,330,8478
1586,185.25000000000003,1957,False,203,8483
1587,187.00000000000003,1958,False,176,8487
1588,305.6,3161,True,326,8494
1589,305.0,3161,True,356,8502
1590,305.9,3161,True,362,8510
1591,235.50000000000003,2471,False,279,8516
1592,305.55,3161,True,367,8524
1593,168.00000000000003,1788,False,161,8528
1594,194.65000000000003,2022,False,178,8532
1595,133.9,1433,False,134,8535
1596,305.25000000000006,3161,True,335,8542
1597,194.10000000000002,2028,False,198,8546
1598,133.50000000000003,1430,False,138,8549
1599,133.65,1424,False,164,8553
1600,305.09999999999997,3161,True,353,8561
1601,304.50000000000006,3161,True,353,8569
1602,236.55,2469,False,232,8574
1603,24.700000000000003,315,False,27,8575
1604,306.65,3161,True,309,8582
1605,305.55,3161,True,317,8589
1606,169.65000000000003,1787,False,161,8593
1607,134.35000000000002,1430,False,131,8596
1608,105.30000000000001,1130,False,108,8599
1609,306.35,3161,True,321,8606
1610,59.30000000000001,684,False,91,8608
1611,307.05000000000007,3161,True,335,8615
1612,303.65000000000003,3161,True,331,8622
1613,64.3,722,False,74,8624
1614,196.00000000000003,2045,False,188,8628
1615,306.1,3161,True,301,8635
1616,235.80000000000007,2471,False,265,8641
1617,135.10000000000002,1434,False,130,8644
1618,237.45000000000002,2473,False,229,8649
1619,305.70000000000005,3161,True,323,8656
1620,170.0,1789,False,161,8660
1621,304.35,3161,True,321,8667
1622,169.3,1773,False,167,8671
1623,305.1,3161,True,328,8678
1624,60.10000000000001,675,False,57,8680
1625,132.75,1408,False,133,8683
1626,305.8,3161,True,310,8690
1627,306.1,3161,True,305,8697
1628,169.85000000000002,1790,False,161,8701
1629,132.60000000000002,1408,False,129,8704
1630,265.40000000000003,2762,False,301,8711
1631,236.05,2471,False,237,8716
1632,192.70000000000002,2020,False,177,8720
1633,236.00000000000003,2469,False,247,8725
1634,132.35000000000002,1407,False,130,8728
1635,306.25,3161,True,335,8735
1636,306.15,3161,True,340,8742
1637,132.55,1423,False,136,8745
1638,237.5,2470,False,228,8750
1639,59.85000000000001,675,False,57,8752
1640,306.05,3161,True,313,8759
1641,305.3,3161,True,345,8766
1642,236.50000000000003,2472,False,233,8771
1643,307.05,3161,True,295,8777
1644,305.20000000000005,3161,True,321,8784
1645,306.1,3161,True,305,8791
1646,132.35000000000002,1409,False,134,8794
1647,305.35,3161,True,323,8801
1648,306.65000000000003,3161,True,340,8808
1649,168.45000000000002,1782,False,167,8812
1650,306.40000000000003,3161,True,286,8818
1651,305.25000000000006,3161,True,331,8825
1652,134.60000000000002,1435,False,132,8828
1653,305.15000000000003,3161,True,365,8836
1654,306.25000000000006,3161,True,306,8843
1655,305.95000000000005,3161,True,323,8850
1656,169.15,1784,False,166,8854
1657,235.70000000000002,2474,False,334,8861
1658,305.45000000000005,3161,True,324,8868
1659,305.5,3161,True,310,8875
1660,196.35000000000002,2042,False,193,8879
1661,305.05000000000007,3161,True,293,8885
1662,22.350000000000005,300,False,31,8886
1663,133.10000000000002,1408,False,130,8889
1664,305.90000000000003,3161,True,340,8896
1665,168.05000000000004,1773,False,167,8900
1666,143.15,1517,False,137,8903
1667,305.7,3161,True,325,8910
1668,306.40000000000003,3161,True,311,8917
1669,305.65000000000003,3161,True,310,8924
1670,169.30000000000004,1786,False,161,8928
1671,132.20000000000002,1405,False,130,8931
1672,236.50000000000006,2472,False,257,8937
1673,305.50000000000006,3161,True,357,8945
1674,305.40000000000003,3161,True,337,8952
1675,236.45000000000002,2475,False,240,8957
1676,105.90000000000002,1137,False,105,8960
1677,236.4,2470,False,277,8966
1678,305.9,3161,True,311,8973
1679,62.20000000000001,704,False,83,8975
1680,306.3,3161,True,312,8982
1681,305.1,3161,True,296,8988
1682,237.75,2471,False,230,8993
1683,131.15,1402,False,132,8996
1684,305.90000000000003,3161,True,309,9003
1685,305.25,3161,True,302,9010
1686,305.8,3161,True,319,9017
1687,168.45000000000002,1780,False,175,9021
1688,171.9,1798,False,158,9025
1689,305.95,3161,True,299,9031
1690,305.0,3161,True,331,9038
1691,131.8,1400,False,130,9041
1692,192.60000000000002,2019,False,177,9045
1693,186.15,1955,False,172,9049
1694,306.6,3161,True,303,9056
1695,193.20000000000002,2025,False,177,9060
1696,236.95000000000002,2474,False,231,9065
1697,170.35000000000002,1790,False,160,9069
1698,304.25000000000006,3161,True,352,9077
1699,305.90000000000003,3161,True,336,9084
1700,237.0,2472,False,231,9089
1701,304.45,3161,True,374,9097
1702,104.50000000000001,1127,False,107,9100
1703,306.5,3161,True,309,9107
1704,305.6,3161,True,329,9114
1705,22.600000000000005,300,False,31,9115
1706,168.65,1769,False,172,9119
1707,192.70000000000005,2017,False,189,9123
1708,236.70000000000002,2472,False,221,9128
1709,307.3,3161,True,316,9135
1710,21.350000000000005,300,False,31,9136
1711,306.95,3161,True,325,9143
1712,60.000000000000014,679,False,58,9145
1713,24.75,313,False,27,9146
1714,60.5,675,False,61,9148
1715,306.0,3161,True,358,9156
1716,186.55,1960,False,178,9160
1717,305.75000000000006,3161,True,330,9167
1718,306.55,3161,True,294,9173
1719,23.950000000000003,315,False,27,9174
1720,306.7,3161,True,322,9181
1721,169.85000000000002,1789,False,161,9185
1722,186.8,1960,False,172,9189
1723,132.60000000000002,1409,False,132,9192
1724,237.50000000000003,2471,False,228,9197
1725,305.45,3161,True,323,9204
1726,306.0,3161,True,330,9211
1727,304.90000000000003,3161,True,339,9218
1728,157.9,1671,False,148,9221
1729,305.4,3161,True,340,9228
1730,194.00000000000003,2025,False,189,9232
1731,169.10000000000002,1789,False,161,9236
1732,105.10000000000002,1129,False,112,9239
1733,237.55,2474,False,254,9245
1734,305.45000000000005,3161,True,293,9251
1735,305.55,3161,True,340,9258
1736,236.9,2470,False,230,9263
1737,305.59999999999997,3161,True,353,9271
1738,103.40000000000002,1129,False,148,9274
1739,305.15,3161,True,336,9281
1740,306.55,3161,True,315,9288
1741,305.0,3161,True,335,9295
1742,305.15,3161,True,364,9303
1743,104.35000000000002,1128,False,107,9306
1744,169.20000000000002,1783,False,177,9310
1745,25.450000000000003,315,False,27,9311
1746,305.84999999999997,3161,True,327,9318
1747,59.50000000000001,675,False,85,9320
1748,306.6,3161,True,326,9327
1749,22.350000000000005,300,False,31,9328
1750,307.00000000000006,3161,True,310,9335
1751,305.65000000000003,3161,True,339,9342
1752,305.05,3161,True,343,9349
1753,170.8,1797,False,158,9353
1754,306.3,3161,True,319,9360
1755,304.55,3161,True,340,9367
1756,304.9,3161,True,361,9375
1757,192.4,2024,False,188,9379
1758,186.20000000000002,1954,False,172,9383
1759,105.55000000000001,1136,False,106,9386
1760,305.85,3161,True,327,9393
1761,305.65000000000003,3161,True,311,9400
1762,306.75000000000006,3161,True,306,9407
1763,304.85,3161,True,329,9414
1764,305.55000000000007,3161,True,314,9421
1765,169.35000000000002,1780,False,164,9425
1766,169.65000000000003,1787,False,161,9429
1767,237.4,2470,False,230,9434
1768,104.15000000000002,1125,False,106,9437
1769,237.40000000000003,2475,False,228,9442
1770,305.90000000000003,3161,True,310,9449
1771,305.65000000000003,3161,True,339,9456
1772,305.45000000000005,3161,True,322,9463
1773,104.50000000000001,1128,False,113,9466
1774,306.35,3161,True,330,9473
1775,304.95000000000005,3161,True,349,9480
1776,305.45000000000005,3161,True,320,9487
1777,306.05000000000007,3161,True,316,9494
1778,60.300000000000004,687,False,82,9496
1779,306.90000000000003,3161,True,336,9503
1780,305.1,3161,True,330,9510
1781,134.70000000000002,1435,False,128,9513
1782,60.35000000000001,675,False,57,9515
1783,306.55,3161,True,318,9522
1784,305.45,3161,True,321,9529
1785,186.50000000000003,1956,False,171,9533
1786,306.05,3161,True,318,9540
1787,236.45000000000002,2470,False,239,9545
1788,186.0,1957,False,172,9549
1789,169.95000000000002,1778,False,166,9553
1790,106.10000000000002,1149,False,104,9556
1791,306.1,3161,True,352,9564
1792,305.0,3161,True,333,9571
1793,104.50000000000001,1127,False,105,9574
1794,305.75,3161,True,331,9581
1795,170.40000000000003,1793,False,163,9585
1796,169.65,1783,False,163,9589
1797,193.9,2027,False,177,9593
1798,142.70000000000002,1522,False,136,9596
1799,237.00000000000003,2476,False,276,9602
1800,104.45000000000002,1129,False,105,9605
1801,134.3,1427,False,134,9608
1802,237.65,2471,False,237,9613
1803,170.25000000000003,1794,False,162,9617
1804,306.95,3161,True,320,9624
1805,236.3,2476,False,237,9629
1806,305.2,3161,True,315,9636
1807,193.55000000000004,2021,False,204,9641
1808,235.20000000000002,2470,False,239,9646
1809,306.4,3161,True,312,9653
1810,304.25,3161,True,352,9661
1811,237.05,2470,False,236,9666
1812,305.3,3161,True,345,9673
1813,304.35,3161,True,377,9681
1814,305.35,3161,True,326,9688
1815,171.5,1799,False,158,9692
1816,131.55,1406,False,132,9695
1817,169.35000000000002,1778,False,177,9699
1818,236.70000000000005,2473,False,228,9704
1819,169.60000000000002,1785,False,165,9708
1820,236.95000000000005,2473,False,230,9713
1821,306.70000000000005,3161,True,299,9719
1822,186.05,1954,False,172,9723
1823,305.20000000000005,3161,True,346,9730
1824,133.25,1414,False,131,9733
1825,186.45000000000002,1958,False,172,9737
1826,144.10000000000002,1526,False,136,9740
1827,304.6500000000001,3161,True,357,9748
1828,306.3,3161,True,341,9755
1829,305.0,3161,True,334,9762
1830,23.700000000000003,315,False,27,9763
1831,306.3,3161,True,366,9771
1832,235.3,2469,False,308,9778
1833,142.05,1512,False,140,9781
1834,236.29999999999998,2472,False,268,9787
1835,305.40000000000003,3161,True,338,9794
1836,305.85,3161,True,330,9801
1837,235.65000000000003,2469,False,277,9807
1838,186.80000000000004,1960,False,173,9811
1839,305.34999999999997,3161,True,351,9819
1840,237.00000000000003,2472,False,240,9824
1841,306.25,3161,True,307,9831
1842,305.2,3161,True,322,9838
1843,132.10000000000002,1408,False,130,9841
1844,133.20000000000002,1409,False,129,9844
1845,305.45000000000005,3161,True,319,9851
1846,305.65000000000003,3161,True,311,9858
1847,169.50000000000003,1781,False,170,9862
1848,305.40000000000003,3161,True,313,9869
1849,306.20000000000005,3161,True,324,9876
1850,60.00000000000001,684,False,84,9878
1851,306.05,3161,True,314,9885
1852,305.40000000000003,3161,True,339,9892
1853,305.65000000000003,3161,True,314,9899
1854,305.1,3161,True,355,9907
1855,188.05,1963,False,190,9911
1856,170.1,1795,False,158,9915
1857,305.1,3161,True,329,9922
1858,104.60000000000001,1128,False,106,9925
1859,304.75,3161,True,384,9933
1860,305.9,3161,True,334,9940
1861,141.8,1512,False,139,9943
1862,134.9,1432,False,128,9946
1863,306.05,3161,True,316,9953
1864,236.45000000000002,2470,False,240,9958
1865,193.05,2021,False,178,9962
1866,237.3,2474,False,228,9967
1867,305.3500000000001,3161,True,327,9974
1868,306.05,3161,True,315,9981
1869,24.200000000000003,315,False,27,9982
1870,307.00000000000006,3161,True,309,9989
1871,305.75,3161,True,307,9996
1872,305.90000000000003,3161,True,338,10003
1873,304.95000000000005,3161,True,350,10010
1874,305.6,3161,True,327,10017
1875,186.3,1953,False,171,10021
1876,169.9,1783,False,163,10025
1877,304.15000000000003,3161,True,362,10033
1878,24.25,313,False,27,10034
1879,237.35000000000002,2469,False,236,10039
1880,305.75,3161,True,335,10046
1881,305.05,3161,True,341,10053
1882,305.95000000000005,3161,True,293,10059
1883,305.65,3161,True,308,10066
1884,305.25,3161,True,300,10072
1885,306.25000000000006,3161,True,308,10079
1886,168.45000000000002,1778,False,174,10083
1887,104.50000000000001,1127,False,107,10086
1888,306.65000000000003,3161,True,313,10093
1889,169.75,1788,False,161,10097
1890,171.4,1798,False,158,10101
1891,305.25000000000006,3161,True,306,10108
1892,304.65000000000003,3161,True,332,10115
1893,306.70000000000005,3161,True,300,10121
1894,60.05,682,False,83,10123
1895,305.45,3161,True,342,10130
1896,236.20000000000005,2474,False,283,10136
1897,306.55,3161,True,291,10142
1898,304.84999999999997,3161,True,355,10150
1899,304.8500000000001,3161,True,353,10158
1900,305.85,3161,True,330,10165
1901,305.79999999999995,3161,True,318,10172
1902,305.65000000000003,3161,True,337,10179
1903,305.95,3161,True,300,10185
1904,169.65,1787,False,161,10189
1905,305.15000000000003,3161,True,339,10196
1906,306.40000000000003,3161,True,307,10203
1907,133.9,1432,False,128,10206
1908,305.3,3161,True,365,10214
1909,192.8,2024,False,191,10218
1910,305.75,3161,True,306,10225
1911,236.70000000000002,2472,False,246,10230
1912,306.70000000000005,3161,True,298,10236
1913,305.8,3161,True,319,10243
1914,303.85,3161,True,401,10252
1915,186.25,1958,False,175,10256
1916,170.25,1788,False,161,10260
1917,305.45000000000005,3161,True,315,10267
1918,305.34999999999997,3161,True,327,10274
1919,306.25000000000006,3161,True,307,10281
1920,305.90000000000003,3161,True,310,10288
1921,306.00000000000006,3161,True,309,10295
1922,305.55,3161,True,316,10302
1923,167.60000000000002,1761,False,172,10306
1924,236.55,2471,False,245,10311
1925,305.45000000000005,3161,True,321,10318
1926,143.60000000000002,1526,False,136,10321
1927,305.85,3161,True,321,10328
1928,306.15000000000003,3161,True,288,10334
1929,305.90000000000003,3161,True,313,10341
1930,305.6,3161,True,326,10348
1931,169.50000000000003,1788,False,161,10352
1932,305.54999999999995,3161,True,337,10359
1933,305.15000000000003,3161,True,336,10366
1934,60.7,687,False,88,10368
1935,304.5,3161,True,380,10376
1936,305.7,3161,True,325,10383
1937,237.20000000000002,2474,False,233,10388
1938,22.500000000000004,299,False,31,10389
1939,306.25,3161,True,303,10396
1940,24.450000000000003,315,False,27,10397
1941,237.5,2471,False,229,10402
1942,236.65000000000003,2469,False,245,10407
1943,196.25,2046,False,193,10411
1944,169.0,1788,False,161,10415
1945,169.05,1781,False,166,10419
1946,237.4,2472,False,239,10424
1947,305.25,3161,True,335,10431
1948,306.85,3161,True,300,10437
1949,131.45000000000002,1409,False,129,10440
1950,305.80000000000007,3161,True,344,10447
1951,304.75,3161,True,360,10455
1952,306.45000000000005,3161,True,297,10461
1953,237.4,2475,False,222,10466
1954,305.8,3161,True,316,10473
1955,305.55,3161,True,345,10480
1956,236.75,2471,False,235,10485
1957,305.80000000000007,3161,True,311,10492
1958,305.40000000000003,3161,True,286,10498
