0,306.4,3161,True,337,7
1,142.35000000000002,1511,False,140,10
2,306.15000000000003,3161,True,339,17
3,305.4,3161,True,311,24
4,305.55,3161,True,312,31
5,305.0,3161,True,359,39
6,104.25000000000001,1127,False,107,42
7,60.95000000000001,681,False,58,44
8,24.75,313,False,27,45
9,237.70000000000005,2470,False,237,50
10,304.95000000000005,3161,True,320,57
11,305.5,3161,True,334,64
12,237.10000000000002,2470,False,241,69
13,305.25,3161,True,332,76
14,306.55,3161,True,320,83
15,104.25,1136,False,123,86
16,237.45000000000002,2470,False,237,91
17,305.05,3161,True,344,98
18,236.95000000000002,2471,False,245,103
19,305.75000000000006,3161,True,308,110
20,264.95,2759,False,271,116
21,171.05,1797,False,158,120
22,304.8,3161,True,345,127
23,236.15000000000003,2471,False,256,133
24,193.65,2027,False,178,137
25,104.50000000000001,1127,False,107,140
26,237.95000000000002,2474,False,233,145
27,64.4,722,False,68,147
28,105.25000000000001,1127,False,107,150
29,24.700000000000003,315,False,27,151
30,306.75,3161,True,332,158
31,186.95000000000005,1962,False,186,162
32,185.40000000000003,1955,False,172,166
33,304.90000000000003,3161,True,359,174
34,22.600000000000005,300,False,31,175
35,307.3500000000001,3161,True,304,182
36,305.7,3161,True,324,189
37,305.05,3161,True,340,196
38,306.00000000000006,3161,True,308,203
39,22.600000000000005,300,False,31,204
40,60.85000000000001,675,False,57,206
41,306.70000000000005,3161,True,298,212
42,306.15000000000003,3161,True,312,219
43,237.00000000000003,2474,False,244,224
44,185.45000000000002,1952,False,190,228
45,307.0,3161,True,285,234
46,305.75,3161,True,305,241
47,169.55,1788,False,167,245
48,306.20000000000005,3161,True,321,252
49,305.1000000000001,3161,True,297,258
50,237.3,2471,False,238,263
51,306.20000000000005,3161,True,296,269
52,236.60000000000002,2472,False,259,275
53,305.65000000000003,3161,True,339,282
54,305.5,3161,True,309,289
55,306.35,3161,True,301,296
56,305.30000000000007,3161,True,341,303
57,305.8,3161,True,316,310
58,304.25000000000006,3161,True,355,318
59,24.700000000000003,315,False,27,319
60,305.30000000000007,3161,True,392,327
61,305.84999999999997,3161,True,353,335
62,305.00000000000006,3161,True,308,342
63,64.9,722,False,68,344
64,266.40000000000003,2762,False,257,350
65,305.45,3161,True,324,357
66,305.25,3161,True,332,364
67,305.6500000000001,3161,True,337,371
68,306.05,3161,True,319,378
69,305.05,3161,True,345,385
70,60.25000000000001,679,False,57,387
71,305.75000000000006,3161,True,326,394
72,237.3,2473,False,221,399
73,236.20000000000002,2469,False,237,404
74,237.3,2468,False,230,409
75,306.15000000000003,3161,True,314,416
76,236.65,2472,False,237,421
77,305.5,3161,True,332,428
78,169.9,1789,False,162,432
79,306.25000000000006,3161,True,309,439
80,306.55,3161,True,317,446
81,305.05,3161,True,294,452
82,305.2,3161,True,350,459
83,304.75000000000006,3161,True,358,467
84,237.5,2474,False,242,472
85,305.55,3161,True,315,479
86,305.95000000000005,3161,True,322,486
87,305.70000000000005,3161,True,325,493
88,72.8,819,False,116,496
89,306.05000000000007,3161,True,368,504
90,305.0,3161,True,331,511
91,306.40000000000003,3161,True,312,518
92,304.8,3161,True,343,525
93,305.70000000000005,3161,True,324,532
94,236.35000000000002,2471,False,273,538
95,22.600000000000005,300,False,31,539
96,305.6,3161,True,346,546
97,305.75,3161,True,306,553
98,306.45000000000005,3161,True,299,559
99,305.8,3161,True,316,566
100,132.10000000000002,1408,False,128,569
101,306.5,3161,True,360,577
102,235.95000000000002,2472,False,229,582
103,135.10000000000002,1434,False,129,585
104,305.6,3161,True,328,592
105,306.29999999999995,3161,True,320,599
106,305.5,3161,True,306,606
107,59.85000000000001,675,False,57,608
108,170.85000000000002,1790,False,161,612
109,104.85000000000001,1134,False,107,615
110,307.34999999999997,3161,True,302,622
111,305.05,3161,True,341,629
112,134.75,1433,False,128,632
113,104.95000000000002,1129,False,106,635
114,306.1,3161,True,322,642
115,305.00000000000006,3161,True,305,649
116,305.75,3161,True,333,656
117,305.3,3161,True,290,662
118,105.65,1136,False,105,665
119,105.00000000000001,1127,False,107,668
120,170.15,1787,False,162,672
121,134.55,1431,False,128,675
122,306.84999999999997,3161,True,304,682
123,305.90000000000003,3161,True,313,689
124,61.15,699,False,88,691
125,306.70000000000005,3161,True,324,698
126,305.8,3161,True,320,705
127,236.15,2471,False,257,711
128,236.95000000000002,2469,False,240,716
129,170.85000000000002,1795,False,159,720
130,59.95,687,False,87,722
131,105.35000000000002,1128,False,106,725
132,306.05000000000007,3161,True,314,732
133,104.55000000000001,1130,False,107,735
134,306.20000000000005,3161,True,323,742
135,306.20000000000005,3161,True,300,748
136,306.1,3161,True,301,755
137,305.50000000000006,3161,True,330,762
138,306.55,3161,True,294,768
139,170.40000000000003,1793,False,162,772
140,305.25,3161,True,326,779
141,134.10000000000002,1430,False,131,782
142,237.4,2477,False,235,787
143,305.55000000000007,3161,True,313,794
144,236.95000000000002,2471,False,242,799
145,305.35,3161,True,329,806
146,305.84999999999997,3161,True,304,813
147,142.65000000000003,1513,False,139,816
148,306.15000000000003,3161,True,312,823
149,305.65000000000003,3161,True,338,830
150,305.00000000000006,3161,True,330,837
151,236.3,2470,False,230,842
152,306.70000000000005,3161,True,297,848
153,192.45000000000002,2020,False,180,852
154,24.450000000000003,315,False,27,853
155,307.00000000000006,3161,True,308,860
156,306.20000000000005,3161,True,296,866
157,305.1,3161,True,351,874
158,236.70000000000002,2470,False,236,879
159,23.800000000000004,311,False,27,880
160,307.1,3161,True,326,887
161,304.95,3161,True,293,893
162,134.4,1429,False,136,896
163,169.85000000000002,1789,False,161,900
164,237.05,2471,False,263,906
165,23.75,313,False,27,907
166,306.45,3161,True,322,914
167,142.35000000000002,1510,False,140,917
168,24.5,313,False,27,918
169,305.55,3161,True,391,926
170,132.00000000000003,1415,False,147,929
171,306.35,3161,True,329,936
172,305.55000000000007,3161,True,317,943
173,306.40000000000003,3161,True,314,950
174,305.65000000000003,3161,True,312,957
175,306.15,3161,True,312,964
176,236.65,2472,False,236,969
177,305.5,3161,True,306,976
178,306.25,3161,True,331,983
179,304.95000000000005,3161,True,316,990
180,170.3,1791,False,161,994
181,236.7,2470,False,235,999
182,22.600000000000005,300,False,31,1000
183,170.85000000000002,1790,False,161,1004
184,305.05,3161,True,367,1012
185,22.600000000000005,300,False,31,1013
186,237.3,2470,False,233,1018
187,237.10000000000002,2472,False,230,1023
188,237.20000000000002,2472,False,221,1028
189,24.4,312,False,29,1029
190,306.90000000000003,3161,True,315,1036
191,305.35,3161,True,299,1042
192,237.25,2471,False,230,1047
193,305.45,3161,True,345,1054
194,235.35000000000002,2472,False,278,1060
195,264.75,2757,False,321,1067
196,235.8,2471,False,236,1072
197,306.40000000000003,3161,True,315,1079
198,133.55,1434,False,141,1082
199,306.95000000000005,3161,True,296,1088
200,237.20000000000002,2473,False,255,1094
201,237.00000000000003,2473,False,238,1099
202,305.35,3161,True,329,1106
203,236.45000000000002,2470,False,243,1111
204,237.65,2476,False,227,1116
205,305.90000000000003,3161,True,315,1123
206,184.9,1941,False,177,1127
207,305.09999999999997,3161,True,346,1134
208,134.20000000000002,1435,False,128,1137
209,305.85,3161,True,329,1144
210,305.29999999999995,3161,True,313,1151
211,305.9,3161,True,307,1158
212,305.75000000000006,3161,True,309,1165
213,236.80000000000004,2470,False,239,1170
214,236.15000000000003,2471,False,281,1176
215,305.1,3161,True,326,1183
216,306.1000000000001,3161,True,302,1190
217,236.75000000000003,2470,False,250,1195
218,236.65000000000003,2472,False,237,1200
219,305.25000000000006,3161,True,358,1208
220,306.65000000000003,3161,True,290,1214
221,306.0,3161,True,308,1221
222,304.65000000000003,3161,True,339,1228
223,306.65,3161,True,311,1235
224,236.50000000000003,2471,False,228,1240
225,186.60000000000002,1955,False,187,1244
226,305.8,3161,True,316,1251
227,305.6000000000001,3161,True,303,1258
228,237.10000000000002,2469,False,244,1263
229,236.3,2471,False,240,1268
230,24.450000000000003,315,False,27,1269
231,143.25,1515,False,140,1272
232,306.50000000000006,3161,True,308,1279
233,305.65,3161,True,306,1286
234,305.65000000000003,3161,True,315,1293
235,237.25000000000003,2470,False,228,1298
236,193.4,2027,False,178,1302
237,306.25000000000006,3161,True,306,1309
238,305.90000000000003,3161,True,315,1316
239,305.55,3161,True,317,1323
240,306.35,3161,True,302,1330
241,235.75,2470,False,273,1336
242,236.95000000000002,2471,False,220,1341
243,306.1,3161,True,301,1348
244,306.05,3161,True,319,1355
245,237.35000000000002,2475,False,243,1360
246,236.45,2473,False,254,1366
247,305.40000000000003,3161,True,339,1373
248,168.55,1788,False,224,1378
249,305.75000000000006,3161,True,357,1386
250,142.60000000000002,1521,False,135,1389
251,263.05,2740,False,277,1395
252,305.95000000000005,3161,True,322,1402
253,303.90000000000003,3161,True,412,1411
254,236.65,2469,False,227,1416
255,306.50000000000006,3161,True,308,1423
256,304.55000000000007,3161,True,314,1430
257,305.95,3161,True,321,1437
258,305.05000000000007,3161,True,341,1444
259,186.90000000000003,1960,False,173,1448
260,237.05,2470,False,232,1453
261,237.40000000000003,2471,False,260,1459
262,305.15,3161,True,310,1466
263,304.7000000000001,3161,True,348,1473
264,170.8,1791,False,161,1477
265,306.3,3161,True,290,1483
266,234.95000000000002,2470,False,314,1490
267,305.95000000000005,3161,True,297,1496
268,306.20000000000005,3161,True,321,1503
269,305.95,3161,True,299,1509
270,237.15,2472,False,237,1514
271,184.45000000000002,1941,False,189,1518
272,185.9,1958,False,182,1522
273,143.25,1514,False,139,1525
274,305.3,3161,True,312,1532
275,169.75,1785,False,163,1536
276,305.85,3161,True,298,1542
277,170.3,1791,False,161,1546
278,171.3,1796,False,159,1550
279,305.1,3161,True,295,1556
280,171.5,1804,False,181,1560
281,305.15000000000003,3161,True,312,1567
282,237.3,2473,False,221,1572
283,186.35000000000002,1959,False,179,1576
284,237.25000000000003,2472,False,239,1581
285,186.15000000000003,1957,False,181,1585
286,237.35000000000002,2472,False,228,1590
287,169.05,1783,False,162,1594
288,306.25,3161,True,310,1601
289,305.40000000000003,3161,True,307,1608
290,306.1,3161,True,305,1615
291,170.3,1798,False,162,1619
292,187.3,1960,False,173,1623
293,135.0,1433,False,129,1626
294,236.95000000000002,2471,False,243,1631
295,145.25,1540,False,139,1634
296,306.3,3161,True,294,1640
297,304.75,3161,True,385,1648
298,24.0,313,False,27,1649
299,23.600000000000005,300,False,31,1650
300,193.15000000000003,2019,False,188,1654
301,305.70000000000005,3161,True,321,1661
302,168.65000000000003,1779,False,164,1665
303,193.9,2025,False,194,1669
304,305.20000000000005,3161,True,293,1675
305,169.20000000000002,1788,False,167,1679
306,62.35000000000001,698,False,77,1681
307,306.45000000000005,3161,True,350,1688
308,304.65000000000003,3161,True,335,1695
309,302.20000000000005,3161,True,498,1705
310,236.35000000000002,2470,False,250,1710
311,305.55,3161,True,341,1717
312,306.85,3161,True,304,1724
313,192.9,2027,False,177,1728
314,304.34999999999997,3161,True,325,1735
315,237.4,2470,False,230,1740
316,304.8,3161,True,395,1748
317,134.60000000000002,1434,False,128,1751
318,305.95000000000005,3161,True,346,1758
319,23.700000000000003,315,False,27,1759
320,25.200000000000003,315,False,27,1760
321,305.65,3161,True,357,1768
322,305.20000000000005,3161,True,316,1775
323,304.85,3161,True,354,1783
324,306.1,3161,True,327,1790
325,304.90000000000003,3161,True,337,1797
326,132.25,1408,False,131,1800
327,132.3,1408,False,145,1803
328,304.8,3161,True,311,1810
329,305.90000000000003,3161,True,309,1817
330,104.75000000000001,1127,False,107,1820
331,306.00000000000006,3161,True,301,1827
332,305.75,3161,True,307,1834
333,169.65,1788,False,161,1838
334,306.45000000000005,3161,True,348,1845
335,304.75,3161,True,333,1852
336,193.10000000000002,2024,False,177,1856
337,305.6,3161,True,327,1863
338,305.85,3161,True,330,1870
339,235.95000000000002,2468,False,259,1876
340,131.9,1407,False,131,1879
341,187.20000000000002,1955,False,177,1883
342,304.85,3161,True,327,1890
343,306.00000000000006,3161,True,306,1897
344,169.55,1789,False,169,1901
345,306.15000000000003,3161,True,312,1908
346,305.55000000000007,3161,True,341,1915
347,305.70000000000005,3161,True,321,1922
348,306.04999999999995,3161,True,315,1929
349,104.35000000000002,1128,False,110,1932
350,306.5,3161,True,309,1939
351,306.30000000000007,3161,True,294,1945
352,186.55,1960,False,172,1949
353,305.3,3161,True,314,1956
354,170.10000000000002,1791,False,161,1960
355,237.5,2471,False,230,1965
356,236.4,2472,False,238,1970
357,135.20000000000002,1435,False,128,1973
358,104.95,1129,False,105,1976
359,237.05000000000004,2472,False,266,1982
360,305.65000000000003,3161,True,314,1989
361,264.15,2750,False,268,1995
362,305.00000000000006,3161,True,357,2003
363,263.55,2755,False,272,2009
364,306.0,3161,True,303,2016
365,236.70000000000002,2469,False,235,2021
366,306.0,3161,True,309,2028
367,192.35000000000002,2019,False,177,2032
368,134.20000000000002,1434,False,145,2035
369,307.05,3161,True,291,2041
370,305.45000000000005,3161,True,294,2047
371,306.2,3161,True,321,2054
372,305.95,3161,True,323,2061
373,307.1500000000001,3161,True,311,2068
374,167.95000000000002,1781,False,165,2072
375,305.3,3161,True,317,2079
376,304.90000000000003,3161,True,364,2087
377,304.90000000000003,3161,True,331,2094
378,186.05,1954,False,171,2098
379,305.45000000000005,3161,True,349,2105
380,171.15000000000003,1798,False,159,2109
381,192.5,2019,False,184,2113
382,305.05,3161,True,319,2120
383,132.95000000000002,1409,False,128,2123
384,306.35,3161,True,302,2130
385,305.45,3161,True,323,2137
386,305.65000000000003,3161,True,364,2145
387,134.25,1433,False,130,2148
388,306.1500000000001,3161,True,311,2155
389,134.55,1432,False,132,2158
390,104.55000000000001,1127,False,118,2161
391,305.20000000000005,3161,True,343,2168
392,237.25,2472,False,232,2173
393,305.8,3161,True,320,2180
394,104.15,1128,False,116,2183
395,170.10000000000002,1790,False,161,2187
396,306.15000000000003,3161,True,311,2194
397,305.6,3161,True,353,2202
398,193.15,2027,False,178,2206
399,133.70000000000002,1425,False,130,2209
400,306.9,3161,True,314,2216
401,304.85,3161,True,354,2224
402,23.950000000000003,315,False,27,2225
403,306.95000000000005,3161,True,324,2232
404,305.65000000000003,3161,True,340,2239
405,304.80000000000007,3161,True,341,2246
406,237.15,2469,False,229,2251
407,158.50000000000003,1677,False,148,2254
408,306.1,3161,True,302,2261
409,169.35000000000002,1786,False,165,2265
410,134.75,1429,False,131,2268
411,306.00000000000006,3161,True,306,2275
412,170.10000000000002,1788,False,174,2279
413,168.85000000000002,1786,False,164,2283
414,186.5,1958,False,178,2287
415,306.45000000000005,3161,True,299,2293
416,236.9,2472,False,237,2298
417,168.5,1784,False,214,2303
418,305.65000000000003,3161,True,337,2310
419,104.45000000000002,1129,False,105,2313
420,305.90000000000003,3161,True,336,2320
421,186.70000000000002,1958,False,174,2324
422,305.65000000000003,3161,True,339,2331
423,134.85000000000002,1434,False,129,2334
424,305.75,3161,True,332,2341
425,64.10000000000001,722,False,83,2343
426,63.15,701,False,77,2345
427,24.950000000000003,315,False,27,2346
428,306.3,3161,True,315,2353
429,309.1000000000001,3161,True,329,2360
430,58.650000000000006,700,False,75,2362
431,306.35,3161,True,300,2368
432,306.05,3161,True,313,2375
433,186.25000000000003,1956,False,175,2379
434,306.0,3161,True,307,2386
435,305.65000000000003,3161,True,311,2393
436,306.15,3161,True,311,2400
437,305.65,3161,True,307,2407
438,23.650000000000002,312,False,27,2408
439,171.3,1792,False,161,2412
440,132.10000000000002,1408,False,129,2415
441,170.0,1784,False,164,2419
442,305.29999999999995,3161,True,368,2427
443,235.80000000000004,2472,False,294,2433
444,23.6,314,False,27,2434
445,187.25000000000003,1951,False,193,2438
446,305.1,3161,True,301,2445
447,306.40000000000003,3161,True,312,2452
448,305.9,3161,True,314,2459
449,305.90000000000003,3161,True,314,2466
450,305.54999999999995,3161,True,318,2473
451,305.55000000000007,3161,True,342,2480
452,157.55,1671,False,158,2484
453,65.05000000000001,722,False,74,2486
454,306.75000000000006,3161,True,305,2493
455,304.40000000000003,3161,True,386,2501
456,237.15,2468,False,222,2506
457,305.25000000000006,3161,True,335,2513
458,169.05000000000004,1782,False,172,2517
459,305.65,3161,True,311,2524
460,237.05000000000004,2469,False,231,2529
461,305.25,3161,True,333,2536
462,24.299999999999997,311,False,29,2537
463,24.6,309,False,27,2538
464,170.05,1782,False,172,2542
465,306.5,3161,True,309,2549
466,186.05,1957,False,184,2553
467,133.60000000000002,1425,False,133,2556
468,304.55000000000007,3161,True,387,2564
469,170.95000000000002,1796,False,159,2568
470,134.0,1434,False,131,2571
471,305.55,3161,True,313,2578
472,305.85,3161,True,327,2585
473,169.9,1790,False,168,2589
474,237.20000000000002,2471,False,220,2594
475,303.55,3161,True,466,2604
476,304.2,3161,True,342,2611
477,304.80000000000007,3161,True,343,2618
478,305.90000000000003,3161,True,338,2625
479,236.60000000000002,2473,False,257,2631
480,304.85,3161,True,354,2639
481,304.95,3161,True,342,2646
482,306.85,3161,True,304,2653
483,304.95,3161,True,323,2660
484,236.35000000000002,2471,False,248,2665
485,134.65,1433,False,133,2668
486,236.95000000000002,2469,False,236,2673
487,236.8,2469,False,229,2678
488,305.40000000000003,3161,True,312,2685
489,305.8,3161,True,312,2692
490,303.45000000000005,3161,True,398,2700
491,105.0,1127,False,108,2703
492,306.3,3161,True,314,2710
493,305.95,3161,True,323,2717
494,133.25,1428,False,129,2720
495,307.20000000000005,3161,True,298,2726
496,306.15000000000003,3161,True,313,2733
497,168.0,1775,False,167,2737
498,306.05,3161,True,293,2743
499,237.4,2473,False,242,2748
500,193.05,2018,False,191,2752
501,304.75000000000006,3161,True,303,2759
502,305.7,3161,True,324,2766
503,305.7,3161,True,324,2773
504,236.45000000000005,2472,False,247,2778
505,304.8,3161,True,337,2785
506,236.75000000000003,2471,False,252,2791
507,305.05000000000007,3161,True,313,2798
508,305.0,3161,True,358,2806
509,305.15000000000003,3161,True,307,2813
510,132.5,1408,False,131,2816
511,266.3,2761,False,251,2822
512,104.30000000000003,1130,False,106,2825
513,306.0,3161,True,356,2833
514,134.0,1433,False,130,2836
515,305.6500000000001,3161,True,337,2843
516,305.6500000000001,3161,True,306,2850
517,304.70000000000005,3161,True,371,2858
518,59.60000000000001,675,False,57,2860
519,169.25,1781,False,171,2864
520,266.00000000000006,2761,False,245,2869
521,306.0,3161,True,334,2876
522,305.40000000000003,3161,True,313,2883
523,305.70000000000005,3161,True,291,2889
524,305.95000000000005,3161,True,324,2896
525,169.4,1784,False,164,2900
526,104.20000000000002,1129,False,131,2903
527,132.60000000000002,1408,False,132,2906
528,24.25,313,False,27,2907
529,237.9,2470,False,227,2912
530,184.60000000000002,1945,False,237,2917
531,305.1500000000001,3161,True,313,2924
532,307.45,3161,True,325,2931
533,22.299999999999997,311,False,29,2932
534,307.1,3161,True,303,2939
535,305.45000000000005,3161,True,319,2946
536,306.35,3161,True,351,2954
537,304.04999999999995,3161,True,320,2961
538,134.45000000000002,1431,False,131,2964
539,306.2,3161,True,324,2971
540,306.0,3161,True,309,2978
541,186.3,1955,False,172,2982
542,306.1,3161,True,301,2989
543,305.90000000000003,3161,True,311,2996
544,305.8,3161,True,314,3003
545,304.7,3161,True,316,3010
546,60.00000000000001,679,False,57,3012
547,306.85,3161,True,327,3019
548,169.9,1796,False,171,3023
549,170.45000000000002,1793,False,173,3027
550,236.60000000000002,2471,False,247,3032
551,104.50000000000001,1127,False,107,3035
552,306.05,3161,True,311,3042
553,237.10000000000002,2471,False,222,3047
554,306.00000000000006,3161,True,306,3054
555,171.05,1796,False,159,3058
556,304.20000000000005,3161,True,346,3065
557,306.25,3161,True,306,3072
558,237.3,2474,False,227,3077
559,305.25000000000006,3161,True,359,3085
560,142.90000000000003,1522,False,151,3089
561,237.10000000000002,2468,False,237,3094
562,305.00000000000006,3161,True,335,3101
563,193.10000000000002,2025,False,185,3105
564,236.89999999999998,2470,False,278,3111
565,168.10000000000002,1776,False,166,3115
566,306.35,3161,True,302,3122
567,305.40000000000003,3161,True,311,3129
568,264.8,2765,False,299,3135
569,133.85000000000002,1425,False,133,3138
570,306.5,3161,True,309,3145
571,236.6,2474,False,237,3150
572,306.35,3161,True,329,3157
573,169.45000000000002,1781,False,163,3161
574,169.50000000000003,1788,False,161,3165
575,193.35000000000002,2022,False,191,3169
576,304.65000000000003,3161,True,310,3176
577,306.15000000000003,3161,True,313,3183
578,265.15000000000003,2761,False,247,3188
579,141.95000000000002,1511,False,141,3191
580,105.95000000000002,1135,False,108,3194
581,306.2,3161,True,322,3201
582,305.45000000000005,3161,True,324,3208
583,305.50000000000006,3161,True,356,3216
584,167.75000000000003,1777,False,171,3220
585,142.25,1506,False,149,3223
586,310.0,3161,True,305,3230
587,100.35000000000001,1127,False,105,3233
588,306.80000000000007,3161,True,317,3240
589,305.75,3161,True,307,3247
590,169.35000000000002,1780,False,164,3251
591,168.40000000000003,1780,False,173,3255
592,237.10000000000002,2472,False,230,3260
593,305.70000000000005,3161,True,323,3267
594,305.8,3161,True,342,3274
595,131.0,1402,False,131,3277
596,304.95,3161,True,369,3285
597,143.3,1523,False,136,3288
598,236.9,2472,False,238,3293
599,306.1000000000001,3161,True,328,3300
600,104.55000000000001,1129,False,105,3303
601,306.35,3161,True,303,3310
602,186.55,1953,False,171,3314
603,185.8,1955,False,172,3318
604,170.20000000000002,1792,False,168,3322
605,186.8,1953,False,171,3326
606,305.05,3161,True,337,3333
607,305.15000000000003,3161,True,315,3340
608,305.85,3161,True,329,3347
609,305.75,3161,True,306,3354
610,304.90000000000003,3161,True,381,3362
611,304.70000000000005,3161,True,317,3369
612,305.2,3161,True,319,3376
613,24.1,314,False,27,3377
614,237.70000000000002,2471,False,244,3382
615,305.8,3161,True,317,3389
616,306.35,3161,True,302,3396
617,305.85,3161,True,302,3403
618,305.8,3161,True,316,3410
619,169.55,1787,False,165,3414
620,142.60000000000002,1510,False,140,3417
621,305.55,3161,True,315,3424
622,186.00000000000003,1956,False,172,3428
623,237.70000000000002,2475,False,238,3433
624,306.5,3161,True,283,3439
625,306.0,3161,True,332,3446
626,169.8,1791,False,161,3450
627,235.65000000000003,2473,False,292,3456
628,24.35,314,False,27,3457
629,307.40000000000003,3161,True,288,3463
630,306.05,3161,True,316,3470
631,305.1,3161,True,352,3478
632,236.55,2474,False,229,3483
633,23.100000000000005,300,False,31,3484
634,237.9,2472,False,236,3489
635,106.20000000000002,1151,False,133,3492
636,135.45000000000002,1435,False,129,3495
637,305.95000000000005,3161,True,323,3502
638,306.3500000000001,3161,True,304,3509
639,132.20000000000002,1409,False,130,3512
640,24.450000000000003,315,False,27,3513
641,306.95,3161,True,299,3519
642,186.40000000000003,1956,False,172,3523
643,306.7,3161,True,300,3529
644,306.09999999999997,3161,True,301,3536
645,306.45000000000005,3161,True,349,3543
646,304.34999999999997,3161,True,327,3550
647,192.45000000000002,2026,False,185,3554
648,168.65,1779,False,195,3558
649,305.9,3161,True,338,3565
650,131.85000000000002,1408,False,129,3568
651,305.35,3161,True,346,3575
652,305.85,3161,True,302,3582
653,304.8,3161,True,366,3590
654,305.1,3161,True,355,3598
655,236.2,2471,False,266,3604
656,236.65000000000003,2471,False,257,3610
657,63.20000000000001,713,False,71,3612
658,306.1,3161,True,351,3620
659,186.4,1961,False,173,3624
660,305.40000000000003,3161,True,307,3631
661,306.2,3161,True,321,3638
662,23.450000000000003,310,False,27,3639
663,135.60000000000002,1434,False,128,3642
664,134.4,1427,False,129,3645
665,237.4,2472,False,236,3650
666,305.80000000000007,3161,True,318,3657
667,133.9,1434,False,161,3661
668,105.20000000000002,1129,False,110,3664
669,305.50000000000006,3161,True,358,3672
670,305.6,3161,True,297,3678
671,306.25000000000006,3161,True,307,3685
672,237.10000000000002,2472,False,230,3690
673,235.85000000000002,2469,False,266,3696
674,236.70000000000002,2470,False,235,3701
675,306.05,3161,True,320,3708
676,305.45,3161,True,323,3715
677,133.45000000000002,1425,False,151,3719
678,236.10000000000002,2469,False,294,3725
679,304.95000000000005,3161,True,346,3732
680,304.3,3161,True,362,3740
681,305.3,3161,True,343,3747
682,237.20000000000002,2475,False,238,3752
683,306.20000000000005,3161,True,296,3758
684,305.95000000000005,3161,True,293,3764
685,305.6,3161,True,302,3771
686,171.30000000000004,1797,False,161,3775
687,186.10000000000002,1958,False,171,3779
688,306.25,3161,True,333,3786
689,191.85000000000002,2022,False,191,3790
690,186.55,1955,False,172,3794
691,170.05,1788,False,174,3798
692,305.5,3161,True,308,3805
693,303.2,3161,True,472,3815
694,192.25,2019,False,184,3819
695,237.45000000000002,2476,False,244,3824
696,304.85,3161,True,298,3830
697,305.95,3161,True,323,3837
698,187.05,1956,False,182,3841
699,305.84999999999997,3161,True,301,3848
700,305.90000000000003,3161,True,313,3855
701,304.90000000000003,3161,True,364,3863
702,303.95000000000005,3161,True,398,3871
703,305.40000000000003,3161,True,309,3878
704,170.15,1793,False,161,3882
705,134.60000000000002,1433,False,146,3885
706,22.850000000000005,300,False,31,3886
707,170.90000000000003,1792,False,186,3890
708,23.7,310,False,27,3891
709,307.0,3161,True,334,3898
710,305.70000000000005,3161,True,297,3904
711,304.6,3161,True,323,3911
712,306.95000000000005,3161,True,296,3917
713,305.04999999999995,3161,True,341,3924
714,61.45,693,False,78,3926
715,306.45,3161,True,299,3932
716,306.0,3161,True,332,3939
717,170.60000000000002,1796,False,167,3943
718,62.05000000000001,699,False,75,3945
719,24.75,313,False,27,3946
720,307.09999999999997,3161,True,304,3953
721,305.70000000000005,3161,True,325,3960
722,305.40000000000003,3161,True,337,3967
723,236.70000000000002,2469,False,236,3972
724,169.75,1783,False,163,3976
725,235.70000000000002,2472,False,250,3981
726,306.35,3161,True,329,3988
727,306.5,3161,True,333,3995
728,168.8,1782,False,164,3999
729,236.15,2471,False,281,4005
730,133.60000000000002,1430,False,135,4008
731,305.6000000000001,3161,True,297,4014
732,306.65000000000003,3161,True,312,4021
733,59.85000000000001,679,False,58,4023
734,237.70000000000002,2472,False,246,4028
735,304.90000000000003,3161,True,330,4035
736,305.09999999999997,3161,True,328,4042
737,104.95000000000002,1129,False,106,4045
738,305.3500000000001,3161,True,355,4053
739,193.35000000000002,2020,False,181,4057
740,305.45000000000005,3161,True,323,4064
741,303.35,3161,True,373,4072
742,306.15000000000003,3161,True,311,4079
743,305.35,3161,True,321,4086
744,304.95,3161,True,342,4093
745,192.85000000000002,2024,False,178,4097
746,185.75,1951,False,174,4101
747,306.50000000000006,3161,True,307,4108
748,305.15000000000003,3161,True,332,4115
749,304.90000000000003,3161,True,339,4122
750,305.15,3161,True,333,4129
751,186.05000000000004,1958,False,192,4133
752,306.35,3161,True,302,4140
753,305.25,3161,True,303,4147
754,306.25000000000006,3161,True,310,4154
755,306.20000000000005,3161,True,297,4160
756,264.85,2757,False,265,4166
757,305.45000000000005,3161,True,325,4173
758,304.65000000000003,3161,True,362,4181
759,305.95000000000005,3161,True,297,4187
760,306.25,3161,True,307,4194
761,306.1,3161,True,304,4201
762,169.75,1788,False,160,4205
763,305.75,3161,True,301,4212
764,186.75000000000003,1961,False,173,4216
765,184.85000000000002,1938,False,178,4220
766,23.7,309,False,27,4221
767,307.35,3161,True,303,4228
768,131.85000000000002,1413,False,183,4232
769,304.25000000000006,3161,True,382,4240
770,134.9,1433,False,131,4243
771,306.65000000000003,3161,True,308,4250
772,304.90000000000003,3161,True,312,4257
773,306.40000000000003,3161,True,288,4263
774,305.75000000000006,3161,True,301,4270
775,305.15000000000003,3161,True,335,4277
776,305.8,3161,True,319,4284
777,306.00000000000006,3161,True,304,4291
778,103.75000000000001,1127,False,106,4294
779,24.950000000000003,315,False,27,4295
780,266.95000000000005,2759,False,252,4301
781,304.20000000000005,3161,True,344,4308
782,236.50000000000003,2472,False,258,4314
783,191.95000000000002,2015,False,203,4319
784,304.65000000000003,3161,True,361,4327
785,305.65000000000003,3161,True,315,4334
786,305.4,3161,True,339,4341
787,104.50000000000001,1129,False,118,4344
788,238.05,2473,False,224,4349
789,306.20000000000005,3161,True,300,4355
790,104.35000000000002,1128,False,106,4358
791,303.65000000000003,3161,True,409,4367
792,305.25000000000006,3161,True,359,4375
793,305.40000000000003,3161,True,340,4382
794,305.95,3161,True,322,4389
795,237.00000000000003,2474,False,245,4394
796,305.65000000000003,3161,True,314,4401
797,305.55,3161,True,315,4408
798,168.65,1779,False,166,4412
799,305.35,3161,True,353,4420
800,305.70000000000005,3161,True,300,4426
801,192.9,2022,False,178,4430
802,104.50000000000001,1127,False,107,4433
803,169.90000000000003,1783,False,163,4437
804,305.75000000000006,3161,True,305,4444
805,304.90000000000003,3161,True,361,4452
806,237.50000000000003,2476,False,221,4457
807,306.1,3161,True,305,4464
808,305.65000000000003,3161,True,312,4471
809,134.45000000000002,1432,False,164,4475
810,305.15000000000003,3161,True,358,4483
811,304.75,3161,True,302,4490
812,305.75,3161,True,335,4497
813,304.75,3161,True,359,4505
814,187.65,1958,False,189,4509
815,304.75,3161,True,307,4516
816,306.55,3161,True,293,4522
817,306.0,3161,True,307,4529
818,304.9,3161,True,360,4537
819,304.6,3161,True,375,4545
820,23.950000000000003,315,False,27,4546
821,25.200000000000003,315,False,27,4547
822,307.4,3161,True,313,4554
823,304.85,3161,True,330,4561
824,184.50000000000003,1940,False,193,4565
825,132.35000000000002,1408,False,129,4568
826,105.00000000000001,1127,False,107,4571
827,306.30000000000007,3161,True,316,4578
828,306.15000000000003,3161,True,314,4585
829,304.85,3161,True,330,4592
830,305.85,3161,True,324,4599
831,187.4,1964,False,189,4603
832,236.0,2468,False,239,4608
833,305.6,3161,True,327,4615
834,133.5,1423,False,129,4618
835,306.45000000000005,3161,True,297,4624
836,305.7000000000001,3161,True,321,4631
837,306.45,3161,True,299,4637
838,236.15,2472,False,264,4643
839,193.4,2027,False,177,4647
840,305.65,3161,True,307,4654
841,304.95000000000005,3161,True,349,4661
842,193.10000000000002,2026,False,189,4665
843,305.04999999999995,3161,True,367,4673
844,305.8500000000001,3161,True,305,4680
845,306.2,3161,True,322,4687
846,238.45000000000005,2475,False,259,4693
847,303.1,3161,True,330,4700
848,305.79999999999995,3161,True,318,4707
849,192.65000000000003,2022,False,177,4711
850,306.3,3161,True,318,4718
851,306.05,3161,True,315,4725
852,236.65,2473,False,244,4730
853,237.05,2471,False,239,4735
854,305.70000000000005,3161,True,293,4741
855,236.35000000000002,2470,False,241,4746
856,306.45000000000005,3161,True,298,4752
857,169.25,1789,False,170,4756
858,305.90000000000003,3161,True,337,4763
859,305.1,3161,True,355,4771
860,306.00000000000006,3161,True,306,4778
861,306.25000000000006,3161,True,309,4785
862,104.25000000000001,1127,False,107,4788
863,306.20000000000005,3161,True,291,4794
864,237.5,2477,False,228,4799
865,264.65000000000003,2751,False,272,4805
866,23.950000000000003,315,False,27,4806
867,237.35000000000002,2470,False,247,4811
868,186.05,1954,False,172,4815
869,306.34999999999997,3161,True,303,4822
870,305.55,3161,True,319,4829
871,184.75,1942,False,177,4833
872,306.55,3161,True,317,4840
873,305.40000000000003,3161,True,284,4846
874,305.95,3161,True,293,4852
875,305.00000000000006,3161,True,334,4859
876,237.5,2475,False,248,4864
877,304.9000000000001,3161,True,336,4871
878,304.8,3161,True,368,4879
879,306.20000000000005,3161,True,298,4885
880,305.2,3161,True,349,4892
881,305.55000000000007,3161,True,338,4899
882,143.05,1523,False,136,4902
883,306.30000000000007,3161,True,319,4909
884,306.45000000000005,3161,True,299,4915
885,304.75,3161,True,328,4922
886,134.15000000000003,1433,False,134,4925
887,306.4000000000001,3161,True,313,4932
888,236.4,2471,False,259,4938
889,306.20000000000005,3161,True,324,4945
890,192.9,2027,False,177,4949
891,195.35000000000002,2046,False,186,4953
892,236.3,2471,False,264,4959
893,304.95000000000005,3161,True,345,4966
894,192.45000000000005,2020,False,185,4970
895,305.50000000000006,3161,True,360,4978
896,305.95000000000005,3161,True,298,4984
897,134.65,1432,False,129,4987
898,305.7,3161,True,346,4994
899,169.10000000000002,1780,False,164,4998
900,305.70000000000005,3161,True,293,5004
901,305.95,3161,True,325,5011
902,60.2,691,False,85,5013
903,237.80000000000004,2471,False,237,5018
904,169.60000000000002,1792,False,179,5022
905,306.00000000000006,3161,True,334,5029
906,168.45,1788,False,217,5034
907,22.45,296,False,32,5035
908,307.15000000000003,3161,True,313,5042
909,134.15,1432,False,128,5045
910,306.00000000000006,3161,True,359,5053
911,61.95,705,False,75,5055
912,306.8,3161,True,316,5062
913,302.15000000000003,3161,True,489,5072
914,305.35,3161,True,326,5079
915,24.450000000000003,315,False,27,5080
916,307.55,3161,True,294,5086
917,306.1,3161,True,303,5093
918,305.55,3161,True,289,5099
919,304.09999999999997,3161,True,372,5107
920,306.0,3161,True,308,5114
921,305.2,3161,True,345,5121
922,305.25000000000006,3161,True,304,5128
923,237.60000000000002,2472,False,230,5133
924,306.15000000000003,3161,True,289,5139
925,143.45,1524,False,148,5142
926,192.95000000000002,2020,False,177,5146
927,304.8,3161,True,369,5154
928,305.50000000000006,3161,True,334,5161
929,305.40000000000003,3161,True,310,5168
930,304.55,3161,True,366,5176
931,186.45000000000002,1960,False,177,5180
932,63.05000000000001,704,False,75,5182
933,186.4,1958,False,180,5186
934,306.95000000000005,3161,True,325,5193
935,236.05000000000004,2475,False,258,5199
936,305.75000000000006,3161,True,302,5206
937,305.55,3161,True,316,5213
938,305.15000000000003,3161,True,365,5221
939,61.85000000000001,698,False,78,5223
940,307.1,3161,True,302,5230
941,305.9,3161,True,311,5237
942,104.25000000000003,1127,False,105,5240
943,306.8,3161,True,340,5247
944,184.60000000000002,1958,False,172,5251
945,306.70000000000005,3161,True,296,5257
946,106.7,1153,False,120,5260
947,306.45000000000005,3161,True,324,5267
948,305.5,3161,True,335,5274
949,306.30000000000007,3161,True,294,5280
950,305.8,3161,True,317,5287
951,305.55,3161,True,317,5294
952,306.25000000000006,3161,True,309,5301
953,305.85,3161,True,302,5308
954,61.650000000000006,696,False,77,5310
955,305.75000000000006,3161,True,335,5317
956,306.20000000000005,3161,True,325,5324
957,133.8,1432,False,135,5327
958,307.15000000000003,3161,True,312,5334
959,193.15,2027,False,177,5338
960,305.90000000000003,3161,True,312,5345
961,306.75,3161,True,307,5352
962,305.8,3161,True,291,5358
963,305.8,3161,True,316,5365
964,305.20000000000005,3161,True,320,5372
965,236.15,2468,False,244,5377
966,305.3,3161,True,341,5384
967,235.60000000000002,2475,False,318,5391
968,134.75,1433,False,129,5394
969,306.15000000000003,3161,True,315,5401
970,236.50000000000003,2469,False,249,5406
971,236.3,2473,False,248,5411
972,306.45000000000005,3161,True,296,5417
973,304.70000000000005,3161,True,396,5425
974,236.30000000000004,2473,False,250,5430
975,186.90000000000003,1958,False,186,5434
976,305.40000000000003,3161,True,338,5441
977,134.3,1432,False,132,5444
978,236.95000000000002,2471,False,245,5449
979,306.15000000000003,3161,True,288,5455
980,305.75,3161,True,309,5462
981,306.8,3161,True,316,5469
982,186.05,1960,False,173,5473
983,305.85,3161,True,300,5479
984,236.90000000000003,2473,False,243,5484
985,305.1,3161,True,324,5491
986,306.20000000000005,3161,True,320,5498
987,229.90000000000003,2470,False,560,5510
988,306.3,3161,True,290,5516
989,169.70000000000002,1787,False,168,5520
990,305.75000000000006,3161,True,307,5527
991,193.55,2026,False,178,5531
992,62.75000000000001,707,False,73,5533
993,304.80000000000007,3161,True,363,5541
994,186.55,1955,False,171,5545
995,134.85000000000002,1434,False,128,5548
996,306.5,3161,True,306,5555
997,306.00000000000006,3161,True,307,5562
998,168.60000000000002,1781,False,171,5566
999,106.85000000000002,1149,False,105,5569
1000,305.4,3161,True,332,5576
1001,186.20000000000002,1954,False,172,5580
1002,306.15000000000003,3161,True,315,5587
1003,192.9,2027,False,177,5591
1004,305.5,3161,True,329,5598
1005,305.55000000000007,3161,True,290,5604
1006,306.25,3161,True,306,5611
1007,305.45000000000005,3161,True,295,5617
1008,170.0,1788,False,161,5621
1009,305.6,3161,True,300,5627
1010,305.55,3161,True,313,5634
1011,305.09999999999997,3161,True,299,5640
1012,306.1000000000001,3161,True,300,5646
1013,192.10000000000002,2020,False,185,5650
1014,193.10000000000005,2023,False,197,5654
1015,168.9,1783,False,163,5658
1016,193.65,2027,False,177,5662
1017,306.35,3161,True,302,5669
1018,304.94999999999993,3161,True,346,5676
1019,305.35,3161,True,327,5683
1020,306.05000000000007,3161,True,312,5690
1021,304.15,3161,True,389,5698
1022,304.7,3161,True,318,5705
1023,306.45000000000005,3161,True,323,5712
1024,305.25000000000006,3161,True,309,5719
1025,134.15000000000003,1429,False,137,5722
1026,304.35,3161,True,404,5731
1027,61.800000000000004,696,False,78,5733
1028,187.10000000000002,1957,False,172,5737
1029,104.75000000000001,1127,False,105,5740
1030,237.3,2471,False,240,5745
1031,158.35000000000002,1672,False,148,5748
1032,306.1000000000001,3161,True,328,5755
1033,61.95000000000001,704,False,73,5757
1034,305.2,3161,True,343,5764
1035,306.6500000000001,3161,True,286,5770
1036,169.65,1783,False,163,5774
1037,305.6,3161,True,326,5781
1038,236.70000000000002,2470,False,263,5787
1039,305.75000000000006,3161,True,308,5794
1040,305.85,3161,True,325,5801
1041,304.30000000000007,3161,True,391,5809
1042,134.10000000000002,1434,False,130,5812
1043,305.7,3161,True,319,5819
1044,143.60000000000002,1526,False,136,5822
1045,193.00000000000003,2021,False,193,5826
1046,303.75,3161,True,434,5835
1047,305.55,3161,True,344,5842
1048,305.4,3161,True,340,5849
1049,305.8,3161,True,292,5855
1050,305.40000000000003,3161,True,339,5862
1051,192.85000000000002,2024,False,177,5866
1052,303.75000000000006,3161,True,405,5875
1053,168.9,1783,False,170,5879
1054,170.10000000000002,1781,False,164,5883
1055,304.6,3161,True,329,5890
1056,306.59999999999997,3161,True,301,5897
1057,168.85000000000002,1782,False,171,5901
1058,306.90000000000003,3161,True,339,5908
1059,305.6,3161,True,303,5915
1060,303.70000000000005,3161,True,371,5923
1061,304.7,3161,True,397,5931
1062,131.95000000000002,1409,False,129,5934
1063,185.4,1941,False,177,5938
1064,185.20000000000002,1954,False,197,5942
1065,305.8,3161,True,341,5949
1066,306.65,3161,True,289,5955
1067,236.20000000000002,2470,False,239,5960
1068,304.15000000000003,3161,True,411,5969
1069,134.55,1431,False,129,5972
1070,169.80000000000004,1782,False,163,5976
1071,192.10000000000002,2019,False,184,5980
1072,305.75000000000006,3161,True,332,5987
1073,185.05,1946,False,183,5991
1074,305.9,3161,True,308,5998
1075,305.85,3161,True,302,6005
1076,237.35000000000002,2473,False,232,6010
1077,22.15,296,False,32,6011
1078,194.3,2026,False,178,6015
1079,306.25,3161,True,308,6022
1080,22.350000000000005,300,False,31,6023
1081,306.05,3161,True,370,6031
1082,186.55,1960,False,172,6035
1083,305.5,3161,True,332,6042
1084,305.6,3161,True,329,6049
1085,305.45,3161,True,317,6056
1086,305.75000000000006,3161,True,300,6062
1087,306.05,3161,True,292,6068
1088,305.30000000000007,3161,True,343,6075
1089,185.3,1954,False,192,6079
1090,306.15,3161,True,313,6086
1091,306.35,3161,True,301,6093
1092,305.65000000000003,3161,True,313,6100
1093,305.80000000000007,3161,True,317,6107
1094,306.50000000000006,3161,True,309,6114
1095,23.6,314,False,27,6115
1096,306.0,3161,True,331,6122
1097,144.15,1523,False,136,6125
1098,305.8,3161,True,319,6132
1099,185.8,1954,False,172,6136
1100,237.3,2471,False,238,6141
1101,64.80000000000001,722,False,74,6143
1102,306.85,3161,True,303,6150
1103,265.1,2758,False,250,6155
1104,306.15000000000003,3161,True,315,6162
1105,265.20000000000005,2760,False,251,6168
1106,193.0,2021,False,192,6172
1107,132.75,1423,False,128,6175
1108,306.80000000000007,3161,True,293,6181
1109,264.85,2764,False,252,6187
1110,170.15,1783,False,163,6191
1111,305.65000000000003,3161,True,336,6198
1112,305.25,3161,True,307,6205
1113,304.95,3161,True,373,6213
1114,170.25,1788,False,161,6217
1115,305.3,3161,True,311,6224
1116,185.8,1955,False,172,6228
1117,306.7,3161,True,324,6235
1118,305.55,3161,True,319,6242
1119,305.5,3161,True,333,6249
1120,305.3,3161,True,310,6256
1121,305.15000000000003,3161,True,335,6263
1122,306.55000000000007,3161,True,294,6269
1123,305.45000000000005,3161,True,292,6275
1124,305.80000000000007,3161,True,318,6282
1125,305.6,3161,True,304,6289
1126,237.75000000000003,2472,False,233,6294
1127,303.75000000000006,3161,True,408,6303
1128,24.200000000000003,315,False,27,6304
1129,186.90000000000003,1956,False,173,6308
1130,306.25000000000006,3161,True,302,6315
1131,306.05000000000007,3161,True,291,6321
1132,306.45000000000005,3161,True,297,6327
1133,192.9,2027,False,179,6331
1134,306.1,3161,True,300,6337
1135,59.60000000000001,680,False,83,6339
1136,306.85,3161,True,302,6346
1137,305.45000000000005,3161,True,317,6353
1138,305.45000000000005,3161,True,323,6360
1139,304.65,3161,True,364,6368
1140,305.90000000000003,3161,True,311,6375
1141,306.1,3161,True,296,6381
1142,305.3,3161,True,319,6388
1143,306.6,3161,True,302,6395
1144,304.6,3161,True,376,6403
1145,304.9,3161,True,334,6410
1146,304.95000000000005,3161,True,316,6417
1147,306.55,3161,True,294,6423
1148,235.1,2470,False,273,6429
1149,307.00000000000006,3161,True,308,6436
1150,305.25000000000006,3161,True,332,6443
1151,143.8,1528,False,136,6446
1152,306.55,3161,True,319,6453
1153,305.50000000000006,3161,True,331,6460
1154,304.95000000000005,3161,True,347,6467
1155,170.05,1791,False,161,6471
1156,306.35,3161,True,304,6478
1157,304.70000000000005,3161,True,344,6485
1158,305.80000000000007,3161,True,289,6491
1159,305.8,3161,True,317,6498
1160,306.3,3161,True,342,6505
1161,305.15000000000003,3161,True,314,6512
1162,143.45000000000002,1522,False,136,6515
1163,193.45000000000002,2020,False,178,6519
1164,305.55,3161,True,293,6525
1165,306.15000000000003,3161,True,314,6532
1166,306.1,3161,True,305,6539
1167,185.8,1954,False,172,6543
1168,143.45000000000002,1520,False,137,6546
1169,306.45,3161,True,321,6553
1170,306.15000000000003,3161,True,311,6560
1171,235.70000000000002,2473,False,253,6566
1172,306.95,3161,True,298,6572
1173,170.05,1791,False,161,6576
1174,306.15000000000003,3161,True,284,6582
1175,306.45000000000005,3161,True,297,6588
1176,305.75,3161,True,306,6595
1177,305.34999999999997,3161,True,328,6602
1178,305.15,3161,True,336,6609
1179,306.25000000000006,3161,True,308,6616
1180,304.65000000000003,3161,True,363,6624
1181,236.40000000000003,2468,False,297,6630
1182,304.40000000000003,3161,True,330,6637
1183,305.05,3161,True,341,6644
1184,306.65,3161,True,290,6650
1185,305.35,3161,True,352,6658
1186,304.15000000000003,3161,True,390,6666
1187,304.79999999999995,3161,True,367,6674
1188,305.45,3161,True,321,6681
1189,305.95000000000005,3161,True,292,6687
1190,305.7,3161,True,321,6694
1191,185.65,1957,False,180,6698
1192,60.95000000000001,681,False,59,6700
1193,307.3500000000001,3161,True,304,6707
1194,132.95000000000002,1421,False,131,6710
1195,306.15,3161,True,313,6717
1196,264.20000000000005,2755,False,275,6723
1197,305.90000000000003,3161,True,314,6730
1198,305.70000000000005,3161,True,319,6737
1199,305.35,3161,True,297,6743
1200,306.25,3161,True,309,6750
1201,304.95000000000005,3161,True,349,6757
1202,305.55,3161,True,344,6764
1203,23.700000000000003,315,False,27,6765
1204,25.200000000000003,315,False,27,6766
1205,305.95000000000005,3161,True,319,6773
1206,306.35,3161,True,301,6780
1207,305.24999999999994,3161,True,357,6788
1208,305.5,3161,True,308,6795
1209,307.3,3161,True,295,6801
1210,305.40000000000003,3161,True,290,6807
1211,61.20000000000001,689,False,79,6809
1212,306.7,3161,True,292,6815
1213,305.75,3161,True,334,6822
1214,305.0,3161,True,307,6829
1215,305.6,3161,True,353,6837
1216,305.3,3161,True,318,6844
1217,306.25,3161,True,307,6851
1218,104.95000000000002,1129,False,106,6854
1219,158.5,1672,False,148,6857
1220,306.7,3161,True,296,6863
1221,133.85000000000002,1425,False,132,6866
1222,305.15,3161,True,308,6873
1223,144.05,1523,False,135,6876
1224,184.60000000000002,1942,False,198,6880
1225,306.1,3161,True,326,6887
1226,305.5,3161,True,308,6894
1227,186.00000000000003,1955,False,173,6898
1228,237.0,2469,False,242,6903
1229,105.05000000000003,1130,False,106,6906
1230,170.25,1788,False,160,6910
1231,305.35,3161,True,297,6916
1232,235.85000000000005,2475,False,291,6922
1233,307.3,3161,True,292,6928
1234,236.95000000000002,2473,False,230,6933
1235,306.45000000000005,3161,True,297,6939
1236,169.95000000000002,1792,False,172,6943
1237,306.40000000000003,3161,True,314,6950
1238,192.9,2027,False,177,6954
1239,304.90000000000003,3161,True,360,6962
1240,304.05,3161,True,385,6970
1241,305.6,3161,True,328,6977
1242,234.9,2471,False,331,6984
1243,131.75,1406,False,130,6987
1244,306.1,3161,True,328,6994
1245,304.2,3161,True,341,7001
1246,304.55,3161,True,393,7009
1247,305.95,3161,True,321,7016
1248,184.75000000000003,1947,False,177,7020
1249,305.75000000000006,3161,True,356,7028
1250,305.95000000000005,3161,True,290,7034
1251,306.3,3161,True,294,7040
1252,305.75000000000006,3161,True,330,7047
1253,305.25000000000006,3161,True,305,7054
1254,306.75,3161,True,283,7060
1255,303.95,3161,True,342,7067
1256,305.3500000000001,3161,True,354,7075
1257,305.05,3161,True,365,7083
1258,305.90000000000003,3161,True,313,7090
1259,133.45000000000002,1418,False,129,7093
1260,306.45000000000005,3161,True,295,7099
1261,168.45000000000005,1780,False,166,7103
1262,237.95000000000002,2471,False,220,7108
1263,304.59999999999997,3161,True,376,7116
1264,305.95000000000005,3161,True,299,7122
1265,235.85000000000002,2472,False,280,7128
1266,236.45000000000002,2469,False,234,7133
1267,306.5,3161,True,332,7140
1268,133.35000000000002,1424,False,129,7143
1269,134.85000000000002,1434,False,128,7146
1270,62.45000000000001,699,False,76,7148
1271,306.8,3161,True,315,7155
1272,143.10000000000002,1526,False,136,7158
1273,238.05,2472,False,222,7163
1274,306.1,3161,True,301,7170
1275,105.15,1136,False,105,7173
1276,306.6000000000001,3161,True,298,7179
1277,305.55000000000007,3161,True,319,7186
1278,236.95000000000002,2470,False,239,7191
1279,169.55,1787,False,170,7195
1280,306.3,3161,True,295,7201
1281,263.35,2758,False,321,7208
1282,158.75,1671,False,149,7211
1283,265.3,2756,False,251,7217
1284,104.05000000000003,1130,False,106,7220
1285,307.05,3161,True,294,7226
1286,304.6,3161,True,349,7233
1287,304.6,3161,True,379,7241
1288,306.09999999999997,3161,True,303,7248
1289,61.35000000000001,694,False,79,7250
1290,24.550000000000004,311,False,27,7251
1291,171.15000000000003,1789,False,164,7255
1292,168.45000000000002,1780,False,184,7259
1293,306.0,3161,True,310,7266
1294,186.60000000000002,1960,False,182,7270
1295,236.60000000000002,2471,False,246,7275
1296,306.05000000000007,3161,True,317,7282
1297,305.75000000000006,3161,True,331,7289
1298,305.05,3161,True,311,7296
1299,305.45000000000005,3161,True,324,7303
1300,305.75000000000006,3161,True,309,7310
1301,60.10000000000001,675,False,57,7312
1302,307.05,3161,True,290,7318
1303,305.85,3161,True,328,7325
1304,104.35000000000001,1127,False,105,7328
1305,306.3,3161,True,319,7335
1306,265.5,2763,False,254,7341
1307,305.75,3161,True,304,7348
1308,306.1,3161,True,304,7355
1309,305.7,3161,True,323,7362
1310,305.25,3161,True,303,7369
1311,306.0,3161,True,332,7376
1312,171.00000000000003,1799,False,159,7380
1313,106.30000000000003,1151,False,104,7383
1314,306.55,3161,True,287,7389
1315,306.40000000000003,3161,True,286,7395
1316,305.25,3161,True,303,7402
1317,23.9,312,False,27,7403
1318,63.800000000000004,708,False,72,7405
1319,306.40000000000003,3161,True,336,7412
1320,306.35,3161,True,300,7418
1321,306.3,3161,True,291,7424
1322,305.6,3161,True,304,7431
1323,236.70000000000002,2471,False,245,7436
1324,305.40000000000003,3161,True,364,7444
1325,305.00000000000006,3161,True,327,7451
1326,305.95000000000005,3161,True,324,7458
1327,60.95000000000001,693,False,78,7460
1328,105.25000000000001,1127,False,105,7463
1329,306.8500000000001,3161,True,301,7470
1330,170.05,1791,False,161,7474
1331,305.85,3161,True,297,7480
1332,104.35000000000002,1128,False,105,7483
1333,306.0,3161,True,308,7490
1334,306.8,3161,True,292,7496
1335,24.200000000000003,315,False,27,7497
1336,305.65,3161,True,334,7504
1337,158.00000000000003,1668,False,152,7508
1338,305.75000000000006,3161,True,309,7515
1339,305.75,3161,True,309,7522
1340,236.55,2473,False,296,7528
1341,131.9,1406,False,131,7531
1342,237.50000000000003,2473,False,236,7536
1343,305.50000000000006,3161,True,304,7543
1344,303.50000000000006,3161,True,376,7551
1345,306.59999999999997,3161,True,303,7558
1346,236.25000000000003,2468,False,242,7563
1347,236.55,2470,False,262,7569
1348,134.75000000000003,1434,False,135,7572
1349,305.85,3161,True,325,7579
1350,305.15000000000003,3161,True,309,7586
1351,104.95,1129,False,106,7589
1352,196.3,2043,False,189,7593
1353,168.20000000000002,1788,False,166,7597
1354,169.60000000000002,1786,False,164,7601
1355,169.1,1783,False,171,7605
1356,305.7,3161,True,345,7612
1357,304.7,3161,True,345,7619
1358,133.8,1427,False,131,7622
1359,305.55,3161,True,340,7629
1360,306.25,3161,True,282,7635
1361,306.35,3161,True,305,7642
1362,304.8,3161,True,312,7649
1363,306.4,3161,True,310,7656
1364,265.1,2758,False,250,7661
1365,236.15000000000006,2469,False,255,7667
1366,306.35,3161,True,305,7674
1367,134.35000000000002,1434,False,130,7677
1368,237.20000000000002,2475,False,260,7683
1369,305.75,3161,True,305,7690
1370,235.90000000000003,2472,False,288,7696
1371,305.65,3161,True,311,7703
1372,305.95000000000005,3161,True,322,7710
1373,61.95,706,False,81,7712
1374,307.05,3161,True,316,7719
1375,306.00000000000006,3161,True,306,7726
1376,305.3500000000001,3161,True,298,7732
1377,305.70000000000005,3161,True,323,7739
1378,305.84999999999997,3161,True,329,7746
1379,169.5,1788,False,160,7750
1380,306.35,3161,True,300,7756
1381,24.0,313,False,27,7757
1382,307.55,3161,True,293,7763
1383,23.950000000000003,315,False,27,7764
1384,159.05,1676,False,175,7768
1385,236.95000000000002,2471,False,241,7773
1386,306.00000000000006,3161,True,306,7780
1387,193.55,2026,False,177,7784
1388,62.10000000000001,702,False,66,7786
1389,63.95,710,False,78,7788
1390,105.10000000000001,1128,False,107,7791
1391,236.55,2472,False,266,7797
1392,306.35,3161,True,301,7804
1393,193.40000000000003,2028,False,182,7808
1394,306.65000000000003,3161,True,286,7814
1395,193.05,2026,False,177,7818
1396,306.45000000000005,3161,True,296,7824
1397,263.70000000000005,2752,False,286,7830
1398,305.75,3161,True,309,7837
1399,193.4,2031,False,195,7841
1400,304.8,3161,True,344,7848
1401,306.8,3161,True,294,7854
1402,169.05,1787,False,162,7858
1403,135.5,1433,False,128,7861
1404,305.75,3161,True,331,7868
1405,236.60000000000002,2472,False,254,7874
1406,305.0,3161,True,333,7881
1407,305.95000000000005,3161,True,319,7888
1408,23.950000000000003,315,False,27,7889
1409,305.70000000000005,3161,True,345,7896
1410,306.1,3161,True,301,7903
1411,306.20000000000005,3161,True,296,7909
1412,304.6,3161,True,379,7917
1413,305.85,3161,True,327,7924
1414,305.35,3161,True,301,7931
1415,306.75,3161,True,308,7938
1416,305.55,3161,True,316,7945
1417,170.85000000000002,1806,False,164,7949
1418,305.95000000000005,3161,True,316,7956
1419,305.45000000000005,3161,True,323,7963
1420,237.3,2474,False,230,7968
1421,306.15000000000003,3161,True,314,7975
1422,61.35000000000001,692,False,78,7977
1423,135.4,1433,False,130,7980
1424,105.55000000000001,1136,False,106,7983
1425,105.10000000000002,1128,False,105,7986
1426,104.95000000000002,1129,False,107,7989
1427,306.95000000000005,3161,True,297,7995
1428,306.00000000000006,3161,True,305,8002
1429,305.6,3161,True,329,8009
1430,143.8,1523,False,136,8012
1431,24.0,313,False,27,8013
1432,306.85,3161,True,296,8019
1433,133.6,1431,False,162,8023
1434,306.05,3161,True,314,8030
1435,303.84999999999997,3161,True,322,8037
1436,237.00000000000003,2470,False,296,8043
1437,305.0,3161,True,331,8050
1438,304.90000000000003,3161,True,340,8057
1439,305.75000000000006,3161,True,307,8064
1440,105.15,1132,False,108,8067
1441,307.3,3161,True,291,8073
1442,236.55,2471,False,238,8078
1443,306.00000000000006,3161,True,310,8085
1444,170.25,1795,False,163,8089
1445,186.55,1954,False,171,8093
1446,306.6,3161,True,355,8101
1447,304.45,3161,True,323,8108
1448,23.950000000000003,315,False,27,8109
1449,187.45000000000002,1959,False,172,8113
1450,306.15000000000003,3161,True,312,8120
1451,305.85,3161,True,305,8127
1452,305.65000000000003,3161,True,312,8134
1453,237.10000000000002,2469,False,265,8140
1454,305.35,3161,True,298,8146
1455,305.45,3161,True,324,8153
1456,236.4,2470,False,250,8158
1457,60.35000000000001,680,False,58,8160
1458,157.60000000000002,1659,False,153,8164
1459,171.00000000000003,1806,False,169,8168
1460,169.50000000000003,1780,False,166,8172
1461,306.3,3161,True,318,8179
1462,304.65,3161,True,338,8186
1463,306.05,3161,True,315,8193
1464,304.6,3161,True,355,8201
1465,132.0,1403,False,133,8204
1466,131.75,1404,False,142,8207
1467,306.70000000000005,3161,True,297,8213
1468,305.20000000000005,3161,True,325,8220
1469,237.75,2470,False,229,8225
1470,305.7,3161,True,322,8232
1471,236.8,2470,False,239,8237
1472,104.25000000000001,1127,False,107,8240
1473,238.05,2477,False,238,8245
1474,236.85000000000002,2470,False,221,8250
1475,305.25,3161,True,334,8257
1476,104.65,1127,False,111,8260
1477,306.75,3161,True,310,8267
1478,305.05,3161,True,316,8274
1479,306.3,3161,True,294,8280
1480,171.55,1796,False,159,8284
1481,305.05,3161,True,311,8291
1482,169.65,1782,False,164,8295
1483,185.65,1958,False,180,8299
1484,24.1,309,False,27,8300
1485,307.20000000000005,3161,True,295,8306
1486,305.65000000000003,3161,True,312,8313
1487,24.450000000000003,315,False,27,8314
1488,307.20000000000005,3161,True,296,8320
1489,24.0,313,False,27,8321
1490,133.20000000000002,1416,False,161,8325
1491,306.40000000000003,3161,True,313,8332
1492,305.3,3161,True,342,8339
1493,305.95,3161,True,323,8346
1494,133.60000000000002,1430,False,131,8349
1495,170.40000000000003,1789,False,164,8353
1496,23.849999999999998,309,False,27,8354
1497,307.2,3161,True,298,8360
1498,305.25,3161,True,327,8367
1499,305.15000000000003,3161,True,338,8374
1500,306.0,3161,True,309,8381
1501,235.9,2467,False,238,8386
1502,171.15,1793,False,158,8390
1503,236.35000000000002,2473,False,258,8396
1504,170.0,1789,False,160,8400
1505,305.3,3161,True,312,8407
1506,305.5,3161,True,335,8414
1507,306.1,3161,True,325,8421
1508,305.75,3161,True,305,8428
1509,304.2,3161,True,347,8435
1510,186.45000000000005,1951,False,184,8439
1511,23.1,309,False,27,8440
1512,306.0,3161,True,330,8447
1513,192.75,2026,False,191,8451
1514,133.9,1432,False,176,8455
1515,305.5,3161,True,356,8463
1516,23.25,308,False,27,8464
1517,187.8,1960,False,172,8468
1518,306.45000000000005,3161,True,299,8474
1519,131.85000000000002,1409,False,131,8477
1520,169.55,1776,False,165,8481
1521,305.55,3161,True,314,8488
1522,304.79999999999995,3161,True,310,8495
1523,306.25000000000006,3161,True,306,8502
1524,304.85,3161,True,327,8509
1525,170.3,1786,False,161,8513
1526,306.15000000000003,3161,True,286,8519
1527,306.3,3161,True,291,8525
1528,306.05,3161,True,290,8531
1529,104.75000000000003,1127,False,105,8534
1530,306.1,3161,True,328,8541
1531,306.65000000000003,3161,True,363,8549
1532,304.45,3161,True,325,8556
1533,305.30000000000007,3161,True,342,8563
1534,186.3,1961,False,179,8567
1535,24.15,312,False,27,8568
1536,188.05,1957,False,188,8572
1537,23.150000000000002,312,False,27,8573
1538,170.5,1788,False,160,8577
1539,306.25000000000006,3161,True,305,8584
1540,104.75000000000001,1127,False,105,8587
1541,168.85000000000002,1776,False,169,8591
1542,237.25,2471,False,230,8596
1543,306.3,3161,True,316,8603
1544,305.0,3161,True,335,8610
1545,237.05000000000004,2476,False,233,8615
1546,305.65000000000003,3161,True,312,8622
1547,307.05,3161,True,291,8628
1548,304.8,3161,True,344,8635
1549,306.34999999999997,3161,True,305,8642
1550,184.55,1940,False,177,8646
1551,306.75000000000006,3161,True,330,8653
1552,155.4,1661,False,155,8657
1553,104.4,1127,False,145,8660
1554,236.3,2469,False,255,8666
1555,304.90000000000003,3161,True,356,8674
1556,305.00000000000006,3161,True,332,8681
1557,306.85,3161,True,305,8688
1558,235.25,2471,False,278,8694
1559,236.35000000000002,2474,False,287,8700
1560,134.35000000000002,1430,False,130,8703
1561,132.65,1408,False,135,8706
1562,104.30000000000001,1127,False,119,8709
1563,306.3,3161,True,391,8717
1564,168.4,1782,False,164,8721
1565,305.35,3161,True,330,8728
1566,60.15000000000001,683,False,83,8730
1567,306.95,3161,True,298,8736
1568,305.6000000000001,3161,True,327,8743
1569,236.75000000000003,2471,False,229,8748
1570,186.00000000000003,1954,False,182,8752
1571,187.05,1959,False,173,8756
1572,194.25000000000003,2026,False,196,8760
1573,304.80000000000007,3161,True,319,8767
1574,305.70000000000005,3161,True,291,8773
1575,306.25,3161,True,283,8779
1576,306.25000000000006,3161,True,310,8786
1577,306.00000000000006,3161,True,309,8793
1578,236.75,2471,False,235,8798
1579,134.35000000000002,1430,False,132,8801
1580,306.45,3161,True,300,8807
1581,186.4,1961,False,172,8811
1582,306.50000000000006,3161,True,309,8818
1583,305.95000000000005,3161,True,322,8825
1584,132.0,1408,False,132,8828
1585,305.9,3161,True,309,8835
1586,305.50000000000006,3161,True,305,8842
1587,305.8,3161,True,317,8849
1588,168.65,1774,False,170,8853
1589,189.0,1984,False,181,8857
1590,305.8,3161,True,315,8864
1591,306.35,3161,True,305,8871
1592,306.05000000000007,3161,True,317,8878
1593,23.4,311,False,27,8879
1594,238.15000000000003,2471,False,233,8884
1595,191.75000000000003,2010,False,193,8888
1596,306.15000000000003,3161,True,290,8894
1597,305.45,3161,True,320,8901
1598,131.35000000000002,1399,False,134,8904
1599,22.850000000000005,300,False,31,8905
1600,144.3,1522,False,161,8909
1601,305.55000000000007,3161,True,316,8916
1602,305.90000000000003,3161,True,307,8923
1603,306.0,3161,True,310,8930
1604,305.15,3161,True,310,8937
1605,134.85000000000002,1434,False,129,8940
1606,306.15000000000003,3161,True,285,8946
1607,134.10000000000002,1433,False,146,8949
1608,134.35000000000002,1425,False,132,8952
1609,195.10000000000002,2047,False,191,8956
1610,236.80000000000004,2471,False,388,8964
1611,232.35,2470,False,294,8970
1612,61.650000000000006,688,False,62,8972
1613,307.05,3161,True,293,8978
1614,169.3,1790,False,175,8982
1615,306.25,3161,True,309,8989
1616,306.35,3161,True,302,8996
1617,306.35,3161,True,305,9003
1618,236.50000000000003,2471,False,227,9008
1619,305.7,3161,True,321,9015
1620,143.9,1523,False,163,9019
1621,305.00000000000006,3161,True,333,9026
1622,169.65,1784,False,163,9030
1623,185.65000000000003,1950,False,174,9034
1624,134.3,1431,False,129,9037
1625,305.54999999999995,3161,True,345,9044
1626,306.45,3161,True,298,9050
1627,305.75,3161,True,331,9057
1628,305.70000000000005,3161,True,291,9063
1629,305.40000000000003,3161,True,307,9070
1630,306.05,3161,True,317,9077
1631,157.9,1670,False,149,9080
1632,143.55,1523,False,135,9083
1633,236.90000000000003,2471,False,235,9088
1634,306.5,3161,True,300,9094
1635,305.84999999999997,3161,True,303,9101
1636,305.90000000000003,3161,True,312,9108
1637,305.95000000000005,3161,True,296,9114
1638,237.0,2472,False,232,9119
1639,305.50000000000006,3161,True,305,9126
1640,305.75,3161,True,301,9133
1641,168.8,1782,False,164,9137
1642,305.05,3161,True,366,9145
1643,306.65000000000003,3161,True,288,9151
1644,169.65,1783,False,163,9155
1645,305.90000000000003,3161,True,290,9161
1646,305.25000000000006,3161,True,358,9169
1647,305.80000000000007,3161,True,318,9176
1648,305.0,3161,True,333,9183
1649,306.4,3161,True,312,9190
1650,236.60000000000002,2472,False,254,9196
1651,236.20000000000002,2473,False,229,9201
1652,306.95000000000005,3161,True,298,9207
1653,306.05,3161,True,294,9213
1654,62.45,703,False,75,9215
1655,237.60000000000002,2471,False,248,9220
1656,233.95000000000002,2473,False,404,9229
1657,305.65000000000003,3161,True,315,9236
1658,304.9,3161,True,364,9244
1659,305.70000000000005,3161,True,292,9250
1660,305.65000000000003,3161,True,306,9257
1661,306.00000000000006,3161,True,306,9264
1662,236.35000000000002,2470,False,247,9269
1663,193.15,2027,False,177,9273
1664,306.20000000000005,3161,True,323,9280
1665,264.75000000000006,2761,False,267,9286
1666,305.75,3161,True,333,9293
1667,236.8,2472,False,242,9298
1668,236.45000000000002,2470,False,238,9303
1669,306.0,3161,True,307,9310
1670,305.1,3161,True,324,9317
1671,306.35,3161,True,300,9323
1672,305.40000000000003,3161,True,314,9330
1673,306.8,3161,True,290,9336
1674,236.60000000000002,2469,False,238,9341
1675,131.65,1406,False,131,9344
1676,193.45000000000005,2027,False,189,9348
1677,305.70000000000005,3161,True,315,9355
1678,305.5,3161,True,335,9362
1679,305.9,3161,True,311,9369
1680,305.20000000000005,3161,True,348,9376
1681,305.2,3161,True,323,9383
1682,305.70000000000005,3161,True,323,9390
1683,185.95000000000002,1954,False,172,9394
1684,306.75,3161,True,306,9401
1685,305.45,3161,True,323,9408
1686,305.65000000000003,3161,True,311,9415
1687,193.65,2027,False,177,9419
1688,62.85000000000001,708,False,75,9421
1689,306.9,3161,True,310,9428
1690,305.5,3161,True,301,9435
1691,306.20000000000005,3161,True,300,9441
1692,305.3,3161,True,343,9448
1693,305.95000000000005,3161,True,296,9454
1694,306.6,3161,True,300,9460
1695,306.05,3161,True,292,9466
1696,304.75,3161,True,356,9474
1697,235.70000000000002,2471,False,292,9480
1698,306.15000000000003,3161,True,284,9486
1699,143.25,1525,False,136,9489
1700,188.45000000000002,1960,False,201,9494
1701,167.45000000000002,1781,False,164,9498
1702,305.15,3161,True,363,9506
1703,306.1,3161,True,300,9512
1704,306.0,3161,True,308,9519
1705,236.9,2471,False,232,9524
1706,306.1,3161,True,302,9531
1707,305.20000000000005,3161,True,323,9538
1708,169.10000000000002,1782,False,167,9542
1709,104.75,1130,False,117,9545
1710,306.85,3161,True,300,9551
1711,305.95000000000005,3161,True,296,9557
1712,305.25,3161,True,329,9564
1713,305.5,3161,True,332,9571
1714,305.3,3161,True,311,9578
1715,305.95000000000005,3161,True,297,9584
1716,305.55,3161,True,316,9591
1717,305.6,3161,True,320,9598
1718,305.85,3161,True,302,9605
1719,305.5,3161,True,302,9612
1720,305.4,3161,True,306,9619
1721,305.95000000000005,3161,True,321,9626
1722,305.6000000000001,3161,True,302,9633
1723,306.20000000000005,3161,True,300,9639
1724,104.85000000000002,1128,False,107,9642
1725,171.45000000000002,1796,False,158,9646
1726,305.85,3161,True,301,9653
1727,306.05,3161,True,318,9660
1728,305.3500000000001,3161,True,354,9668
1729,305.35,3161,True,298,9674
1730,305.70000000000005,3161,True,296,9680
1731,305.6,3161,True,353,9688
1732,305.8,3161,True,290,9694
1733,305.8,3161,True,342,9701
1734,156.70000000000005,1660,False,156,9705
1735,306.1,3161,True,303,9712
1736,170.00000000000003,1788,False,160,9716
1737,305.2,3161,True,373,9724
1738,185.45000000000002,1954,False,172,9728
1739,305.90000000000003,3161,True,340,9735
1740,304.95000000000005,3161,True,344,9742
1741,131.3,1407,False,135,9745
1742,306.6,3161,True,329,9752
1743,236.15,2470,False,251,9758
1744,64.35,722,False,83,9760
1745,306.45000000000005,3161,True,292,9766
1746,169.15,1778,False,164,9770
1747,61.3,696,False,78,9772
1748,307.0,3161,True,310,9779
1749,23.85,314,False,27,9780
1750,306.45000000000005,3161,True,325,9787
1751,305.3500000000001,3161,True,321,9794
1752,22.500000000000004,299,False,31,9795
1753,307.45000000000005,3161,True,295,9801
1754,305.90000000000003,3161,True,290,9807
1755,60.10000000000001,675,False,57,9809
1756,306.4,3161,True,337,9816
1757,305.45000000000005,3161,True,324,9823
1758,305.3,3161,True,341,9830
1759,305.25000000000006,3161,True,359,9838
1760,305.20000000000005,3161,True,346,9845
1761,133.05,1422,False,157,9849
1762,306.45000000000005,3161,True,291,9855
1763,301.84999999999997,3161,True,477,9865
1764,133.55,1426,False,128,9868
1765,306.25000000000006,3161,True,305,9875
1766,305.65,3161,True,314,9882
1767,305.95,3161,True,321,9889
1768,305.1,3161,True,354,9897
1769,304.70000000000005,3161,True,343,9904
1770,193.15,2027,False,177,9908
1771,305.65000000000003,3161,True,339,9915
1772,131.8,1406,False,131,9918
1773,135.35000000000002,1434,False,128,9921
1774,304.95,3161,True,374,9929
1775,306.09999999999997,3161,True,304,9936
1776,305.85,3161,True,325,9943
1777,304.50000000000006,3161,True,327,9950
1778,306.6,3161,True,304,9957
1779,305.25000000000006,3161,True,302,9964
1780,304.25000000000006,3161,True,408,9973
1781,305.20000000000005,3161,True,317,9980
1782,305.5,3161,True,333,9987
1783,265.1,2762,False,265,9993
1784,305.2,3161,True,319,10000
1785,236.3,2473,False,272,10006
1786,169.3,1788,False,167,10010
1787,306.90000000000003,3161,True,290,10016
1788,304.95000000000005,3161,True,291,10022
1789,306.70000000000005,3161,True,299,10028
1790,142.35000000000002,1510,False,141,10031
1791,306.6,3161,True,304,10038
1792,236.50000000000003,2470,False,228,10043
1793,306.30000000000007,3161,True,317,10050
1794,305.3,3161,True,342,10057
1795,306.1,3161,True,302,10064
1796,305.8,3161,True,318,10071
1797,305.45000000000005,3161,True,292,10077
1798,306.0,3161,True,309,10084
1799,305.1,3161,True,327,10091
1800,306.1,3161,True,298,10097
1801,133.70000000000002,1427,False,142,10100
1802,105.10000000000001,1128,False,106,10103
1803,306.05,3161,True,344,10110
1804,237.10000000000002,2474,False,236,10115
1805,104.95,1136,False,115,10118
1806,307.05,3161,True,293,10124
1807,134.70000000000002,1435,False,130,10127
1808,305.59999999999997,3161,True,354,10135
1809,193.15,2027,False,177,10139
1810,306.1,3161,True,304,10146
1811,22.600000000000005,300,False,31,10147
1812,307.3,3161,True,315,10154
1813,157.25,1674,False,158,10158
1814,238.0,2473,False,236,10163
1815,104.70000000000002,1129,False,107,10166
1816,236.70000000000002,2469,False,238,10171
1817,306.8,3161,True,292,10177
1818,305.3,3161,True,319,10184
1819,306.45000000000005,3161,True,296,10190
1820,306.25,3161,True,308,10197
1821,305.70000000000005,3161,True,322,10204
1822,104.35000000000002,1129,False,113,10207
1823,305.65,3161,True,335,10214
1824,158.60000000000002,1673,False,149,10217
1825,306.05,3161,True,320,10224
1826,143.55,1523,False,135,10227
1827,306.50000000000006,3161,True,308,10234
1828,305.85,3161,True,301,10241
1829,306.55000000000007,3161,True,319,10248
1830,304.55000000000007,3161,True,312,10255
1831,306.30000000000007,3161,True,291,10261
1832,236.40000000000003,2469,False,254,10267
1833,305.65,3161,True,305,10274
1834,22.15,296,False,32,10275
1835,193.8,2021,False,177,10279
1836,186.60000000000002,1958,False,172,10283
1837,305.6000000000001,3161,True,322,10290
1838,134.25,1433,False,128,10293
1839,306.15000000000003,3161,True,337,10300
1840,305.3,3161,True,320,10307
1841,306.35,3161,True,304,10314
1842,302.55,3161,True,439,10323
1843,305.6,3161,True,325,10330
1844,306.00000000000006,3161,True,307,10337
1845,305.8,3161,True,320,10344
1846,305.95000000000005,3161,True,325,10351
1847,192.15000000000003,2022,False,177,10355
1848,65.15,722,False,68,10357
1849,306.35,3161,True,330,10364
1850,306.55,3161,True,292,10370
1851,306.05,3161,True,293,10376
1852,305.40000000000003,3161,True,337,10383
1853,132.95000000000002,1416,False,136,10386
1854,306.45000000000005,3161,True,297,10392
1855,306.34999999999997,3161,True,301,10399
1856,302.70000000000005,3161,True,442,10408
1857,305.95000000000005,3161,True,324,10415
1858,306.3,3161,True,292,10421
1859,305.15000000000003,3161,True,306,10428
1860,306.1,3161,True,303,10435
1861,306.00000000000006,3161,True,307,10442
1862,304.6,3161,True,325,10449
1863,307.45000000000005,3161,True,298,10455
1864,235.70000000000002,2468,False,258,10461
1865,306.35,3161,True,302,10468
1866,305.75000000000006,3161,True,306,10475
1867,306.35,3161,True,304,10482
1868,304.8500000000001,3161,True,297,10488
1869,193.25,2020,False,189,10492
1870,235.85,2471,False,254,10498
