0,237.4,2471,False,258,6
1,305.1500000000001,3161,True,363,14
2,305.50000000000006,3161,True,332,21
3,186.35000000000002,1963,False,172,25
4,306.4000000000001,3161,True,311,32
5,169.6,1790,False,168,36
6,306.5,3161,True,307,43
7,236.1,2471,False,249,48
8,306.55,3161,True,317,55
9,104.0,1127,False,106,58
10,307.0,3161,True,308,65
11,304.85,3161,True,352,73
12,306.2,3161,True,296,79
13,305.55,3161,True,316,86
14,306.7,3161,True,297,92
15,169.05000000000004,1787,False,164,96
16,306.05000000000007,3161,True,317,103
17,305.70000000000005,3161,True,291,109
18,306.1,3161,True,299,115
19,306.25,3161,True,284,121
20,236.60000000000002,2477,False,272,127
21,305.95,3161,True,322,134
22,305.95,3161,True,300,140
23,304.80000000000007,3161,True,345,147
24,236.75000000000003,2470,False,252,153
25,305.90000000000003,3161,True,340,160
26,305.8,3161,True,290,166
27,235.75000000000003,2470,False,272,172
28,305.1500000000001,3161,True,339,179
29,306.15000000000003,3161,True,313,186
30,236.8,2469,False,258,192
31,133.8,1432,False,133,195
32,305.40000000000003,3161,True,335,202
33,186.55,1953,False,194,206
34,305.55,3161,True,292,212
35,305.70000000000005,3161,True,300,218
36,305.15000000000003,3161,True,332,225
37,237.0,2471,False,228,230
38,306.59999999999997,3161,True,302,237
39,21.85,295,False,32,238
40,23.600000000000005,300,False,31,239
41,307.35,3161,True,304,246
42,60.00000000000001,678,False,57,248
43,24.75,313,False,27,249
44,306.6,3161,True,297,255
45,306.05,3161,True,317,262
46,104.45000000000002,1129,False,108,265
47,306.4,3161,True,315,272
48,306.55,3161,True,292,278
49,306.15,3161,True,310,285
50,305.95000000000005,3161,True,298,291
51,105.15,1136,False,105,294
52,236.8,2469,False,257,300
53,305.75000000000006,3161,True,307,307
54,134.25,1429,False,130,310
55,170.25000000000003,1788,False,161,314
56,306.55000000000007,3161,True,293,320
57,306.45000000000005,3161,True,299,326
58,306.05000000000007,3161,True,291,332
59,236.30000000000004,2468,False,229,337
60,307.05,3161,True,292,343
61,305.20000000000005,3161,True,349,350
62,305.55,3161,True,317,357
63,306.0,3161,True,309,364
64,306.45000000000005,3161,True,298,370
65,236.60000000000002,2470,False,247,375
66,305.70000000000005,3161,True,300,381
67,306.35,3161,True,304,388
68,305.25,3161,True,359,396
69,305.15000000000003,3161,True,338,403
70,305.80000000000007,3161,True,290,409
71,237.25,2473,False,238,414
72,306.30000000000007,3161,True,291,420
73,131.75000000000003,1408,False,133,423
74,132.10000000000002,1409,False,158,427
75,305.65000000000003,3161,True,313,434
76,306.85,3161,True,301,441
77,305.95,3161,True,291,447
78,236.35000000000002,2471,False,250,452
79,239.0,2472,False,258,458
80,304.15000000000003,3161,True,289,464
81,304.9,3161,True,339,471
82,306.55,3161,True,292,477
83,170.75,1788,False,161,481
84,305.45000000000005,3161,True,296,487
85,134.65000000000003,1433,False,135,490
86,306.20000000000005,3161,True,295,496
87,61.30000000000001,688,False,61,498
88,307.40000000000003,3161,True,287,504
89,305.40000000000003,3161,True,305,511
90,304.75,3161,True,328,518
91,168.6,1784,False,182,522
92,306.1,3161,True,298,528
93,306.45000000000005,3161,True,296,534
94,305.8,3161,True,315,541
95,23.75,313,False,27,542
96,236.69999999999996,2475,False,311,549
97,303.95,3161,True,371,557
98,303.90000000000003,3161,True,462,567
99,306.6,3161,True,325,574
100,305.05,3161,True,320,581
101,235.95,2474,False,284,587
102,236.65000000000003,2468,False,246,592
103,305.8,3161,True,291,598
104,236.95000000000002,2470,False,239,603
105,306.2,3161,True,297,609
106,141.65,1508,False,141,612
107,306.5,3161,True,305,619
108,306.25,3161,True,307,626
109,306.0,3161,True,310,633
110,305.00000000000006,3161,True,355,641
111,236.3,2472,False,266,647
112,305.6,3161,True,299,653
113,304.45,3161,True,372,661
114,135.20000000000002,1435,False,129,664
115,134.60000000000002,1435,False,134,667
116,306.85,3161,True,305,674
117,305.75,3161,True,310,681
118,306.25,3161,True,306,688
119,134.25,1433,False,130,691
120,306.00000000000006,3161,True,301,698
121,305.40000000000003,3161,True,311,705
122,237.4,2471,False,231,710
123,305.75000000000006,3161,True,306,717
124,237.45000000000002,2473,False,229,722
125,236.3,2471,False,262,728
126,304.55,3161,True,393,736
127,305.75000000000006,3161,True,306,743
128,305.45,3161,True,323,750
129,236.45000000000002,2470,False,269,756
130,306.55,3161,True,291,762
131,305.15,3161,True,336,769
132,305.3,3161,True,314,776
133,306.65000000000003,3161,True,290,782
134,305.55,3161,True,294,788
135,104.80000000000001,1128,False,124,791
136,305.45000000000005,3161,True,320,798
137,305.65000000000003,3161,True,339,805
138,60.45000000000001,686,False,82,807
139,236.50000000000006,2470,False,273,813
140,305.09999999999997,3161,True,354,821
141,305.95,3161,True,320,828
142,131.60000000000002,1408,False,129,831
143,307.15000000000003,3161,True,290,837
144,142.3,1512,False,139,840
145,236.60000000000002,2470,False,268,846
146,305.15000000000003,3161,True,337,853
147,186.3,1955,False,171,857
148,237.15000000000003,2471,False,232,862
149,305.6,3161,True,328,869
150,305.80000000000007,3161,True,319,876
151,305.05,3161,True,340,883
152,22.600000000000005,300,False,31,884
153,237.0,2473,False,286,890
154,305.65000000000003,3161,True,311,897
155,305.55,3161,True,314,904
156,305.20000000000005,3161,True,350,911
157,305.20000000000005,3161,True,325,918
158,237.55,2472,False,269,924
159,235.45000000000002,2471,False,270,930
160,169.70000000000002,1783,False,168,934
161,305.95000000000005,3161,True,299,940
162,305.6,3161,True,328,947
163,235.85000000000005,2476,False,270,953
164,306.00000000000006,3161,True,301,960
165,306.20000000000005,3161,True,324,967
166,305.0,3161,True,304,974
167,305.6,3161,True,299,980
168,304.90000000000003,3161,True,361,988
169,305.90000000000003,3161,True,289,994
170,306.80000000000007,3161,True,294,1000
171,235.55,2471,False,290,1006
172,22.65,296,False,32,1007
173,306.5,3161,True,334,1014
174,22.299999999999997,296,False,32,1015
175,196.0,2040,False,189,1019
176,193.00000000000003,2023,False,178,1023
177,306.05,3161,True,292,1029
178,306.25,3161,True,309,1036
179,235.35,2472,False,304,1043
180,134.15,1433,False,134,1046
181,186.95000000000002,1961,False,182,1050
182,237.45000000000002,2473,False,227,1055
183,305.3,3161,True,341,1062
184,305.65000000000003,3161,True,313,1069
185,306.6,3161,True,302,1076
186,104.25000000000001,1127,False,107,1079
187,306.40000000000003,3161,True,285,1085
188,59.85000000000001,675,False,57,1087
189,170.95000000000002,1792,False,174,1091
190,305.95000000000005,3161,True,294,1097
191,304.3,3161,True,394,1105
192,306.40000000000003,3161,True,290,1111
193,304.8,3161,True,369,1119
194,306.3,3161,True,293,1125
195,305.6,3161,True,299,1131
196,306.20000000000005,3161,True,295,1137
197,304.8,3161,True,369,1145
198,305.75000000000006,3161,True,306,1152
199,306.3,3161,True,293,1158
200,305.75,3161,True,301,1165
201,304.25000000000006,3161,True,383,1173
202,305.20000000000005,3161,True,346,1180
203,304.6,3161,True,379,1188
204,170.85000000000002,1796,False,167,1192
205,305.95000000000005,3161,True,320,1199
206,305.40000000000003,3161,True,311,1206
207,306.55,3161,True,291,1212
208,306.2,3161,True,322,1219
209,305.2,3161,True,293,1225
210,305.90000000000003,3161,True,290,1231
211,306.5,3161,True,308,1238
212,305.9,3161,True,310,1245
213,305.9,3161,True,314,1252
214,305.6,3161,True,304,1259
215,305.29999999999995,3161,True,337,1266
216,306.20000000000005,3161,True,297,1272
217,104.25,1129,False,116,1275
218,105.00000000000001,1127,False,107,1278
219,306.6,3161,True,304,1285
220,306.15000000000003,3161,True,315,1292
221,305.95,3161,True,295,1298
222,305.45,3161,True,349,1305
223,235.5,2467,False,264,1311
224,304.7,3161,True,396,1319
225,305.9,3161,True,311,1326
226,305.9,3161,True,311,1333
227,236.85000000000002,2475,False,245,1338
228,306.55,3161,True,294,1344
229,236.25000000000003,2469,False,245,1349
230,305.00000000000006,3161,True,356,1357
231,306.40000000000003,3161,True,313,1364
232,134.20000000000002,1435,False,128,1367
233,135.35000000000002,1434,False,128,1370
234,305.1,3161,True,350,1377
235,135.45000000000002,1435,False,129,1380
236,305.90000000000003,3161,True,338,1387
237,305.15,3161,True,337,1394
238,306.00000000000006,3161,True,309,1401
239,64.30000000000001,722,False,75,1403
240,307.05,3161,True,293,1409
241,305.95,3161,True,299,1415
242,193.20000000000002,2024,False,177,1419
243,132.35000000000002,1407,False,130,1422
244,306.8,3161,True,294,1428
245,306.55,3161,True,293,1434
246,302.95000000000005,3161,True,449,1443
247,306.35,3161,True,301,1450
248,304.55,3161,True,336,1457
249,304.75000000000006,3161,True,357,1465
250,305.25000000000006,3161,True,358,1473
251,134.45000000000002,1430,False,130,1476
252,305.5,3161,True,331,1483
253,132.25,1408,False,133,1486
254,306.65000000000003,3161,True,311,1493
255,305.40000000000003,3161,True,311,1500
256,305.25000000000006,3161,True,332,1507
257,305.75,3161,True,358,1515
258,305.25,3161,True,333,1522
259,306.05,3161,True,319,1529
260,306.35,3161,True,301,1536
261,305.95000000000005,3161,True,298,1542
262,236.8,2472,False,244,1547
263,306.1,3161,True,302,1554
264,170.35000000000002,1796,False,166,1558
265,306.05,3161,True,287,1564
266,305.85,3161,True,303,1571
267,305.25,3161,True,357,1579
268,306.00000000000006,3161,True,284,1585
269,134.9,1434,False,137,1588
270,306.40000000000003,3161,True,290,1594
271,104.7,1129,False,107,1597
272,237.05,2469,False,253,1603
273,306.55,3161,True,292,1609
274,306.1,3161,True,300,1615
275,133.5,1428,False,130,1618
276,306.50000000000006,3161,True,308,1625
277,158.85000000000002,1671,False,149,1628
278,104.50000000000001,1127,False,107,1631
279,304.40000000000003,3161,True,413,1640
280,305.45000000000005,3161,True,348,1647
281,305.90000000000003,3161,True,310,1654
282,306.00000000000006,3161,True,309,1661
283,305.5,3161,True,332,1668
284,306.55000000000007,3161,True,291,1674
285,305.75000000000006,3161,True,306,1681
286,304.0,3161,True,407,1690
287,305.85,3161,True,300,1696
288,305.20000000000005,3161,True,291,1702
289,305.8,3161,True,311,1709
290,193.4,2027,False,177,1713
291,63.05000000000001,708,False,73,1715
292,307.05,3161,True,293,1721
293,302.55,3161,True,468,1731
294,307.05,3161,True,293,1737
295,236.25000000000003,2475,False,250,1742
296,306.0,3161,True,302,1749
297,236.85,2472,False,228,1754
298,305.90000000000003,3161,True,312,1761
299,303.65000000000003,3161,True,408,1770
300,22.350000000000005,300,False,31,1771
301,61.35000000000001,680,False,57,1773
302,306.55,3161,True,316,1780
303,305.35,3161,True,325,1787
304,305.95000000000005,3161,True,324,1794
305,306.1,3161,True,304,1801
306,236.80000000000004,2469,False,234,1806
307,306.00000000000006,3161,True,306,1813
308,236.70000000000002,2470,False,238,1818
309,134.15,1433,False,131,1821
310,307.00000000000006,3161,True,307,1828
311,304.65000000000003,3161,True,335,1835
312,303.70000000000005,3161,True,391,1843
313,236.40000000000003,2466,False,236,1848
314,306.55,3161,True,293,1854
315,303.6,3161,True,371,1862
316,236.90000000000003,2471,False,232,1867
317,306.4,3161,True,290,1873
318,306.6,3161,True,304,1880
319,305.85,3161,True,305,1887
320,306.25,3161,True,308,1894
321,104.2,1129,False,108,1897
322,306.05,3161,True,310,1904
323,306.45,3161,True,299,1910
324,305.04999999999995,3161,True,343,1917
325,305.35,3161,True,296,1923
326,306.55,3161,True,293,1929
327,169.95000000000002,1793,False,166,1933
328,306.40000000000003,3161,True,311,1940
329,306.3,3161,True,292,1946
330,306.3,3161,True,291,1952
331,235.8,2471,False,285,1958
332,306.3,3161,True,292,1964
333,305.85,3161,True,305,1971
334,306.55,3161,True,291,1977
335,304.65,3161,True,335,1984
336,306.2,3161,True,291,1990
337,134.25,1428,False,129,1993
338,24.05,311,False,28,1994
339,189.45000000000002,1976,False,180,1998
340,304.7,3161,True,320,2005
341,193.95000000000002,2026,False,207,2010
342,304.50000000000006,3161,True,304,2017
343,193.05,2022,False,182,2021
344,306.00000000000006,3161,True,309,2028
345,305.55000000000007,3161,True,314,2035
346,305.5,3161,True,301,2042
347,236.0,2471,False,280,2048
348,305.95000000000005,3161,True,291,2054
349,143.55,1529,False,144,2057
350,305.85,3161,True,323,2064
351,305.34999999999997,3161,True,299,2070
352,304.95,3161,True,345,2077
353,237.10000000000002,2471,False,248,2082
354,305.65000000000003,3161,True,315,2089
355,305.8,3161,True,319,2096
356,305.30000000000007,3161,True,317,2103
357,170.8,1792,False,161,2107
358,305.40000000000003,3161,True,307,2114
359,304.45,3161,True,374,2122
360,305.45,3161,True,324,2129
361,193.25000000000003,2023,False,178,2133
362,306.3500000000001,3161,True,301,2140
363,305.75,3161,True,331,2147
364,192.75,2023,False,178,2151
365,305.75000000000006,3161,True,308,2158
366,304.84999999999997,3161,True,379,2166
367,263.65,2749,False,262,2172
368,23.85,309,False,27,2173
369,306.95000000000005,3161,True,324,2180
370,236.9,2469,False,229,2185
371,304.95000000000005,3161,True,349,2192
372,265.2,2762,False,265,2198
373,306.25,3161,True,306,2205
374,306.1,3161,True,302,2212
375,304.50000000000006,3161,True,303,2219
376,305.90000000000003,3161,True,363,2227
377,134.60000000000002,1435,False,131,2230
378,168.70000000000002,1782,False,169,2234
379,236.60000000000002,2470,False,272,2240
380,104.55000000000001,1128,False,124,2243
381,74.30000000000001,820,False,97,2245
382,158.70000000000002,1674,False,148,2248
383,24.1,309,False,27,2249
384,306.40000000000003,3161,True,307,2256
385,305.20000000000005,3161,True,372,2264
386,235.90000000000003,2471,False,256,2270
387,62.25000000000001,701,False,74,2272
388,134.65,1428,False,131,2275
389,306.6,3161,True,303,2282
390,234.70000000000002,2471,False,315,2289
391,195.40000000000003,2039,False,187,2293
392,235.80000000000004,2470,False,257,2299
393,236.60000000000002,2469,False,239,2304
394,305.6,3161,True,304,2311
395,306.4,3161,True,315,2318
396,132.75,1417,False,151,2322
397,63.95000000000001,714,False,71,2324
398,236.55,2472,False,269,2330
399,132.15000000000003,1407,False,133,2333
400,306.35,3161,True,303,2340
401,305.3,3161,True,341,2347
402,132.45000000000002,1409,False,129,2350
403,306.8,3161,True,291,2356
404,236.25,2468,False,267,2362
405,235.70000000000002,2469,False,263,2368
406,305.40000000000003,3161,True,307,2375
407,306.35,3161,True,305,2382
408,236.9,2470,False,230,2387
409,306.15000000000003,3161,True,311,2394
410,305.90000000000003,3161,True,314,2401
411,306.1,3161,True,303,2408
412,305.8,3161,True,318,2415
413,305.6,3161,True,295,2421
414,305.9,3161,True,311,2428
415,236.45,2469,False,240,2433
416,306.05,3161,True,316,2440
417,305.3,3161,True,318,2447
418,169.55,1782,False,163,2451
419,168.75000000000003,1779,False,164,2455
420,306.6,3161,True,302,2462
421,304.40000000000003,3161,True,331,2469
422,306.40000000000003,3161,True,311,2476
423,185.60000000000002,1954,False,177,2480
424,186.30000000000004,1954,False,171,2484
425,306.05,3161,True,319,2491
426,306.00000000000006,3161,True,306,2498
427,306.5,3161,True,310,2505
428,236.25,2469,False,242,2510
429,304.8,3161,True,312,2517
430,171.95000000000005,1801,False,159,2521
431,106.5,1154,False,106,2524
432,74.10000000000001,820,False,107,2527
433,61.55000000000001,691,False,78,2529
434,307.09999999999997,3161,True,303,2536
435,305.45000000000005,3161,True,325,2543
436,142.45,1511,False,139,2546
437,306.70000000000005,3161,True,295,2552
438,23.950000000000003,315,False,27,2553
439,237.25000000000003,2473,False,265,2559
440,24.25,313,False,27,2560
441,306.2,3161,True,324,2567
442,193.8,2026,False,177,2571
443,186.55,1959,False,174,2575
444,169.55,1781,False,163,2579
445,305.25,3161,True,300,2585
446,305.5,3161,True,327,2592
447,305.45000000000005,3161,True,298,2598
448,305.95000000000005,3161,True,324,2605
449,306.20000000000005,3161,True,323,2612
450,305.0,3161,True,333,2619
451,306.2,3161,True,320,2626
452,185.8,1960,False,198,2630
453,236.75000000000003,2472,False,257,2636
454,236.65000000000003,2467,False,241,2641
455,305.6,3161,True,298,2647
456,305.65000000000003,3161,True,315,2654
457,306.1,3161,True,303,2661
458,236.4,2471,False,259,2667
459,62.5,707,False,73,2669
460,306.05,3161,True,343,2676
461,132.10000000000002,1408,False,132,2679
462,105.10000000000002,1129,False,111,2682
463,305.90000000000003,3161,True,338,2689
464,305.90000000000003,3161,True,311,2696
465,236.8,2473,False,273,2702
466,305.50000000000006,3161,True,302,2709
467,305.75,3161,True,308,2716
468,305.6,3161,True,299,2722
469,192.60000000000002,2019,False,177,2726
470,133.05,1415,False,132,2729
471,306.40000000000003,3161,True,312,2736
472,306.0,3161,True,307,2743
473,237.05,2476,False,233,2748
474,192.8,2021,False,177,2752
475,305.75,3161,True,307,2759
476,306.4,3161,True,310,2766
477,191.90000000000003,2024,False,189,2770
478,135.05,1432,False,132,2773
479,80.49999999999999,898,False,216,2778
480,134.50000000000003,1428,False,130,2781
481,306.2,3161,True,300,2787
482,236.90000000000003,2472,False,237,2792
483,156.65,1657,False,156,2796
484,134.85000000000002,1434,False,130,2799
485,306.50000000000006,3161,True,306,2806
486,22.600000000000005,300,False,31,2807
487,307.1000000000001,3161,True,302,2814
488,306.00000000000006,3161,True,307,2821
489,236.25000000000006,2472,False,259,2827
490,305.45,3161,True,316,2834
491,306.35,3161,True,302,2841
492,305.90000000000003,3161,True,311,2848
493,236.85000000000002,2472,False,229,2853
494,306.1,3161,True,302,2860
495,305.70000000000005,3161,True,292,2866
496,305.3,3161,True,310,2873
497,305.55,3161,True,341,2880
498,306.1,3161,True,301,2887
499,185.75,1957,False,174,2891
500,169.45000000000002,1782,False,167,2895
501,306.25000000000006,3161,True,307,2902
502,237.00000000000003,2470,False,222,2907
503,131.9,1409,False,145,2910
504,307.00000000000006,3161,True,284,2916
505,170.10000000000002,1790,False,161,2920
506,131.9,1406,False,133,2923
507,24.5,313,False,27,2924
508,187.00000000000003,1958,False,181,2928
509,132.65000000000003,1407,False,134,2931
510,186.3,1954,False,172,2935
511,158.6,1674,False,152,2939
512,185.95000000000002,1957,False,186,2943
513,193.65,2027,False,178,2947
514,265.45,2762,False,265,2953
515,305.6,3161,True,298,2959
516,236.90000000000003,2473,False,241,2964
517,192.75000000000003,2022,False,184,2968
518,306.8,3161,True,294,2974
519,305.09999999999997,3161,True,352,2982
520,306.05,3161,True,291,2988
521,24.700000000000003,315,False,27,2989
522,24.200000000000003,310,False,27,2990
523,105.60000000000001,1127,False,105,2993
524,24.6,314,False,27,2994
525,307.34999999999997,3161,True,304,3001
526,104.25000000000001,1127,False,107,3004
527,236.70000000000002,2471,False,250,3009
528,237.50000000000003,2471,False,234,3014
529,305.45,3161,True,349,3021
530,106.10000000000002,1149,False,104,3024
531,132.35000000000002,1409,False,135,3027
532,307.2,3161,True,299,3033
533,306.30000000000007,3161,True,294,3039
534,24.0,313,False,27,3040
535,237.35000000000002,2469,False,237,3045
536,305.50000000000006,3161,True,355,3053
537,133.95000000000002,1433,False,141,3056
538,303.40000000000003,3161,True,464,3066
539,305.85,3161,True,303,3073
540,105.20000000000002,1135,False,108,3076
541,305.75,3161,True,333,3083
542,306.35,3161,True,301,3090
543,305.7,3161,True,320,3097
544,305.6,3161,True,328,3104
545,305.6,3161,True,304,3111
546,64.45,722,False,76,3113
547,307.0,3161,True,307,3120
548,306.30000000000007,3161,True,294,3126
549,234.6,2471,False,298,3132
550,303.95000000000005,3161,True,416,3141
551,134.10000000000002,1430,False,132,3144
552,307.0,3161,True,305,3151
553,305.84999999999997,3161,True,302,3158
554,236.60000000000002,2472,False,255,3164
555,306.55,3161,True,292,3170
556,305.70000000000005,3161,True,297,3176
557,306.25000000000006,3161,True,310,3183
558,186.60000000000002,1963,False,173,3187
559,306.05000000000007,3161,True,293,3193
560,306.45000000000005,3161,True,290,3199
561,305.65,3161,True,307,3206
562,305.35,3161,True,297,3212
563,131.2,1408,False,148,3215
564,306.75000000000006,3161,True,332,3222
565,306.40000000000003,3161,True,288,3228
566,305.25000000000006,3161,True,335,3235
567,235.95000000000002,2476,False,261,3241
568,24.75,313,False,27,3242
569,306.80000000000007,3161,True,320,3249
570,305.55000000000007,3161,True,319,3256
571,306.25000000000006,3161,True,308,3263
572,306.05000000000007,3161,True,292,3269
573,104.70000000000002,1129,False,106,3272
574,307.0,3161,True,306,3279
575,305.95,3161,True,298,3285
576,304.1,3161,True,403,3294
577,236.00000000000003,2470,False,272,3300
578,132.1,1409,False,133,3303
579,305.90000000000003,3161,True,309,3310
580,305.15000000000003,3161,True,361,3318
581,305.05,3161,True,310,3325
582,22.600000000000005,300,False,31,3326
583,307.3,3161,True,292,3332
584,185.05,1956,False,205,3337
585,104.5,1127,False,157,3341
586,305.30000000000007,3161,True,315,3348
587,170.20000000000002,1790,False,160,3352
588,305.84999999999997,3161,True,305,3359
589,305.0,3161,True,408,3368
590,304.35,3161,True,321,3375
591,305.45000000000005,3161,True,324,3382
592,158.30000000000004,1672,False,156,3386
593,306.95,3161,True,299,3392
594,305.25,3161,True,310,3399
595,304.8,3161,True,392,3407
596,236.95000000000002,2475,False,236,3412
597,184.85,1942,False,196,3416
598,169.9,1793,False,168,3420
599,306.50000000000006,3161,True,308,3427
600,236.15000000000003,2470,False,283,3433
601,141.65,1519,False,190,3437
602,306.7,3161,True,296,3443
603,305.75,3161,True,335,3450
604,169.40000000000003,1790,False,169,3454
605,157.40000000000003,1661,False,155,3458
606,158.9,1677,False,153,3462
607,306.15000000000003,3161,True,312,3469
608,304.90000000000003,3161,True,337,3476
609,306.2,3161,True,325,3483
610,305.55,3161,True,315,3490
611,236.4,2472,False,236,3495
612,194.4,2027,False,177,3499
613,304.75,3161,True,307,3506
614,305.7,3161,True,321,3513
615,306.05,3161,True,316,3520
616,306.30000000000007,3161,True,293,3526
617,306.6,3161,True,300,3532
618,306.05,3161,True,294,3538
619,305.45000000000005,3161,True,294,3544
620,305.6500000000001,3161,True,312,3551
621,306.05,3161,True,341,3558
622,236.45000000000002,2471,False,243,3563
623,305.54999999999995,3161,True,315,3570
624,305.8,3161,True,290,3576
625,306.04999999999995,3161,True,318,3583
626,134.75,1433,False,130,3586
627,24.25,313,False,27,3587
628,170.55000000000004,1782,False,165,3591
629,131.85,1409,False,131,3594
630,306.5,3161,True,308,3601
631,306.25,3161,True,307,3608
632,304.90000000000003,3161,True,364,3616
633,237.0,2471,False,228,3621
634,263.35,2749,False,254,3627
635,304.95000000000005,3161,True,373,3635
636,304.79999999999995,3161,True,394,3643
637,306.1,3161,True,301,3650
638,305.6,3161,True,301,3657
639,306.24999999999994,3161,True,308,3664
640,306.25,3161,True,308,3671
641,306.4,3161,True,290,3677
642,306.3,3161,True,292,3683
643,306.3,3161,True,291,3689
644,305.20000000000005,3161,True,297,3695
645,238.00000000000003,2476,False,221,3700
646,305.7,3161,True,347,3707
647,236.55,2471,False,239,3712
648,305.5,3161,True,332,3719
649,305.9,3161,True,311,3726
650,305.95,3161,True,298,3732
651,236.5,2472,False,283,3738
652,104.45,1129,False,107,3741
653,264.45,2766,False,334,3748
654,169.20000000000002,1783,False,170,3752
655,169.50000000000003,1784,False,164,3756
656,169.70000000000002,1786,False,164,3760
657,305.45000000000005,3161,True,320,3767
658,304.8,3161,True,338,3774
659,186.05,1955,False,172,3778
660,186.55,1962,False,183,3782
661,237.00000000000003,2472,False,259,3788
662,305.1,3161,True,353,3796
663,264.70000000000005,2763,False,291,3802
664,237.0,2474,False,245,3807
665,305.65000000000003,3161,True,308,3814
666,305.6,3161,True,301,3821
667,169.55,1782,False,163,3825
668,305.95000000000005,3161,True,299,3831
669,237.60000000000002,2476,False,244,3836
670,23.950000000000003,315,False,27,3837
671,307.25000000000006,3161,True,308,3844
672,192.45000000000005,2026,False,184,3848
673,306.20000000000005,3161,True,323,3855
674,306.1,3161,True,301,3862
675,24.0,313,False,27,3863
676,306.15,3161,True,335,3870
677,186.20000000000002,1959,False,176,3874
678,304.59999999999997,3161,True,401,3883
679,305.55000000000007,3161,True,316,3890
680,60.05000000000001,677,False,57,3892
681,187.95000000000002,1966,False,184,3896
682,305.95000000000005,3161,True,291,3902
683,305.90000000000003,3161,True,290,3908
684,306.50000000000006,3161,True,306,3915
685,305.85,3161,True,303,3922
686,60.15000000000001,677,False,57,3924
687,307.1,3161,True,304,3931
688,305.85,3161,True,302,3938
689,306.45000000000005,3161,True,297,3944
690,305.05000000000007,3161,True,345,3951
691,236.70000000000002,2468,False,230,3956
692,306.15000000000003,3161,True,310,3963
693,305.45000000000005,3161,True,324,3970
694,302.6,3161,True,452,3980
695,170.50000000000003,1789,False,161,3984
696,306.45000000000005,3161,True,296,3990
697,306.00000000000006,3161,True,309,3997
698,306.00000000000006,3161,True,305,4004
699,305.75000000000006,3161,True,308,4011
700,105.40000000000002,1137,False,106,4014
701,307.05,3161,True,291,4020
702,171.75,1810,False,163,4024
703,304.9000000000001,3161,True,335,4031
704,305.90000000000003,3161,True,314,4038
705,237.55,2473,False,221,4043
706,186.1,1960,False,181,4047
707,306.70000000000005,3161,True,296,4053
708,305.5,3161,True,308,4060
709,308.90000000000003,3161,True,335,4067
710,189.65000000000003,2023,False,181,4071
711,235.65000000000003,2471,False,257,4077
712,305.70000000000005,3161,True,291,4083
713,170.05,1781,False,164,4087
714,104.20000000000002,1129,False,106,4090
715,143.85000000000002,1520,False,136,4093
716,132.5,1407,False,134,4096
717,235.90000000000003,2472,False,291,4102
718,306.0,3161,True,332,4109
719,304.95000000000005,3161,True,350,4116
720,236.65,2467,False,241,4121
721,169.80000000000004,1792,False,162,4125
722,306.35,3161,True,304,4132
723,170.65,1794,False,169,4136
724,305.3,3161,True,310,4143
725,305.6,3161,True,303,4150
726,305.85,3161,True,302,4157
727,306.85,3161,True,302,4164
728,305.65000000000003,3161,True,313,4171
729,236.40000000000003,2468,False,244,4176
730,22.600000000000005,300,False,31,4177
731,307.55,3161,True,291,4183
732,305.70000000000005,3161,True,291,4189
733,236.8,2469,False,230,4194
734,306.2,3161,True,299,4200
735,235.90000000000003,2470,False,258,4206
736,303.95000000000005,3161,True,423,4215
737,106.75000000000003,1151,False,116,4218
738,304.50000000000006,3161,True,406,4227
739,236.45000000000002,2476,False,265,4233
740,263.45,2748,False,266,4239
741,306.1,3161,True,325,4246
742,171.10000000000002,1795,False,159,4250
743,142.10000000000002,1521,False,135,4253
744,65.3,722,False,73,4255
745,306.85,3161,True,304,4262
746,236.95000000000002,2469,False,240,4267
747,305.6,3161,True,299,4273
748,304.1,3161,True,402,4282
749,305.55,3161,True,345,4289
750,237.15,2477,False,232,4294
751,305.25000000000006,3161,True,302,4301
752,304.90000000000003,3161,True,364,4309
753,143.55,1522,False,136,4312
754,305.95000000000005,3161,True,321,4319
755,305.7,3161,True,291,4325
756,305.6,3161,True,353,4333
757,305.75000000000006,3161,True,306,4340
758,306.25,3161,True,308,4347
759,168.20000000000002,1782,False,167,4351
760,306.70000000000005,3161,True,296,4357
761,306.35,3161,True,305,4364
762,305.6,3161,True,328,4371
763,168.45000000000002,1781,False,169,4375
764,306.84999999999997,3161,True,301,4382
765,305.55000000000007,3161,True,291,4388
766,304.50000000000006,3161,True,407,4397
767,306.0,3161,True,309,4404
768,305.70000000000005,3161,True,292,4410
769,306.2,3161,True,298,4416
770,306.25,3161,True,308,4423
771,303.95000000000005,3161,True,366,4431
772,306.05,3161,True,317,4438
773,305.65,3161,True,312,4445
774,237.45000000000002,2473,False,227,4450
775,306.3,3161,True,290,4456
776,134.75,1433,False,128,4459
777,306.05,3161,True,319,4466
778,235.6,2472,False,283,4472
779,306.20000000000005,3161,True,296,4478
780,306.0,3161,True,332,4485
781,305.70000000000005,3161,True,322,4492
782,306.3,3161,True,291,4498
783,236.85000000000002,2474,False,238,4503
784,306.05,3161,True,290,4509
785,305.65000000000003,3161,True,313,4516
786,306.55,3161,True,291,4522
787,305.65,3161,True,309,4529
788,305.8,3161,True,293,4535
789,306.1,3161,True,302,4542
790,134.45000000000002,1435,False,129,4545
791,237.9,2470,False,230,4550
792,305.6,3161,True,297,4556
793,305.70000000000005,3161,True,291,4562
794,305.95000000000005,3161,True,299,4568
795,306.1,3161,True,303,4575
796,306.45,3161,True,298,4581
797,306.1,3161,True,302,4588
798,304.3,3161,True,365,4596
799,306.05,3161,True,290,4602
800,305.85,3161,True,297,4608
801,304.85,3161,True,323,4615
802,306.3,3161,True,291,4621
803,305.0000000000001,3161,True,356,4629
804,305.95000000000005,3161,True,291,4635
805,237.00000000000003,2472,False,237,4640
806,184.80000000000004,1944,False,178,4644
807,306.1,3161,True,304,4651
808,305.90000000000003,3161,True,310,4658
809,305.00000000000006,3161,True,301,4665
810,306.65000000000003,3161,True,289,4671
811,305.90000000000003,3161,True,313,4678
812,306.35,3161,True,304,4685
813,306.30000000000007,3161,True,290,4691
814,306.40000000000003,3161,True,290,4697
815,305.75000000000006,3161,True,309,4704
816,305.85,3161,True,303,4711
817,132.15,1408,False,136,4714
818,304.4,3161,True,436,4723
819,306.15000000000003,3161,True,289,4729
820,304.70000000000005,3161,True,345,4736
821,304.79999999999995,3161,True,366,4744
822,237.10000000000002,2473,False,231,4749
823,104.45000000000002,1129,False,108,4752
824,155.85,1654,False,206,4757
825,186.65,1957,False,183,4761
826,306.45000000000005,3161,True,295,4767
827,305.30000000000007,3161,True,319,4774
828,306.05,3161,True,289,4780
829,235.90000000000003,2471,False,284,4786
830,305.95,3161,True,321,4793
831,306.20000000000005,3161,True,300,4799
832,305.95,3161,True,299,4805
833,306.20000000000005,3161,True,299,4811
834,306.45000000000005,3161,True,297,4817
835,235.05,2469,False,310,4824
836,134.3,1431,False,128,4827
837,237.55,2469,False,232,4832
838,306.1,3161,True,302,4839
839,22.250000000000004,299,False,31,4840
840,306.59999999999997,3161,True,330,4847
841,306.05000000000007,3161,True,318,4854
842,305.35,3161,True,295,4860
843,305.50000000000006,3161,True,332,4867
844,305.7,3161,True,322,4874
845,305.95,3161,True,292,4880
846,305.50000000000006,3161,True,310,4887
847,306.2,3161,True,322,4894
848,305.8,3161,True,291,4900
849,306.55000000000007,3161,True,293,4906
850,185.9,1956,False,175,4910
851,107.60000000000002,1155,False,107,4913
852,306.6,3161,True,300,4919
853,305.45000000000005,3161,True,320,4926
854,306.0,3161,True,305,4933
855,236.8,2474,False,228,4938
856,305.25,3161,True,356,4946
857,306.05,3161,True,318,4953
858,134.60000000000002,1434,False,129,4956
859,305.85,3161,True,300,4962
860,306.15000000000003,3161,True,311,4969
861,304.65000000000003,3161,True,337,4976
862,307.05,3161,True,294,4982
863,305.90000000000003,3161,True,284,4988
864,306.20000000000005,3161,True,300,4994
865,305.85,3161,True,304,5001
866,305.25000000000006,3161,True,331,5008
867,306.40000000000003,3161,True,313,5015
868,306.3,3161,True,293,5021
869,169.15000000000003,1787,False,186,5025
870,169.25000000000003,1780,False,168,5029
871,306.1,3161,True,302,5036
872,134.29999999999998,1434,False,141,5039
873,134.75,1433,False,128,5042
874,236.60000000000002,2470,False,269,5048
875,303.05,3161,True,466,5058
876,306.35,3161,True,305,5065
877,236.4,2471,False,235,5070
878,170.10000000000002,1791,False,168,5074
879,304.9,3161,True,337,5081
880,23.100000000000005,300,False,31,5082
881,237.30000000000004,2471,False,261,5088
882,305.65000000000003,3161,True,312,5095
883,306.35,3161,True,301,5102
884,306.59999999999997,3161,True,305,5109
885,306.05,3161,True,291,5115
886,193.15,2027,False,177,5119
887,306.35,3161,True,302,5126
888,305.95,3161,True,297,5132
889,305.00000000000006,3161,True,330,5139
890,305.25000000000006,3161,True,333,5146
891,306.15000000000003,3161,True,312,5153
892,236.70000000000002,2471,False,242,5158
893,305.85,3161,True,299,5164
894,306.0,3161,True,310,5171
895,306.3,3161,True,293,5177
896,236.20000000000002,2472,False,254,5183
897,305.3,3161,True,313,5190
898,193.65,2027,False,177,5194
899,306.05000000000007,3161,True,294,5200
900,305.15000000000003,3161,True,361,5208
901,305.3,3161,True,342,5215
902,186.55,1954,False,176,5219
903,236.45000000000002,2471,False,249,5224
904,306.35,3161,True,300,5230
905,61.400000000000006,696,False,77,5232
906,237.0,2470,False,275,5238
907,236.60000000000002,2472,False,228,5243
908,135.0,1434,False,132,5246
909,306.8,3161,True,292,5252
910,306.15000000000003,3161,True,287,5258
911,237.35000000000002,2472,False,226,5263
912,236.9,2471,False,231,5268
913,306.1,3161,True,303,5275
914,305.29999999999995,3161,True,344,5282
915,305.70000000000005,3161,True,297,5288
916,235.8,2471,False,313,5295
917,305.35,3161,True,329,5302
918,304.90000000000003,3161,True,333,5309
919,305.8500000000001,3161,True,330,5316
920,304.85,3161,True,298,5322
921,237.10000000000002,2470,False,242,5327
922,305.75,3161,True,332,5334
923,305.5,3161,True,335,5341
924,235.4,2466,False,265,5347
925,305.6,3161,True,299,5353
926,306.25,3161,True,309,5360
927,306.15000000000003,3161,True,314,5367
928,61.500000000000014,698,False,76,5369
929,307.1,3161,True,304,5376
930,303.35,3161,True,427,5385
931,306.3,3161,True,293,5391
932,306.55,3161,True,291,5397
933,306.05,3161,True,318,5404
934,134.0,1433,False,128,5407
935,306.8500000000001,3161,True,305,5414
936,134.5,1433,False,130,5417
937,236.75000000000003,2470,False,252,5423
938,305.25000000000006,3161,True,333,5430
939,305.6,3161,True,329,5437
940,306.15000000000003,3161,True,283,5443
941,24.200000000000003,315,False,27,5444
942,306.55000000000007,3161,True,345,5451
943,304.75,3161,True,335,5458
944,306.75,3161,True,308,5465
945,305.0,3161,True,326,5472
946,304.80000000000007,3161,True,313,5479
947,305.95,3161,True,322,5486
948,306.0,3161,True,307,5493
949,305.1000000000001,3161,True,328,5500
950,306.8,3161,True,294,5506
951,305.90000000000003,3161,True,314,5513
952,306.15000000000003,3161,True,288,5519
953,306.7,3161,True,300,5525
954,306.15,3161,True,290,5531
955,22.600000000000005,300,False,31,5532
956,307.3,3161,True,293,5538
957,305.25,3161,True,328,5545
958,236.75000000000003,2470,False,229,5550
959,158.00000000000003,1673,False,153,5554
960,306.25000000000006,3161,True,308,5561
961,305.5,3161,True,359,5569
962,236.70000000000002,2475,False,233,5574
963,306.5,3161,True,309,5581
964,305.15000000000003,3161,True,338,5588
965,186.3,1955,False,171,5592
966,193.10000000000002,2025,False,185,5596
967,305.90000000000003,3161,True,308,5603
968,236.45000000000002,2474,False,231,5608
969,304.65000000000003,3161,True,357,5616
970,305.6,3161,True,298,5622
971,305.34999999999997,3161,True,352,5630
972,305.25000000000006,3161,True,308,5637
973,306.50000000000006,3161,True,284,5643
974,237.05,2470,False,262,5649
975,306.05,3161,True,291,5655
976,305.80000000000007,3161,True,320,5662
977,134.35000000000002,1430,False,134,5665
978,236.60000000000002,2471,False,255,5671
979,131.9,1403,False,136,5674
980,132.85000000000002,1408,False,133,5677
981,134.45000000000002,1430,False,129,5680
982,305.90000000000003,3161,True,306,5687
983,192.25000000000003,2026,False,241,5692
984,237.15000000000003,2476,False,234,5697
985,236.55,2471,False,235,5702
986,305.65000000000003,3161,True,311,5709
987,185.40000000000003,1947,False,177,5713
988,306.20000000000005,3161,True,323,5720
989,305.55,3161,True,316,5727
990,236.95000000000002,2468,False,230,5732
991,169.60000000000002,1790,False,161,5736
992,306.2,3161,True,291,5742
993,305.80000000000007,3161,True,293,5748
994,306.25000000000006,3161,True,307,5755
995,305.6,3161,True,300,5761
996,306.7,3161,True,296,5767
997,169.20000000000002,1781,False,164,5771
998,306.34999999999997,3161,True,304,5778
999,192.75,2023,False,178,5782
1000,305.70000000000005,3161,True,291,5788
1001,134.15,1428,False,130,5791
1002,187.00000000000003,1961,False,173,5795
1003,306.8,3161,True,293,5801
1004,305.6,3161,True,299,5807
1005,169.10000000000002,1780,False,165,5811
1006,305.8500000000001,3161,True,304,5818
1007,104.70000000000002,1129,False,105,5821
1008,305.90000000000003,3161,True,339,5828
1009,236.8,2473,False,248,5833
1010,306.05,3161,True,290,5839
1011,305.35,3161,True,295,5845
1012,305.5,3161,True,307,5852
1013,306.70000000000005,3161,True,298,5858
1014,236.0,2471,False,277,5864
1015,169.1,1787,False,166,5868
1016,135.25,1433,False,128,5871
1017,169.8,1778,False,169,5875
1018,305.8,3161,True,291,5881
1019,305.9,3161,True,283,5887
1020,133.8,1427,False,132,5890
1021,306.55,3161,True,290,5896
1022,22.600000000000005,300,False,31,5897
1023,135.60000000000002,1434,False,129,5900
1024,307.05,3161,True,291,5906
1025,104.35000000000002,1128,False,111,5909
1026,306.30000000000007,3161,True,318,5916
1027,61.65,696,False,78,5918
1028,307.05000000000007,3161,True,319,5925
1029,134.0,1433,False,128,5928
1030,307.15000000000003,3161,True,289,5934
1031,306.1,3161,True,301,5941
1032,236.10000000000002,2472,False,253,5947
1033,105.65000000000003,1137,False,106,5950
1034,134.35000000000002,1429,False,130,5953
1035,307.40000000000003,3161,True,289,5959
1036,305.6,3161,True,300,5965
1037,236.95000000000002,2473,False,227,5970
1038,305.6,3161,True,325,5977
1039,237.10000000000002,2471,False,222,5982
1040,306.55000000000007,3161,True,290,5988
1041,306.05000000000007,3161,True,318,5995
1042,305.79999999999995,3161,True,318,6002
1043,306.05,3161,True,291,6008
1044,305.3,3161,True,315,6015
1045,169.65,1783,False,163,6019
1046,305.15,3161,True,332,6026
1047,306.30000000000007,3161,True,292,6032
1048,234.2,2474,False,385,6040
1049,305.40000000000003,3161,True,308,6047
1050,306.1,3161,True,303,6054
1051,306.09999999999997,3161,True,301,6061
1052,305.95,3161,True,299,6067
1053,306.30000000000007,3161,True,292,6073
1054,236.55,2469,False,229,6078
1055,106.75000000000001,1149,False,110,6081
1056,305.75,3161,True,329,6088
1057,305.15000000000003,3161,True,338,6095
1058,305.75000000000006,3161,True,310,6102
1059,60.60000000000001,679,False,57,6104
1060,307.30000000000007,3161,True,294,6110
1061,22.15,296,False,32,6111
1062,238.25000000000003,2472,False,234,6116
1063,305.70000000000005,3161,True,291,6122
1064,236.45000000000002,2471,False,244,6127
1065,306.55,3161,True,293,6133
1066,305.7,3161,True,322,6140
1067,305.8,3161,True,319,6147
1068,305.5,3161,True,302,6154
1069,304.85,3161,True,354,6162
1070,305.80000000000007,3161,True,289,6168
1071,305.25000000000006,3161,True,305,6175
1072,306.75000000000006,3161,True,308,6182
1073,22.100000000000005,300,False,31,6183
1074,135.55,1432,False,133,6186
1075,306.8,3161,True,291,6192
1076,306.40000000000003,3161,True,290,6198
1077,134.5,1433,False,128,6201
1078,306.30000000000007,3161,True,288,6207
1079,186.35000000000002,1959,False,175,6211
1080,306.25,3161,True,310,6218
1081,237.15000000000003,2475,False,228,6223
1082,306.15000000000003,3161,True,289,6229
1083,237.60000000000002,2472,False,229,6234
1084,23.950000000000003,315,False,27,6235
1085,306.8,3161,True,289,6241
1086,306.1,3161,True,330,6248
1087,305.55,3161,True,290,6254
1088,306.3,3161,True,294,6260
1089,304.90000000000003,3161,True,306,6267
1090,305.75,3161,True,308,6274
1091,193.65000000000003,2027,False,178,6278
1092,105.55000000000001,1136,False,106,6281
1093,304.55,3161,True,392,6289
1094,24.450000000000003,315,False,27,6290
1095,234.40000000000003,2467,False,366,6298
1096,307.05,3161,True,294,6304
1097,168.60000000000002,1777,False,166,6308
1098,23.35,309,False,27,6309
1099,144.3,1523,False,136,6312
1100,306.45,3161,True,300,6318
1101,305.90000000000003,3161,True,314,6325
1102,306.15000000000003,3161,True,313,6332
1103,305.15000000000003,3161,True,314,6339
1104,194.4,2023,False,182,6343
1105,304.70000000000005,3161,True,347,6350
1106,157.55,1670,False,157,6354
1107,306.65000000000003,3161,True,282,6360
1108,304.75000000000006,3161,True,385,6368
1109,23.400000000000002,312,False,27,6369
1110,307.75,3161,True,283,6375
1111,305.25,3161,True,308,6382
1112,306.25,3161,True,304,6389
1113,305.90000000000003,3161,True,312,6396
1114,304.55000000000007,3161,True,366,6404
1115,24.200000000000003,315,False,27,6405
1116,305.05,3161,True,340,6412
1117,105.35000000000002,1128,False,105,6415
1118,305.95000000000005,3161,True,325,6422
1119,301.65000000000003,3161,True,539,6433
1120,305.30000000000007,3161,True,320,6440
1121,133.85000000000002,1420,False,136,6443
1122,193.70000000000002,2025,False,183,6447
1123,305.5,3161,True,304,6454
1124,169.75,1788,False,161,6458
1125,305.80000000000007,3161,True,290,6464
1126,237.0,2473,False,237,6469
1127,306.55,3161,True,294,6475
1128,305.30000000000007,3161,True,318,6482
1129,305.85,3161,True,351,6490
1130,305.5,3161,True,308,6497
1131,103.80000000000001,1125,False,106,6500
1132,307.3,3161,True,290,6506
1133,306.55,3161,True,293,6512
1134,305.8,3161,True,317,6519
1135,305.75,3161,True,309,6526
1136,303.90000000000003,3161,True,382,6534
1137,305.35,3161,True,297,6540
1138,305.70000000000005,3161,True,316,6547
1139,306.6,3161,True,301,6554
1140,301.70000000000005,3161,True,442,6563
1141,60.30000000000001,677,False,57,6565
1142,306.35,3161,True,327,6572
1143,134.20000000000002,1430,False,129,6575
1144,237.10000000000002,2472,False,254,6581
1145,305.5,3161,True,334,6588
1146,237.25,2472,False,237,6593
1147,306.05,3161,True,293,6599
1148,305.40000000000003,3161,True,337,6606
1149,134.3,1433,False,138,6609
1150,193.8,2026,False,177,6613
1151,304.35,3161,True,379,6621
1152,306.05,3161,True,319,6628
1153,305.4,3161,True,313,6635
1154,104.9,1127,False,113,6638
1155,306.3,3161,True,290,6644
1156,62.00000000000001,703,False,82,6646
1157,107.9,1153,False,106,6649
1158,193.4,2024,False,187,6653
1159,306.1,3161,True,304,6660
1160,305.35,3161,True,329,6667
1161,305.1,3161,True,322,6674
1162,306.70000000000005,3161,True,296,6680
1163,23.950000000000003,315,False,27,6681
1164,193.85000000000002,2020,False,182,6685
1165,236.75000000000003,2472,False,234,6690
1166,306.05,3161,True,318,6697
1167,305.8500000000001,3161,True,302,6704
1168,306.45000000000005,3161,True,297,6710
1169,305.45000000000005,3161,True,291,6716
1170,304.25000000000006,3161,True,375,6724
1171,306.00000000000006,3161,True,307,6731
1172,305.90000000000003,3161,True,284,6737
1173,236.95000000000002,2471,False,220,6742
1174,305.4,3161,True,331,6749
1175,305.45,3161,True,322,6756
1176,305.0,3161,True,301,6763
1177,306.35,3161,True,303,6770
1178,306.55,3161,True,291,6776
1179,306.1,3161,True,301,6783
1180,234.9,2475,False,354,6791
1181,305.45000000000005,3161,True,297,6797
1182,193.9,2027,False,177,6801
1183,306.25000000000006,3161,True,306,6808
1184,236.50000000000003,2470,False,230,6813
1185,305.95000000000005,3161,True,321,6820
1186,305.90000000000003,3161,True,314,6827
1187,306.05,3161,True,316,6834
1188,305.95000000000005,3161,True,298,6840
1189,306.55000000000007,3161,True,290,6846
1190,305.20000000000005,3161,True,349,6853
1191,185.45000000000002,1954,False,172,6857
1192,134.65000000000003,1433,False,132,6860
1193,237.75,2471,False,230,6865
1194,305.65000000000003,3161,True,339,6872
1195,306.30000000000007,3161,True,293,6878
1196,305.5,3161,True,302,6885
1197,304.70000000000005,3161,True,375,6893
1198,306.05,3161,True,293,6899
1199,306.55000000000007,3161,True,294,6905
1200,306.05000000000007,3161,True,293,6911
1201,306.05,3161,True,291,6917
1202,305.90000000000003,3161,True,312,6924
1203,306.8,3161,True,293,6930
1204,305.1,3161,True,330,6937
1205,58.400000000000006,663,False,90,6939
1206,307.20000000000005,3161,True,300,6945
1207,306.40000000000003,3161,True,289,6951
1208,306.40000000000003,3161,True,289,6957
1209,236.25000000000003,2471,False,253,6963
1210,305.5,3161,True,334,6970
1211,22.500000000000004,299,False,31,6971
1212,307.35,3161,True,302,6978
1213,305.79999999999995,3161,True,315,6985
1214,60.00000000000001,678,False,58,6987
1215,306.0,3161,True,328,6994
1216,104.20000000000003,1129,False,106,6997
1217,306.25,3161,True,306,7004
1218,306.70000000000005,3161,True,299,7010
1219,306.1,3161,True,304,7017
1220,236.15000000000003,2470,False,254,7023
1221,236.65000000000003,2470,False,260,7029
1222,305.6,3161,True,303,7036
1223,306.05,3161,True,319,7043
1224,306.15000000000003,3161,True,290,7049
1225,306.90000000000003,3161,True,290,7055
1226,105.05000000000001,1136,False,106,7058
1227,306.15,3161,True,364,7066
1228,169.15,1788,False,161,7070
1229,104.60000000000001,1127,False,105,7073
1230,135.4,1433,False,132,7076
1231,306.35,3161,True,305,7083
1232,305.6,3161,True,298,7089
1233,134.95000000000002,1435,False,129,7092
1234,185.95000000000002,1954,False,172,7096
1235,134.8,1433,False,136,7099
1236,185.15,1941,False,177,7103
1237,306.90000000000003,3161,True,289,7109
1238,305.3,3161,True,319,7116
1239,305.90000000000003,3161,True,311,7123
1240,305.8,3161,True,342,7130
1241,305.20000000000005,3161,True,320,7137
1242,305.35,3161,True,300,7143
1243,306.55,3161,True,292,7149
1244,305.70000000000005,3161,True,290,7155
1245,306.05,3161,True,291,7161
1246,24.700000000000003,315,False,27,7162
1247,306.75,3161,True,303,7169
1248,104.45000000000002,1129,False,105,7172
1249,306.70000000000005,3161,True,296,7178
1250,143.3,1522,False,136,7181
1251,305.25000000000006,3161,True,382,7189
1252,134.05,1432,False,130,7192
1253,24.700000000000003,315,False,27,7193
1254,306.5,3161,True,331,7200
1255,305.65000000000003,3161,True,313,7207
1256,169.10000000000002,1780,False,163,7211
1257,305.95,3161,True,325,7218
1258,186.45,1958,False,174,7222
1259,23.95,310,False,27,7223
1260,237.70000000000002,2473,False,228,7228
1261,24.700000000000003,315,False,27,7229
1262,236.95000000000002,2476,False,293,7235
1263,306.6,3161,True,304,7242
1264,305.05,3161,True,313,7249
1265,304.05,3161,True,389,7257
1266,169.60000000000002,1790,False,161,7261
1267,236.55000000000004,2471,False,261,7267
1268,306.05,3161,True,320,7274
1269,306.05,3161,True,294,7280
1270,306.05,3161,True,318,7287
1271,305.35,3161,True,299,7293
1272,305.75,3161,True,331,7300
1273,306.40000000000003,3161,True,290,7306
1274,104.45000000000002,1130,False,105,7309
1275,187.05000000000004,1960,False,173,7313
1276,306.09999999999997,3161,True,303,7320
1277,306.55000000000007,3161,True,294,7326
1278,305.85,3161,True,301,7333
1279,305.95000000000005,3161,True,298,7339
1280,143.0,1514,False,140,7342
1281,306.75000000000006,3161,True,309,7349
1282,305.29999999999995,3161,True,314,7356
1283,307.15000000000003,3161,True,290,7362
1284,305.3,3161,True,293,7368
1285,304.95,3161,True,316,7375
1286,306.35,3161,True,302,7382
1287,306.55,3161,True,294,7388
1288,305.75000000000006,3161,True,308,7395
1289,305.45000000000005,3161,True,349,7402
1290,305.95,3161,True,296,7408
1291,306.65000000000003,3161,True,289,7414
1292,186.15000000000003,1956,False,176,7418
1293,235.9,2475,False,298,7424
1294,305.55,3161,True,313,7431
1295,134.20000000000002,1435,False,128,7434
1296,307.00000000000006,3161,True,307,7441
1297,305.85,3161,True,303,7448
1298,306.75,3161,True,282,7454
1299,306.05,3161,True,318,7461
1300,305.45000000000005,3161,True,300,7467
1301,306.55000000000007,3161,True,294,7473
1302,306.3,3161,True,291,7479
1303,305.95000000000005,3161,True,297,7485
1304,306.7,3161,True,299,7491
1305,306.4,3161,True,289,7497
1306,306.05,3161,True,293,7503
1307,23.700000000000003,310,False,27,7504
1308,307.0,3161,True,306,7511
1309,263.70000000000005,2756,False,331,7518
1310,306.15000000000003,3161,True,289,7524
1311,185.85000000000002,1959,False,181,7528
1312,305.45,3161,True,348,7535
1313,23.950000000000003,310,False,27,7536
1314,307.29999999999995,3161,True,292,7542
1315,305.0,3161,True,356,7550
1316,24.1,314,False,27,7551
1317,307.55,3161,True,292,7557
1318,186.30000000000004,1960,False,177,7561
1319,306.1,3161,True,298,7567
1320,305.65,3161,True,311,7574
1321,184.25,1938,False,183,7578
1322,306.35,3161,True,305,7585
1323,306.25,3161,True,309,7592
1324,104.35000000000001,1127,False,105,7595
1325,305.25000000000006,3161,True,358,7603
1326,24.15,312,False,27,7604
1327,307.25000000000006,3161,True,309,7611
1328,304.65,3161,True,389,7619
1329,305.8500000000001,3161,True,301,7626
1330,59.35000000000001,680,False,90,7628
1331,236.15000000000003,2471,False,308,7635
1332,306.3,3161,True,291,7641
1333,192.9,2022,False,178,7645
1334,306.80000000000007,3161,True,290,7651
1335,305.3500000000001,3161,True,325,7658
1336,134.65,1432,False,129,7661
1337,306.45,3161,True,297,7667
1338,169.65,1787,False,161,7671
1339,134.4,1435,False,167,7675
1340,235.35,2471,False,321,7682
1341,142.05,1508,False,149,7685
1342,170.10000000000002,1789,False,161,7689
1343,305.2,3161,True,373,7697
1344,305.35,3161,True,328,7704
1345,306.00000000000006,3161,True,308,7711
1346,306.1,3161,True,305,7718
1347,305.5,3161,True,301,7725
1348,305.75000000000006,3161,True,309,7732
1349,237.75,2477,False,228,7737
1350,142.75,1514,False,139,7740
1351,186.35000000000002,1959,False,178,7744
1352,306.6,3161,True,304,7751
1353,158.75000000000003,1676,False,154,7755
1354,306.70000000000005,3161,True,297,7761
1355,305.79999999999995,3161,True,291,7767
1356,236.60000000000002,2470,False,268,7773
1357,306.00000000000006,3161,True,309,7780
1358,235.55,2472,False,297,7786
1359,169.4,1783,False,163,7790
1360,305.50000000000006,3161,True,330,7797
1361,185.60000000000002,1954,False,178,7801
1362,306.4,3161,True,311,7808
1363,171.90000000000003,1803,False,159,7812
1364,305.95000000000005,3161,True,296,7818
1365,104.45000000000002,1129,False,108,7821
1366,306.75,3161,True,310,7828
1367,236.15,2472,False,243,7833
1368,305.75,3161,True,303,7840
1369,236.95000000000002,2470,False,245,7845
1370,304.65000000000003,3161,True,331,7852
1371,237.3,2471,False,238,7857
1372,235.95000000000002,2476,False,294,7863
1373,306.05,3161,True,316,7870
1374,305.7,3161,True,324,7877
1375,305.6500000000001,3161,True,315,7884
1376,306.05000000000007,3161,True,291,7890
1377,305.15000000000003,3161,True,363,7898
1378,306.05000000000007,3161,True,320,7905
1379,236.45000000000005,2469,False,238,7910
1380,305.90000000000003,3161,True,311,7917
1381,304.90000000000003,3161,True,361,7925
1382,104.50000000000001,1127,False,107,7928
1383,305.8,3161,True,341,7935
1384,305.1,3161,True,351,7943
1385,305.45,3161,True,324,7950
1386,193.4,2023,False,184,7954
1387,306.09999999999997,3161,True,303,7961
1388,305.90000000000003,3161,True,313,7968
1389,305.4,3161,True,308,7975
1390,304.75,3161,True,334,7982
1391,237.15000000000003,2468,False,246,7987
1392,134.15,1433,False,132,7990
1393,185.05000000000004,1945,False,204,7995
1394,305.45,3161,True,325,8002
1395,306.95,3161,True,300,8008
1396,306.4,3161,True,290,8014
1397,236.60000000000002,2471,False,250,8019
1398,305.9,3161,True,313,8026
1399,306.2,3161,True,296,8032
1400,305.84999999999997,3161,True,304,8039
1401,306.0,3161,True,309,8046
1402,305.1500000000001,3161,True,309,8053
1403,306.09999999999997,3161,True,301,8060
1404,306.30000000000007,3161,True,294,8066
1405,305.70000000000005,3161,True,346,8073
1406,236.65000000000003,2474,False,246,8078
1407,134.75,1434,False,131,8081
1408,306.2,3161,True,300,8087
1409,306.00000000000006,3161,True,331,8094
1410,236.95000000000002,2473,False,226,8099
1411,306.1,3161,True,301,8106
1412,306.45000000000005,3161,True,300,8112
1413,305.35,3161,True,328,8119
1414,305.1,3161,True,321,8126
1415,306.35,3161,True,305,8133
1416,235.70000000000002,2471,False,269,8139
1417,306.25000000000006,3161,True,310,8146
1418,305.95,3161,True,292,8152
1419,306.20000000000005,3161,True,298,8158
1420,305.3500000000001,3161,True,328,8165
1421,237.25,2472,False,232,8170
1422,62.60000000000001,707,False,73,8172
1423,306.75000000000006,3161,True,308,8179
1424,306.1,3161,True,302,8186
1425,306.45000000000005,3161,True,297,8192
1426,236.60000000000002,2472,False,228,8197
1427,306.05,3161,True,320,8204
1428,305.35,3161,True,324,8211
1429,186.45000000000002,1958,False,173,8215
1430,306.20000000000005,3161,True,300,8221
1431,306.55,3161,True,292,8227
1432,305.6,3161,True,301,8234
1433,305.9,3161,True,309,8241
1434,305.9,3161,True,315,8248
1435,305.45,3161,True,292,8254
1436,306.45000000000005,3161,True,296,8260
1437,305.85,3161,True,304,8267
1438,306.15000000000003,3161,True,283,8273
1439,306.3,3161,True,293,8279
1440,236.15000000000003,2475,False,271,8285
1441,170.70000000000002,1798,False,168,8289
1442,306.55,3161,True,290,8295
1443,306.05000000000007,3161,True,293,8301
1444,306.05,3161,True,290,8307
1445,305.20000000000005,3161,True,325,8314
1446,306.15000000000003,3161,True,313,8321
1447,171.4,1798,False,158,8325
1448,305.65,3161,True,314,8332
1449,306.05,3161,True,292,8338
1450,61.150000000000006,693,False,80,8340
1451,143.8,1518,False,138,8343
1452,134.90000000000003,1434,False,135,8346
1453,133.90000000000003,1433,False,160,8350
1454,104.95,1128,False,130,8353
1455,306.1,3161,True,329,8360
1456,237.05,2468,False,229,8365
1457,306.2,3161,True,298,8371
1458,306.40000000000003,3161,True,290,8377
1459,306.30000000000007,3161,True,293,8383
1460,306.05000000000007,3161,True,293,8389
1461,305.7,3161,True,291,8395
1462,306.0,3161,True,307,8402
1463,305.5,3161,True,332,8409
1464,305.15000000000003,3161,True,333,8416
1465,306.1,3161,True,305,8423
1466,133.9,1427,False,129,8426
1467,306.15000000000003,3161,True,311,8433
1468,185.25000000000003,1947,False,178,8437
1469,306.8,3161,True,293,8443
1470,306.09999999999997,3161,True,302,8450
1471,133.4,1422,False,130,8453
1472,306.59999999999997,3161,True,304,8460
1473,236.55000000000004,2471,False,239,8465
1474,305.6,3161,True,297,8471
1475,60.35000000000001,679,False,57,8473
1476,305.65,3161,True,362,8481
1477,305.85,3161,True,305,8488
1478,133.70000000000002,1429,False,147,8491
1479,307.0,3161,True,308,8498
1480,134.25000000000003,1429,False,133,8501
1481,186.45,1959,False,172,8505
1482,306.2,3161,True,321,8512
1483,305.8,3161,True,319,8519
1484,237.25000000000003,2476,False,225,8524
1485,305.90000000000003,3161,True,315,8531
1486,305.95,3161,True,321,8538
1487,305.1,3161,True,355,8546
1488,306.30000000000007,3161,True,295,8552
1489,63.00000000000001,712,False,72,8554
1490,307.00000000000006,3161,True,306,8561
1491,305.7,3161,True,295,8567
1492,305.5,3161,True,300,8573
1493,305.8500000000001,3161,True,301,8580
1494,306.65000000000003,3161,True,289,8586
1495,305.6,3161,True,304,8593
1496,305.85,3161,True,300,8599
1497,187.00000000000003,1963,False,176,8603
1498,305.45,3161,True,322,8610
1499,135.20000000000002,1435,False,128,8613
1500,306.45000000000005,3161,True,298,8619
1501,158.60000000000002,1673,False,148,8622
1502,134.25000000000003,1433,False,151,8626
1503,306.25,3161,True,309,8633
1504,305.85,3161,True,327,8640
1505,134.60000000000002,1435,False,132,8643
1506,186.45000000000002,1954,False,172,8647
1507,22.9,302,False,30,8648
1508,133.25,1407,False,132,8651
1509,195.15,2029,False,190,8655
1510,234.40000000000003,2472,False,287,8661
1511,306.34999999999997,3161,True,303,8668
1512,305.80000000000007,3161,True,292,8674
1513,306.0,3161,True,335,8681
1514,305.8,3161,True,318,8688
1515,305.70000000000005,3161,True,296,8694
1516,306.6,3161,True,303,8701
1517,306.05000000000007,3161,True,293,8707
1518,134.35000000000002,1435,False,135,8710
1519,306.6000000000001,3161,True,301,8717
1520,264.6,2751,False,263,8723
1521,192.9,2022,False,178,8727
1522,134.45000000000002,1435,False,129,8730
1523,306.65000000000003,3161,True,311,8737
1524,305.6,3161,True,304,8744
1525,306.15000000000003,3161,True,315,8751
1526,236.75,2469,False,241,8756
1527,305.8,3161,True,317,8763
1528,304.7,3161,True,375,8771
1529,306.05000000000007,3161,True,291,8777
1530,234.15000000000003,2468,False,343,8784
1531,24.450000000000003,315,False,27,8785
1532,171.65,1799,False,163,8789
1533,158.65,1676,False,148,8792
1534,307.15000000000003,3161,True,289,8798
1535,306.05,3161,True,293,8804
1536,305.70000000000005,3161,True,325,8811
1537,305.00000000000006,3161,True,358,8819
1538,306.35,3161,True,303,8826
1539,306.2,3161,True,299,8832
1540,133.9,1434,False,136,8835
1541,63.5,707,False,73,8837
1542,157.80000000000004,1660,False,153,8841
1543,193.4,2027,False,178,8845
1544,236.05,2471,False,289,8851
1545,306.4,3161,True,311,8858
1546,305.65,3161,True,312,8865
1547,134.70000000000002,1435,False,130,8868
1548,237.20000000000005,2470,False,239,8873
1549,306.0,3161,True,308,8880
1550,305.95,3161,True,324,8887
1551,193.45000000000002,2027,False,186,8891
1552,305.30000000000007,3161,True,290,8897
1553,265.55,2763,False,239,8902
1554,306.35,3161,True,304,8909
1555,168.90000000000003,1779,False,169,8913
1556,169.45000000000002,1780,False,164,8917
1557,306.05,3161,True,292,8923
1558,306.05,3161,True,291,8929
1559,306.3,3161,True,292,8935
1560,305.9,3161,True,286,8941
1561,306.95,3161,True,296,8947
1562,305.80000000000007,3161,True,292,8953
1563,306.15,3161,True,312,8960
1564,305.80000000000007,3161,True,289,8966
1565,306.75,3161,True,284,8972
1566,306.40000000000003,3161,True,290,8978
1567,306.20000000000005,3161,True,300,8984
1568,234.45000000000002,2469,False,308,8991
1569,305.95,3161,True,350,8998
1570,305.55,3161,True,290,9004
1571,306.05,3161,True,289,9010
1572,304.75,3161,True,360,9018
1573,134.3,1431,False,129,9021
1574,306.70000000000005,3161,True,296,9027
1575,305.85,3161,True,301,9034
1576,306.8,3161,True,294,9040
1577,305.7,3161,True,292,9046
1578,305.6,3161,True,295,9052
1579,193.0,2020,False,187,9056
1580,133.15,1429,False,138,9059
1581,306.0,3161,True,358,9067
1582,193.65,2027,False,177,9071
1583,303.40000000000003,3161,True,382,9079
1584,186.3,1960,False,172,9083
1585,306.40000000000003,3161,True,313,9090
1586,236.15,2472,False,239,9095
1587,237.45000000000002,2469,False,235,9100
1588,235.55,2471,False,288,9106
1589,306.05000000000007,3161,True,288,9112
1590,304.90000000000003,3161,True,340,9119
1591,305.95,3161,True,350,9126
1592,236.95000000000002,2473,False,228,9131
1593,306.05,3161,True,291,9137
1594,305.05,3161,True,342,9144
1595,306.00000000000006,3161,True,309,9151
1596,306.6,3161,True,303,9158
1597,306.40000000000003,3161,True,286,9164
1598,305.9,3161,True,284,9170
1599,306.05000000000007,3161,True,293,9176
1600,304.5,3161,True,382,9184
1601,235.95000000000002,2468,False,281,9190
1602,305.85,3161,True,305,9197
1603,306.05,3161,True,315,9204
1604,104.30000000000001,1127,False,117,9207
1605,306.6,3161,True,303,9214
1606,305.95000000000005,3161,True,296,9220
1607,306.3,3161,True,291,9226
1608,305.80000000000007,3161,True,289,9232
1609,305.85,3161,True,301,9239
1610,306.20000000000005,3161,True,291,9245
1611,236.00000000000003,2468,False,241,9250
1612,184.95000000000002,1939,False,177,9254
1613,306.05000000000007,3161,True,289,9260
1614,60.650000000000006,691,False,78,9262
1615,305.5,3161,True,351,9270
1616,105.4,1136,False,106,9273
1617,306.95000000000005,3161,True,300,9279
1618,306.55,3161,True,319,9286
1619,304.35,3161,True,326,9293
1620,306.40000000000003,3161,True,288,9299
1621,237.05,2469,False,230,9304
1622,169.35000000000002,1787,False,167,9308
1623,306.1,3161,True,327,9315
1624,305.75,3161,True,331,9322
1625,304.3,3161,True,363,9330
1626,305.30000000000007,3161,True,319,9337
1627,306.3,3161,True,291,9343
1628,169.20000000000002,1783,False,170,9347
1629,305.95000000000005,3161,True,298,9353
1630,105.05000000000001,1130,False,107,9356
1631,170.45000000000002,1791,False,161,9360
1632,306.1,3161,True,326,9367
1633,169.4,1787,False,161,9371
1634,188.10000000000002,1973,False,173,9375
1635,185.35000000000002,1943,False,178,9379
1636,24.099999999999998,314,False,28,9380
1637,307.05000000000007,3161,True,290,9386
1638,186.3,1958,False,175,9390
1639,235.35000000000002,2471,False,305,9397
1640,306.70000000000005,3161,True,297,9403
1641,305.8500000000001,3161,True,297,9409
1642,305.8,3161,True,289,9415
1643,306.2,3161,True,300,9421
1644,305.8,3161,True,290,9427
1645,306.05,3161,True,290,9433
1646,306.00000000000006,3161,True,309,9440
1647,305.04999999999995,3161,True,317,9447
1648,168.45000000000002,1768,False,173,9451
1649,306.30000000000007,3161,True,293,9457
1650,306.15,3161,True,311,9464
1651,265.3,2760,False,250,9469
1652,305.40000000000003,3161,True,307,9476
1653,104.45000000000002,1128,False,105,9479
1654,306.25000000000006,3161,True,307,9486
1655,306.8,3161,True,293,9492
1656,305.65000000000003,3161,True,312,9499
1657,306.15,3161,True,310,9506
1658,306.20000000000005,3161,True,297,9512
1659,306.00000000000006,3161,True,306,9519
1660,305.90000000000003,3161,True,311,9526
1661,304.90000000000003,3161,True,308,9533
1662,305.50000000000006,3161,True,333,9540
1663,306.35,3161,True,303,9547
1664,306.05,3161,True,292,9553
1665,306.25,3161,True,310,9560
1666,306.55,3161,True,292,9566
1667,305.95000000000005,3161,True,300,9572
1668,306.05000000000007,3161,True,319,9579
1669,305.55,3161,True,318,9586
1670,306.25,3161,True,308,9593
1671,305.85,3161,True,300,9599
1672,306.65,3161,True,290,9605
1673,306.3,3161,True,293,9611
1674,305.55,3161,True,290,9617
1675,143.70000000000002,1522,False,135,9620
1676,306.25000000000006,3161,True,309,9627
1677,135.35000000000002,1434,False,130,9630
1678,304.70000000000005,3161,True,369,9638
1679,305.45000000000005,3161,True,294,9644
1680,104.70000000000002,1129,False,106,9647
1681,306.3,3161,True,316,9654
1682,306.3,3161,True,290,9660
1683,235.85000000000002,2474,False,265,9666
1684,306.90000000000003,3161,True,289,9672
1685,306.55,3161,True,291,9678
1686,306.05,3161,True,291,9684
1687,305.75,3161,True,308,9691
1688,306.55,3161,True,294,9697
1689,306.15,3161,True,286,9703
1690,105.65000000000002,1137,False,105,9706
1691,307.15000000000003,3161,True,287,9712
1692,306.3,3161,True,291,9718
1693,156.45000000000002,1656,False,156,9722
1694,306.04999999999995,3161,True,290,9728
1695,305.70000000000005,3161,True,296,9734
1696,237.05,2469,False,228,9739
1697,305.6000000000001,3161,True,296,9745
1698,168.70000000000002,1780,False,168,9749
1699,193.60000000000002,2020,False,182,9753
1700,304.95000000000005,3161,True,320,9760
1701,105.65,1136,False,105,9763
1702,306.45000000000005,3161,True,293,9769
1703,305.55,3161,True,316,9776
1704,306.55000000000007,3161,True,295,9782
1705,304.90000000000003,3161,True,337,9789
1706,104.95000000000002,1129,False,107,9792
1707,169.25,1781,False,173,9796
1708,305.75,3161,True,333,9803
1709,236.85,2470,False,242,9808
1710,134.5,1433,False,130,9811
1711,306.09999999999997,3161,True,304,9818
1712,236.80000000000004,2471,False,263,9824
1713,305.45,3161,True,291,9830
1714,304.6,3161,True,349,9837
1715,305.50000000000006,3161,True,301,9844
1716,305.3,3161,True,318,9851
1717,105.45000000000002,1129,False,106,9854
1718,305.50000000000006,3161,True,357,9862
1719,306.40000000000003,3161,True,289,9868
1720,306.40000000000003,3161,True,289,9874
1721,236.60000000000002,2467,False,234,9879
1722,191.20000000000002,2013,False,252,9885
1723,305.90000000000003,3161,True,290,9891
1724,304.9,3161,True,340,9898
1725,265.4,2762,False,278,9904
1726,142.95000000000002,1522,False,137,9907
1727,306.40000000000003,3161,True,314,9914
1728,305.8,3161,True,318,9921
1729,306.55,3161,True,291,9927
1730,306.40000000000003,3161,True,289,9933
1731,306.20000000000005,3161,True,297,9939
1732,305.45000000000005,3161,True,293,9945
1733,104.7,1129,False,105,9948
1734,305.1,3161,True,377,9956
1735,305.90000000000003,3161,True,313,9963
1736,306.35,3161,True,302,9970
1737,305.85,3161,True,329,9977
1738,305.65000000000003,3161,True,289,9983
1739,306.05,3161,True,344,9990
1740,305.7,3161,True,298,9996
1741,170.75000000000003,1796,False,170,10000
1742,304.5,3161,True,385,10008
1743,305.3,3161,True,319,10015
1744,306.8,3161,True,293,10021
1745,184.2,1940,False,233,10026
1746,131.45000000000002,1409,False,130,10029
1747,170.25000000000003,1785,False,168,10033
1748,184.75000000000003,1942,False,179,10037
1749,306.3,3161,True,292,10043
1750,306.45,3161,True,295,10049
1751,304.85,3161,True,298,10055
1752,306.55000000000007,3161,True,316,10062
1753,305.95000000000005,3161,True,297,10068
1754,306.90000000000003,3161,True,290,10074
1755,236.20000000000002,2469,False,239,10079
1756,305.90000000000003,3161,True,314,10086
1757,186.35000000000002,1957,False,172,10090
1758,306.90000000000003,3161,True,289,10096
1759,306.2,3161,True,298,10102
1760,306.05000000000007,3161,True,294,10108
1761,306.6,3161,True,304,10115
1762,305.75,3161,True,306,10122
1763,305.90000000000003,3161,True,289,10128
1764,306.09999999999997,3161,True,330,10135
1765,305.15000000000003,3161,True,309,10142
1766,306.45000000000005,3161,True,295,10148
1767,305.75,3161,True,308,10155
1768,133.70000000000002,1426,False,130,10158
1769,306.65000000000003,3161,True,314,10165
1770,306.15000000000003,3161,True,288,10171
1771,104.5,1131,False,129,10174
1772,187.35000000000002,1963,False,174,10178
1773,186.2,1953,False,173,10182
1774,306.35,3161,True,303,10189
1775,306.4000000000001,3161,True,311,10196
1776,235.55,2470,False,259,10202
1777,306.2,3161,True,324,10209
1778,305.45000000000005,3161,True,292,10215
1779,306.65000000000003,3161,True,289,10221
1780,306.1,3161,True,302,10228
1781,305.05,3161,True,311,10235
1782,306.20000000000005,3161,True,299,10241
1783,306.55,3161,True,293,10247
1784,306.3,3161,True,294,10253
1785,305.50000000000006,3161,True,302,10260
1786,306.15000000000003,3161,True,289,10266
1787,306.1,3161,True,304,10273
1788,306.45,3161,True,298,10279
1789,234.85,2470,False,318,10286
1790,305.8,3161,True,342,10293
1791,168.7,1782,False,168,10297
1792,306.40000000000003,3161,True,290,10303
1793,305.6,3161,True,329,10310
1794,306.40000000000003,3161,True,289,10316
1795,305.20000000000005,3161,True,317,10323
1796,306.65000000000003,3161,True,289,10329
1797,169.60000000000002,1787,False,168,10333
1798,305.09999999999997,3161,True,351,10341
1799,305.6,3161,True,299,10347
1800,304.4,3161,True,365,10355
1801,306.3,3161,True,291,10361
1802,306.25,3161,True,334,10368
1803,306.20000000000005,3161,True,300,10374
1804,104.20000000000002,1129,False,105,10377
1805,306.6000000000001,3161,True,300,10383
1806,306.55000000000007,3161,True,292,10389
1807,305.2,3161,True,317,10396
1808,305.70000000000005,3161,True,320,10403
1809,185.55,1955,False,182,10407
1810,59.900000000000006,679,False,90,10409
1811,306.75,3161,True,306,10416
1812,133.4,1422,False,130,10419
1813,300.25000000000006,3161,True,605,10432
1814,305.6000000000001,3161,True,329,10439
1815,306.30000000000007,3161,True,295,10445
1816,169.35000000000002,1785,False,165,10449
1817,131.9,1407,False,138,10452
1818,105.20000000000002,1129,False,106,10455
1819,238.10000000000002,2471,False,224,10460
1820,234.85000000000002,2471,False,327,10467
1821,305.55,3161,True,317,10474
1822,306.1000000000001,3161,True,329,10481
1823,306.05,3161,True,291,10487
1824,306.35,3161,True,300,10493
1825,236.65,2472,False,238,10498
