0,23.2,292,False,47
1,63.35000000000001,722,False,157
2,24.150000000000002,304,False,42
3,61.599999999999994,711,False,193
4,21.0,275,False,50
5,98.35000000000001,1126,False,421
6,63.099999999999994,720,False,173
7,72.35,892,False,587
8,99.7,1134,False,404
9,63.14999999999999,721,False,162
10,70.15,826,False,350
11,92.95000000000002,1132,False,743
12,20.65,280,False,50
13,61.25,701,False,166
14,22.45,288,False,50
15,71.05,807,False,190
16,71.45,809,False,202
17,74.5,829,False,187
18,21.200000000000003,293,False,48
19,69.1,898,False,789
20,71.69999999999999,862,False,419
21,24.1,305,False,42
22,99.89999999999999,1104,False,277
23,19.999999999999996,273,False,53
24,119.05,1411,False,861
25,77.35000000000001,898,False,337
26,21.800000000000004,288,False,46
27,63.95,722,False,152
28,19.450000000000003,260,False,62
29,23.999999999999996,305,False,42
30,22.599999999999998,291,False,48
31,23.6,302,False,40
32,23.1,302,False,48
33,19.499999999999996,264,False,60
34,51.95,801,False,1161
35,127.39999999999999,1434,False,561
36,19.650000000000002,280,False,50
37,54.2,656,False,344
38,60.8,707,False,189
39,63.45,721,False,175
40,62.599999999999994,722,False,182
41,63.45,722,False,155
42,87.49999999999997,1131,False,1076
43,21.3,293,False,45
44,68.94999999999999,898,False,832
45,122.2,1421,False,689
46,21.55,293,False,63
47,94.29999999999998,1134,False,725
48,17.8,250,False,63
49,22.500000000000004,293,False,56
50,124.05,1406,False,594
51,56.300000000000004,676,False,237
52,19.749999999999996,266,False,53
53,101.60000000000001,1206,False,704
54,22.9,298,False,63
55,65.35000000000001,846,False,696
56,75.65,858,False,241
57,68.0,898,False,791
58,116.0,1401,False,997
59,101.29999999999998,1124,False,202
60,61.0,693,False,115
61,98.89999999999998,1129,False,473
62,80.75,898,False,167
63,21.15,285,False,52
64,78.5,894,False,322
65,19.899999999999995,270,False,53
66,61.55,704,False,171
67,26.500000000000004,720,False,2005
68,60.25,677,False,105
69,22.6,296,False,44
70,102.95000000000002,1140,False,288
71,62.900000000000006,721,False,170
72,63.75000000000001,720,False,153
73,57.699999999999996,657,False,119
74,50.35,853,False,1453
75,72.24999999999999,898,False,669
76,62.04999999999999,722,False,172
77,61.85000000000001,722,False,235
78,100.35,1124,False,339
79,22.849999999999998,293,False,47
80,24.7,311,False,36
81,55.2,657,False,217
82,22.4,292,False,57
83,103.55000000000004,1240,False,778
84,23.75,308,False,37
85,78.45,898,False,309
86,24.450000000000003,312,False,37
87,64.2,722,False,154
88,95.60000000000001,1123,False,609
89,55.2,660,False,190
90,20.4,272,False,57
91,62.0,703,False,131
92,58.550000000000004,675,False,206
93,69.75,807,False,255
94,61.5,687,False,79
95,77.7,883,False,232
96,97.6,1133,False,576
97,100.75,1125,False,250
98,47.6,833,False,1528
99,72.99999999999999,898,False,591
100,99.55000000000001,1128,False,349
101,23.000000000000004,300,False,40
102,100.19999999999999,1406,False,1818
103,21.6,297,False,46
104,22.9,296,False,50
105,102.55,1139,False,372
106,58.05,672,False,113
107,62.89999999999999,722,False,191
108,22.799999999999997,301,False,56
109,22.0,283,False,55
110,67.35,867,False,726
111,96.05000000000001,1122,False,546
112,62.150000000000006,711,False,169
113,61.7,722,False,203
114,56.19999999999998,898,False,1433
115,70.0,813,False,282
116,62.900000000000006,720,False,159
117,63.550000000000004,722,False,171
118,21.6,289,False,55
119,104.7,1147,False,263
120,22.4,296,False,51
121,70.3,839,False,398
122,69.55,832,False,406
123,79.45000000000002,898,False,234
124,21.5,282,False,52
125,63.04999999999999,839,False,741
126,124.4,1409,False,567
127,58.74999999999999,677,False,180
128,78.55,898,False,275
129,22.349999999999998,296,False,67
130,23.6,302,False,45
131,76.85,898,False,386
132,23.15,300,False,43
133,95.85000000000002,1128,False,614
134,70.0,846,False,398
135,19.15,263,False,60
136,21.7,277,False,49
137,69.84999999999998,793,False,204
138,58.650000000000006,666,False,104
139,22.200000000000003,289,False,60
140,23.200000000000003,298,False,43
141,62.900000000000006,722,False,169
142,23.7,302,False,41
143,24.2,303,False,40
144,58.00000000000001,667,False,151
145,62.59999999999999,720,False,173
146,65.94999999999999,813,False,504
147,23.65,301,False,57
148,61.7,688,False,94
149,63.800000000000004,823,False,642
150,98.35,1136,False,499
151,21.55,294,False,42
152,22.9,293,False,62
153,24.8,311,False,35
154,57.3,831,False,1011
155,20.5,275,False,49
156,61.7,721,False,249
157,97.89999999999999,1139,False,543
158,59.44999999999999,684,False,147
159,77.2,864,False,198
160,23.45,306,False,36
161,118.44999999999999,1424,False,947
162,86.5,1149,False,1157
163,21.95,297,False,44
164,22.0,286,False,48
165,24.000000000000007,304,False,39
166,178.29999999999998,2018,False,1038
167,65.6,827,False,445
168,87.34999999999997,1127,False,1050
169,72.49999999999999,891,False,532
170,64.9,825,False,597
171,57.0,663,False,134
172,64.15,722,False,140
173,61.45,694,False,98
174,23.349999999999998,300,False,36
175,56.15,896,False,1460
176,126.14999999999999,1407,False,432
177,22.9,302,False,63
178,60.65,701,False,179
179,67.75,885,False,782
180,22.9,295,False,46
181,127.80000000000001,1440,False,524
182,180.79999999999998,2011,False,832
183,28.949999999999996,764,False,2005
184,57.8,664,False,148
185,48.30000000000001,898,False,1776
186,23.449999999999996,298,False,46
187,131.75,1416,False,205
188,78.1,1149,False,1626
189,20.850000000000005,290,False,45
190,22.5,291,False,47
191,63.69999999999999,722,False,177
192,23.5,304,False,40
193,75.75000000000001,898,False,466
194,21.75,288,False,65
195,59.24999999999999,678,False,159
196,23.65,305,False,52
197,157.95,1671,False,412
198,18.050000000000004,292,False,42
199,23.900000000000002,300,False,43
200,22.5,295,False,45
201,101.9,1121,False,311
202,56.099999999999994,678,False,221
203,95.95000000000002,1138,False,674
204,75.7,891,False,376
205,58.95,673,False,120
206,20.900000000000002,282,False,50
207,22.900000000000002,291,False,46
208,20.4,270,False,55
209,24.200000000000003,307,False,37
210,39.5,805,False,1793
211,62.55000000000001,720,False,163
212,21.65,281,False,54
213,21.999999999999996,289,False,43
214,23.0,290,False,48
215,22.2,292,False,40
216,67.64999999999999,898,False,921
217,18.95,269,False,56
218,21.200000000000003,284,False,54
219,92.6,1130,False,795
220,24.3,311,False,32
221,74.95,840,False,184
222,59.60000000000001,672,False,104
223,58.15,678,False,168
224,81.6,1127,False,1327
225,132.10000000000002,1498,False,608
226,60.900000000000006,699,False,118
227,127.5,1404,False,417
228,21.9,294,False,43
229,57.699999999999996,659,False,125
230,23.699999999999996,297,False,44
231,83.80000000000001,1138,False,1242
232,23.3,309,False,40
233,72.05000000000001,885,False,593
234,68.60000000000001,829,False,462
235,113.25000000000001,1416,False,1127
236,56.400000000000006,650,False,125
237,77.60000000000001,898,False,340
238,58.599999999999994,677,False,173
239,24.4,312,False,35
240,22.099999999999998,283,False,59
241,23.900000000000006,302,False,37
242,23.900000000000002,309,False,39
243,96.45,1135,False,636
244,118.35,1432,False,941
245,72.1,845,False,315
246,22.5,295,False,41
247,100.95,1127,False,321
248,21.75,289,False,59
249,76.55,897,False,390
250,49.45,801,False,1258
251,60.85,683,False,103
252,107.24999999999999,1438,False,1580
253,91.15,1139,False,842
254,23.05,306,False,37
255,62.50000000000001,699,False,108
256,98.25000000000001,1127,False,457
257,119.05,1435,False,975
258,75.45,898,False,408
259,94.44999999999997,1124,False,634
260,71.35000000000001,1138,False,1855
261,19.35,277,False,74
262,62.25,722,False,237
263,22.65,297,False,53
264,95.19999999999999,1117,False,600
265,16.9,246,False,87
266,116.74999999999999,1439,False,1108
267,56.900000000000006,668,False,187
268,21.45,283,False,49
269,24.3,307,False,38
270,221.95000000000002,2475,False,1111
271,100.34999999999998,1144,False,307
272,255.9,2755,False,792
273,20.299999999999997,289,False,46
274,60.25,830,False,869
275,73.49999999999999,849,False,261
276,63.25,707,False,100
277,70.45,863,False,525
278,16.55,242,False,66
279,23.1,295,False,41
280,90.9,1135,False,900
281,23.0,305,False,39
282,22.3,289,False,49
283,76.05,897,False,497
284,61.2,703,False,117
285,57.89999999999999,669,False,142
286,22.15,291,False,46
287,74.0,819,False,137
288,59.8,892,False,1199
289,24.400000000000002,308,False,38
290,23.1,296,False,41
291,69.55000000000001,863,False,543
292,59.25,861,False,1074
293,60.000000000000014,722,False,340
294,22.900000000000002,292,False,49
295,113.75000000000001,1416,False,1149
296,73.2,877,False,397
297,103.8,1417,False,1637
298,58.85000000000001,676,False,121
299,94.74999999999999,1124,False,670
300,97.19999999999999,1124,False,510
301,55.25,663,False,182
302,101.10000000000001,1125,False,484
303,17.2,273,False,55
304,22.4,290,False,46
305,94.5,1118,False,616
306,21.4,280,False,47
307,130.15,1415,False,328
308,21.950000000000003,297,False,42
309,60.9,691,False,128
310,79.05,1135,False,1483
311,21.849999999999998,288,False,52
312,22.599999999999998,296,False,41
313,24.6,306,False,40
314,142.95000000000002,1653,False,920
315,75.34999999999998,1219,False,2005
316,96.15,1140,False,573
317,88.0,1127,False,986
318,179.29999999999998,1957,False,611
319,58.89999999999999,896,False,1169
320,110.55,1219,False,330
321,21.900000000000002,294,False,42
322,99.6,1137,False,422
323,68.94999999999999,829,False,399
324,24.25,306,False,48
325,75.95000000000002,897,False,479
326,59.7,697,False,175
327,23.35,310,False,55
328,22.499999999999996,290,False,45
329,75.05000000000001,844,False,227
330,63.599999999999994,722,False,156
331,20.95,277,False,49
332,63.8,722,False,125
333,24.700000000000003,311,False,38
334,18.8,252,False,65
335,21.5,285,False,46
336,61.099999999999994,680,False,82
337,53.349999999999994,897,False,1581
338,21.549999999999997,290,False,46
339,22.0,291,False,47
340,24.3,307,False,40
341,63.650000000000006,717,False,167
342,118.55,1410,False,876
343,21.599999999999998,296,False,49
344,58.70000000000001,664,False,107
345,75.0,1125,False,1653
346,23.199999999999996,303,False,44
347,63.2,721,False,148
348,108.44999999999997,1402,False,1344
349,63.25,722,False,163
350,79.15,884,False,237
351,74.99999999999999,863,False,257
352,23.65,303,False,32
353,20.8,276,False,50
354,60.95,689,False,101
355,119.40000000000002,1413,False,896
356,19.05,270,False,54
357,69.55000000000001,820,False,351
358,72.20000000000002,897,False,625
359,22.35,300,False,39
360,60.7,702,False,191
361,67.5,784,False,315
362,58.400000000000006,676,False,121
363,63.75,718,False,169
364,23.349999999999994,305,False,38
365,20.0,266,False,57
366,22.799999999999997,289,False,48
367,60.0,677,False,107
368,69.10000000000001,855,False,533
369,96.15,1126,False,563
370,70.05,818,False,292
371,74.6,898,False,488
372,61.05,684,False,72
373,19.45,264,False,56
374,63.400000000000006,722,False,166
375,58.0,658,False,135
376,125.7,1429,False,628
377,23.6,311,False,37
378,73.2,868,False,396
379,58.85000000000001,672,False,120
380,23.05,297,False,65
381,117.95,1431,False,982
382,21.549999999999997,290,False,52
383,92.2,1128,False,804
384,126.49999999999999,1408,False,437
385,78.45,897,False,279
386,23.55,309,False,41
387,72.3,827,False,260
388,21.8,284,False,52
389,98.94999999999999,1126,False,394
390,103.35000000000001,1123,False,187
391,20.4,275,False,72
392,62.95,710,False,111
393,22.450000000000003,294,False,59
394,122.70000000000002,1504,False,1185
395,19.2,267,False,47
396,79.95,896,False,197
397,77.1,869,False,207
398,101.99999999999999,1150,False,444
399,69.5,871,False,541
400,93.35000000000001,1139,False,758
401,23.3,303,False,40
402,109.85000000000002,1410,False,1291
403,288.8,3161,True,1267
404,80.39999999999999,1138,False,1262
405,78.1,898,False,360
406,22.75,305,False,43
407,124.25000000000001,1414,False,643
408,22.349999999999998,304,False,51
409,64.25000000000001,819,False,659
410,23.65,310,False,45
411,22.4,294,False,42
412,23.1,291,False,45
413,22.3,294,False,50
414,60.449999999999996,681,False,148
415,76.6,898,False,388
416,63.800000000000004,813,False,590
417,22.15,295,False,46
418,21.4,282,False,60
419,62.09999999999999,710,False,199
420,77.75,898,False,315
421,115.89999999999999,1409,False,1022
422,20.549999999999997,287,False,70
423,25.299999999999997,312,False,36
424,21.599999999999994,286,False,47
425,94.14999999999999,1136,False,754
426,61.7,792,False,548
427,76.29999999999998,897,False,429
428,62.25,716,False,163
429,22.700000000000003,294,False,48
430,98.6,1126,False,502
431,88.30000000000001,1124,False,933
432,175.2,2004,False,1129
433,57.199999999999996,696,False,151
434,57.84999999999999,866,False,1143
435,21.25,276,False,50
436,104.6,1135,False,162
437,77.15,897,False,393
438,57.79999999999999,673,False,173
439,61.19999999999999,692,False,117
440,129.3,1421,False,353
441,21.450000000000003,288,False,49
442,107.59999999999998,1510,False,1943
443,119.34999999999998,1437,False,967
444,62.300000000000004,721,False,175
445,58.949999999999996,680,False,156
446,78.8,897,False,304
447,76.85000000000001,880,False,261
448,61.05000000000001,803,False,692
449,46.3,851,False,1652
450,56.99999999999999,691,False,294
451,61.2,685,False,77
452,24.2,312,False,39
453,72.85,819,False,180
454,63.55,717,False,148
455,68.39999999999999,810,False,342
456,21.200000000000003,284,False,55
457,19.8,265,False,57
458,64.75,898,False,991
459,63.699999999999996,720,False,175
460,87.4,1123,False,991
461,119.24999999999997,1409,False,787
462,23.4,304,False,41
463,60.14999999999999,693,False,155
464,22.55,293,False,48
465,23.6,300,False,41
466,56.2,672,False,266
467,69.05,898,False,807
468,73.55,898,False,529
469,67.94999999999999,796,False,339
470,61.15,720,False,208
471,61.3,697,False,163
472,21.200000000000003,282,False,48
473,100.35,1137,False,446
474,59.04999999999999,818,False,850
475,72.05,883,False,578
476,63.2,722,False,128
477,21.450000000000003,284,False,50
478,20.0,265,False,50
479,64.39999999999999,722,False,93
480,63.099999999999994,722,False,184
481,23.0,295,False,44
482,63.25,721,False,177
483,70.15,1138,False,1910
484,62.400000000000006,704,False,95
485,23.8,299,False,40
486,24.1,305,False,38
487,120.35,1420,False,1003
488,13.250000000000002,244,False,69
489,103.10000000000001,1125,False,199
490,61.050000000000004,681,False,107
491,67.2,824,False,461
492,21.449999999999996,281,False,64
493,71.35000000000001,819,False,251
494,96.45,1124,False,533
495,74.79999999999998,860,False,276
496,62.6,722,False,208
497,99.35000000000001,1135,False,439
498,69.45000000000002,888,False,683
499,87.95,1138,False,998
500,92.24999999999999,1121,False,733
501,78.0,897,False,314
502,21.599999999999998,291,False,46
503,20.0,262,False,59
504,21.599999999999998,287,False,51
505,226.85,2464,False,870
506,20.75,300,False,40
507,23.0,298,False,63
508,114.34999999999998,1433,False,1250
509,73.04999999999998,848,False,194
510,98.45000000000002,1120,False,491
511,111.40000000000002,1404,False,1142
512,57.85,670,False,114
513,21.8,278,False,45
514,22.799999999999997,297,False,40
515,22.4,289,False,48
516,74.5,831,False,224
517,67.55000000000001,803,False,317
518,99.65,1137,False,456
519,21.4,298,False,61
520,56.3,659,False,196
521,59.99999999999999,679,False,105
522,117.35,1418,False,979
523,58.25,682,False,180
524,55.20000000000001,666,False,308
525,21.3,279,False,54
526,96.59999999999998,1138,False,582
527,58.7,669,False,126
528,22.400000000000002,295,False,42
529,23.8,302,False,39
530,63.2,721,False,201
531,23.2,296,False,39
532,24.0,306,False,47
533,23.4,300,False,46
534,60.3,722,False,322
535,60.300000000000004,695,False,175
536,63.499999999999986,722,False,161
537,132.85000000000002,1437,False,241
538,66.39999999999999,898,False,948
539,23.149999999999995,308,False,38
540,23.9,304,False,63
541,80.65,898,False,222
542,96.64999999999999,1124,False,474
543,62.599999999999994,722,False,182
544,24.000000000000004,304,False,38
545,62.95000000000001,713,False,156
546,57.5,658,False,134
547,71.25,801,False,173
548,59.09999999999999,700,False,245
549,65.35000000000001,722,False,80
550,71.49999999999999,886,False,584
551,21.75,286,False,49
552,74.59999999999998,897,False,506
553,77.70000000000002,898,False,332
554,61.550000000000004,689,False,73
555,43.800000000000004,889,False,2005
556,23.15,299,False,41
557,67.45,896,False,848
558,44.8,898,False,2005
559,58.69999999999999,682,False,143
560,73.19999999999999,861,False,392
561,67.65,811,False,383
562,22.900000000000002,302,False,55
563,120.45000000000002,1419,False,993
564,13.949999999999998,243,False,80
565,73.3,842,False,288
566,18.7,267,False,71
567,59.099999999999994,679,False,156
568,69.5,846,False,493
569,111.65,1427,False,1326
570,17.75,263,False,56
571,62.05,705,False,178
572,89.19999999999999,1121,False,923
573,22.249999999999996,304,False,36
574,64.25,708,False,107
575,58.099999999999994,669,False,111
576,69.39999999999999,896,False,764
577,24.05,307,False,45
578,21.999999999999996,285,False,45
579,62.699999999999996,721,False,197
580,79.25,891,False,215
581,60.650000000000006,685,False,94
582,101.44999999999999,1122,False,301
583,23.649999999999995,309,False,45
584,23.5,295,False,37
585,57.35,660,False,163
586,63.8,722,False,123
587,77.09999999999998,898,False,388
588,82.94999999999999,1124,False,1211
589,22.000000000000004,296,False,46
590,22.3,290,False,50
591,23.4,294,False,42
592,22.400000000000002,293,False,36
593,127.50000000000003,1511,False,973
594,22.9,308,False,36
595,74.20000000000002,869,False,419
596,75.85000000000001,898,False,413
597,72.35000000000001,890,False,555
598,61.89999999999999,721,False,237
599,75.34999999999998,1134,False,1656
600,68.4,898,False,770
601,22.15,293,False,64
602,22.299999999999997,294,False,48
603,20.8,269,False,59
604,138.35,1659,False,1183
605,21.450000000000006,303,False,46
606,22.599999999999998,292,False,49
607,23.899999999999995,304,False,38
608,126.49999999999997,1409,False,513
609,62.050000000000004,710,False,101
610,24.55,309,False,30
611,64.1,720,False,146
612,88.90000000000002,1136,False,955
613,70.0,856,False,504
614,23.1,302,False,48
615,60.55,693,False,166
616,113.65,1407,False,1145
617,86.19999999999999,1129,False,1079
618,66.24999999999999,801,False,323
619,103.74999999999999,1135,False,269
620,23.0,305,False,38
621,62.15,784,False,524
622,60.599999999999994,701,False,193
623,73.80000000000001,834,False,247
624,86.95,1125,False,982
625,48.499999999999986,794,False,1243
626,23.699999999999996,302,False,39
627,97.44999999999999,1124,False,514
628,21.950000000000003,296,False,69
629,23.800000000000004,305,False,34
630,57.550000000000004,661,False,157
631,23.55,297,False,45
632,23.6,300,False,38
633,108.64999999999998,1433,False,1485
634,92.45,1125,False,744
635,19.8,280,False,53
636,61.7,722,False,251
637,62.199999999999996,710,False,179
638,60.10000000000001,697,False,200
639,118.65,1408,False,868
640,76.9,1121,False,1461
641,62.550000000000004,721,False,166
642,58.900000000000006,679,False,197
643,63.90000000000003,898,False,1023
644,78.60000000000002,898,False,311
645,25.949999999999996,722,False,2005
646,56.7,813,False,951
647,140.75,1519,False,437
648,21.3,311,False,39
649,61.05000000000002,898,False,1176
650,66.35,790,False,386
651,96.15,1139,False,597
652,76.2,871,False,239
653,57.949999999999996,662,False,142
654,60.800000000000004,685,False,106
655,86.64999999999999,1127,False,1034
656,20.95,285,False,56
657,23.700000000000003,297,False,43
658,64.14999999999999,896,False,1013
659,130.15,1427,False,330
660,62.6,722,False,181
661,77.29999999999998,898,False,403
662,77.2,860,False,153
663,57.5,690,False,269
664,65.95,808,False,451
665,60.5,710,False,243
666,61.44999999999997,897,False,1182
667,19.5,267,False,56
668,22.9,299,False,45
669,97.70000000000002,1411,False,1941
670,62.94999999999999,721,False,153
671,59.3,666,False,108
672,23.150000000000002,306,False,50
673,24.400000000000002,306,False,52
674,125.89999999999999,1420,False,555
675,23.1,301,False,42
676,62.05,697,False,91
677,59.550000000000004,674,False,103
678,73.1,847,False,327
679,74.1,898,False,535
680,20.699999999999996,287,False,68
681,80.39999999999999,890,False,161
682,122.39999999999999,1408,False,720
683,62.15,722,False,194
684,61.550000000000004,722,False,223
685,60.15,682,False,128
686,75.84999999999998,1138,False,1627
687,128.89999999999998,1413,False,347
688,23.200000000000003,302,False,43
689,111.35000000000002,1413,False,1285
690,22.75,299,False,34
691,78.30000000000001,898,False,329
692,58.44999999999999,680,False,157
693,77.25,898,False,393
694,74.45,836,False,166
695,69.35,815,False,308
696,17.500000000000004,250,False,61
697,23.0,295,False,43
698,24.0,311,False,66
699,23.4,296,False,55
700,21.299999999999997,283,False,50
701,75.55,898,False,479
702,23.65,310,False,42
703,20.700000000000003,277,False,65
704,90.45000000000002,1134,False,934
705,109.3,1425,False,1405
706,73.80000000000001,1135,False,1657
707,129.95,1514,False,826
708,136.7,1504,False,357
709,125.35000000000001,1415,False,539
710,59.749999999999986,681,False,119
711,58.7,675,False,133
712,63.5,721,False,181
713,22.0,290,False,43
714,72.20000000000002,838,False,375
715,70.3,854,False,428
716,24.9,313,False,40
717,73.85000000000001,858,False,302
718,91.19999999999999,1128,False,852
719,18.349999999999998,267,False,72
720,23.3,299,False,50
721,61.04999999999999,700,False,201
722,61.300000000000004,720,False,237
723,73.95000000000002,898,False,556
724,101.39999999999999,1122,False,218
725,22.900000000000002,295,False,43
726,63.45,718,False,162
727,96.89999999999999,1125,False,532
728,60.95,693,False,124
729,23.6,303,False,49
730,23.000000000000004,296,False,44
731,63.2,865,False,881
732,80.25000000000001,897,False,187
733,57.55,686,False,262
734,127.25,1425,False,537
735,97.85,1119,False,385
736,58.49999999999999,668,False,108
737,72.05,797,False,143
738,22.25,290,False,38
739,24.500000000000004,313,False,35
740,77.75,898,False,392
741,76.19999999999999,1126,False,1541
742,61.099999999999994,707,False,147
743,63.05,722,False,171
744,21.7,278,False,54
745,18.9,265,False,71
746,60.75,684,False,107
747,79.30000000000001,898,False,301
748,80.65,1126,False,1312
749,92.24999999999999,1123,False,719
750,165.8,1815,False,574
751,100.05000000000001,1118,False,255
752,97.24999999999997,1222,False,985
753,62.7,722,False,154
754,66.9,801,False,384
755,23.75,306,False,45
756,58.55,666,False,134
757,59.25,671,False,98
758,61.150000000000006,686,False,130
759,22.35,291,False,42
760,62.550000000000004,701,False,89
761,88.6,1136,False,992
762,70.89999999999998,813,False,239
763,20.35,272,False,52
764,62.45,797,False,566
765,68.20000000000002,896,False,850
766,17.849999999999998,260,False,62
767,97.7,1120,False,495
768,20.3,286,False,82
769,99.7,1133,False,429
770,61.300000000000004,722,False,247
771,124.45000000000002,1433,False,716
772,22.349999999999998,296,False,42
773,21.1,276,False,46
774,20.700000000000003,279,False,52
775,73.75,885,False,504
776,61.35000000000001,694,False,87
777,125.65,1426,False,571
778,100.9,1131,False,400
779,97.89999999999999,1154,False,564
780,69.9,814,False,241
781,23.75,305,False,41
782,58.7,667,False,115
783,24.400000000000002,303,False,39
784,79.5,898,False,218
785,21.2,278,False,52
786,58.19999999999998,1030,False,2005
787,17.299999999999997,250,False,61
788,22.4,290,False,54
789,25.400000000000002,312,False,33
790,67.74999999999999,898,False,819
791,122.0,1442,False,873
792,56.60000000000001,813,False,954
793,69.54999999999998,890,False,664
794,80.65,897,False,217
795,21.75,295,False,43
796,65.25,799,False,514
797,94.2,1136,False,662
798,91.69999999999999,1131,False,770
799,112.85000000000001,1235,False,288
800,68.15,828,False,411
801,70.45,893,False,684
802,64.7,800,False,484
803,61.0,690,False,118
804,23.1,298,False,62
805,21.400000000000002,285,False,46
806,130.0,1426,False,368
807,22.199999999999996,293,False,53
808,69.4,898,False,775
809,95.30000000000001,1134,False,672
810,122.35000000000002,1409,False,606
811,22.350000000000005,295,False,39
812,65.45,721,False,99
813,161.45000000000002,1788,False,671
814,58.900000000000006,700,False,141
815,21.2,273,False,50
816,58.800000000000004,673,False,141
817,155.39999999999998,1661,False,279
818,58.85000000000001,672,False,99
819,22.450000000000003,291,False,40
820,45.05,898,False,2005
821,24.55,314,False,43
822,21.699999999999996,288,False,49
823,18.999999999999996,257,False,61
824,24.2,306,False,37
825,58.99999999999999,681,False,171
826,24.0,306,False,42
827,24.3,310,False,45
828,23.8,303,False,39
829,55.849999999999994,657,False,224
830,19.950000000000003,270,False,55
831,96.45,1127,False,595
832,115.85000000000002,1403,False,930
833,63.95,853,False,753
834,103.85000000000001,1126,False,205
835,102.95000000000002,1128,False,224
836,77.05,898,False,326
837,22.9,297,False,40
838,79.5,897,False,261
839,17.7,250,False,62
840,94.80000000000001,1128,False,672
841,60.75,699,False,135
842,61.1,694,False,156
843,62.69999999999999,722,False,176
844,19.65,265,False,54
845,67.94999999999999,861,False,669
846,20.75,284,False,66
847,22.900000000000002,294,False,43
848,23.499999999999996,295,False,45
849,116.79999999999998,1411,False,989
850,62.300000000000004,722,False,148
851,24.599999999999998,306,False,43
852,59.699999999999996,703,False,274
853,21.2,282,False,49
854,61.2,693,False,96
855,88.1,1127,False,1168
856,53.949999999999996,656,False,115
857,22.750000000000004,294,False,42
858,119.70000000000002,1416,False,868
859,71.2,832,False,291
860,67.19999999999999,824,False,497
861,22.9,300,False,42
862,22.0,293,False,55
863,22.5,285,False,50
864,61.45,693,False,99
865,22.349999999999998,286,False,49
866,23.200000000000003,296,False,44
867,95.39999999999999,1124,False,629
868,22.099999999999998,304,False,75
869,75.7,897,False,425
870,57.89999999999999,665,False,153
871,58.4,679,False,171
872,76.15,890,False,407
873,20.450000000000003,276,False,46
874,63.0,857,False,878
875,69.94999999999999,898,False,757
876,128.15,1656,False,1578
877,22.8,300,False,47
878,60.550000000000004,704,False,222
879,21.950000000000003,286,False,45
880,100.25,1137,False,426
881,94.44999999999999,1122,False,602
882,60.95,700,False,133
883,106.10000000000001,1220,False,567
884,78.69999999999999,898,False,280
885,23.249999999999996,309,False,38
886,64.0,722,False,163
887,23.799999999999997,304,False,41
888,62.949999999999996,722,False,179
889,62.400000000000006,702,False,115
890,61.25,706,False,174
891,58.95,675,False,162
892,94.89999999999998,1122,False,614
893,97.84999999999998,1128,False,511
894,61.2,722,False,229
895,22.599999999999998,294,False,56
896,62.75,711,False,164
897,93.05,1150,False,848
898,22.299999999999997,303,False,39
899,80.59999999999998,1125,False,1371
900,62.89999999999999,813,False,637
901,109.5,1426,False,1398
902,64.14999999999999,854,False,749
903,106.4,1414,False,1543
904,67.0,823,False,381
905,84.50000000000001,1130,False,1172
906,49.2,810,False,1280
907,70.10000000000001,792,False,203
908,73.7,845,False,257
909,75.0,898,False,440
910,22.349999999999998,293,False,55
911,70.3,858,False,516
912,45.300000000000004,898,False,2005
913,42.65,788,False,1464
914,62.2,798,False,655
915,20.85,288,False,46
916,91.2,1125,False,862
917,100.94999999999999,1229,False,799
918,62.75,805,False,575
919,62.800000000000004,709,False,119
920,22.399999999999995,290,False,46
921,60.25,693,False,177
922,61.849999999999994,700,False,94
923,63.3,722,False,173
924,24.9,314,False,39
925,24.700000000000003,311,False,36
926,93.44999999999997,1131,False,787
927,23.65,312,False,34
928,23.700000000000003,303,False,42
929,67.65,795,False,298
930,24.049999999999997,306,False,35
931,119.8,1509,False,1322
932,21.799999999999997,293,False,43
933,23.499999999999996,301,False,46
934,70.89999999999998,897,False,693
935,60.59999999999999,693,False,180
936,68.35,853,False,531
937,24.349999999999998,305,False,36
938,58.25000000000001,687,False,228
939,93.25000000000001,1130,False,745
940,18.599999999999998,263,False,53
941,24.099999999999994,308,False,76
942,91.35,1124,False,836
943,121.40000000000002,1417,False,659
944,62.300000000000004,721,False,223
945,24.05,304,False,44
946,124.2,1429,False,701
947,57.25000000000001,661,False,120
948,61.65,702,False,107
949,19.900000000000002,267,False,56
950,102.2,1126,False,267
951,56.04999999999999,654,False,177
952,67.14999999999998,867,False,714
953,62.5,718,False,170
954,20.200000000000003,269,False,59
955,22.099999999999998,289,False,57
956,61.35000000000001,688,False,100
957,24.15,309,False,36
958,61.89999999999999,896,False,1168
959,58.749999999999986,677,False,129
960,22.349999999999998,291,False,45
961,100.10000000000001,1135,False,462
962,21.6,296,False,41
963,23.7,300,False,39
964,24.300000000000004,302,False,39
965,63.6,722,False,158
966,20.799999999999997,284,False,73
967,23.4,300,False,41
968,54.35,672,False,405
969,58.699999999999996,674,False,153
970,19.449999999999996,270,False,62
971,62.64999999999999,812,False,714
972,62.150000000000006,722,False,168
973,23.700000000000003,304,False,49
974,57.599999999999994,673,False,205
975,66.25000000000001,829,False,583
976,58.45,687,False,194
977,167.60000000000002,2019,False,1576
978,149.3,1761,False,962
979,22.099999999999998,296,False,44
980,62.95,722,False,226
981,71.8,1137,False,1839
982,63.099999999999994,808,False,580
983,23.249999999999996,301,False,43
984,57.25000000000001,692,False,307
985,22.349999999999998,287,False,50
986,63.59999999999999,722,False,159
987,58.599999999999994,676,False,194
988,97.8,1121,False,418
989,62.5,722,False,187
990,124.45000000000002,1421,False,660
991,80.5,898,False,166
992,63.199999999999996,722,False,176
993,60.0,722,False,310
994,58.85000000000001,898,False,1311
995,61.45,708,False,163
996,102.85,1122,False,213
997,58.04999999999999,676,False,182
998,56.74999999999999,798,False,881
999,72.4,855,False,368
1000,23.499999999999996,305,False,46
1001,96.4,1122,False,569
1002,62.749999999999986,722,False,163
1003,22.25,296,False,74
1004,127.75,1435,False,587
1005,61.39999999999999,722,False,192
1006,71.8,814,False,195
1007,61.55,696,False,135
1008,58.65,677,False,214
1009,59.849999999999994,695,False,139
1010,61.75,692,False,121
1011,122.20000000000002,1421,False,761
1012,77.44999999999999,882,False,163
1013,63.05,722,False,221
1014,114.85,1427,False,1143
1015,18.599999999999998,267,False,54
1016,58.55,809,False,873
1017,21.45,282,False,49
1018,24.200000000000003,311,False,34
1019,119.19999999999999,1409,False,876
1020,65.50000000000001,831,False,553
1021,21.099999999999998,284,False,62
1022,79.59999999999998,898,False,289
1023,65.4,784,False,348
1024,23.7,303,False,42
1025,59.4,704,False,248
1026,63.00000000000001,717,False,180
1027,140.35,1526,False,389
1028,21.250000000000004,295,False,44
1029,20.7,274,False,50
1030,20.399999999999995,266,False,51
1031,62.89999999999999,722,False,169
1032,63.55,707,False,88
1033,23.25,295,False,43
1034,45.04999999999998,898,False,2005
1035,22.649999999999995,299,False,39
1036,100.89999999999999,1134,False,400
1037,22.7,310,False,50
1038,104.0,1126,False,176
1039,190.70000000000002,2009,False,328
1040,18.699999999999996,274,False,55
1041,59.49999999999999,697,False,197
1042,63.300000000000004,710,False,138
1043,23.299999999999997,302,False,41
1044,45.79999999999999,898,False,2005
1045,61.7,702,False,117
1046,23.999999999999996,310,False,35
1047,57.60000000000001,672,False,168
1048,92.55,1125,False,764
1049,69.09999999999998,898,False,762
1050,56.99999999999999,864,False,1193
1051,63.550000000000004,721,False,144
1052,63.09999999999999,722,False,157
1053,74.9,891,False,486
1054,68.25,814,False,357
1055,99.25000000000001,1152,False,546
1056,70.0,841,False,365
1057,62.9,706,False,104
1058,21.099999999999998,282,False,76
1059,128.05,1414,False,451
1060,70.69999999999999,894,False,593
1061,73.24999999999999,871,False,462
1062,61.050000000000004,706,False,161
1063,82.00000000000001,1134,False,1360
1064,61.949999999999996,722,False,176
1065,59.199999999999996,676,False,112
1066,61.5,697,False,158
1067,61.9,705,False,122
1068,60.75,695,False,174
1069,73.70000000000002,898,False,559
1070,59.9,693,False,162
1071,99.05,1137,False,520
1072,99.35,1122,False,307
1073,20.849999999999998,277,False,53
1074,24.900000000000002,313,False,38
1075,77.75,1138,False,1580
1076,22.85,303,False,50
1077,71.35,814,False,209
1078,58.85000000000001,703,False,270
1079,24.099999999999994,307,False,41
1080,60.79999999999999,721,False,295
1081,22.0,286,False,49
1082,72.54999999999998,1137,False,1789
1083,52.54999999999999,826,False,1252
1084,56.599999999999994,653,False,104
1085,64.2,722,False,152
1086,60.5,722,False,290
1087,63.150000000000006,722,False,192
1088,74.05,837,False,208
1089,21.399999999999995,282,False,58
1090,19.7,269,False,54
1091,23.300000000000004,298,False,44
1092,23.499999999999996,296,False,49
1093,59.05,671,False,110
1094,73.45,859,False,326
1095,77.95,896,False,375
1096,93.85000000000002,1116,False,574
1097,21.8,288,False,47
1098,87.20000000000002,1136,False,1094
1099,23.6,307,False,41
1100,86.95,1240,False,1606
1101,60.550000000000004,722,False,246
1102,46.19999999999999,814,False,1502
1103,99.14999999999998,1130,False,474
1104,106.7,1242,False,566
1105,121.20000000000003,1413,False,734
1106,58.650000000000006,680,False,122
1107,62.75,699,False,92
1108,20.85,278,False,52
1109,59.00000000000001,667,False,106
1110,59.300000000000004,806,False,828
1111,56.59999999999999,658,False,158
1112,81.05,898,False,154
1113,63.55,722,False,174
1114,70.95,883,False,598
1115,76.19999999999999,862,False,191
1116,77.35000000000001,891,False,350
1117,19.699999999999996,273,False,55
1118,61.900000000000006,721,False,285
1119,68.9,859,False,540
1120,22.400000000000002,290,False,46
1121,17.7,252,False,74
1122,60.24999999999999,681,False,125
1123,61.0,688,False,108
1124,113.40000000000002,1437,False,1277
1125,23.549999999999997,312,False,36
1126,63.3,720,False,187
1127,63.050000000000004,711,False,111
1128,23.65,298,False,42
1129,70.60000000000002,813,False,251
1130,67.25,792,False,357
1131,21.549999999999997,289,False,49
1132,58.449999999999996,664,False,102
1133,24.050000000000004,305,False,34
1134,63.7,722,False,152
1135,61.60000000000001,681,False,95
1136,56.5,653,False,132
1137,17.4,247,False,62
1138,62.300000000000004,703,False,114
1139,22.800000000000004,289,False,47
1140,71.05000000000001,818,False,269
1141,24.150000000000002,315,False,41
1142,25.2,311,False,34
1143,58.45,675,False,184
1144,26.699999999999996,722,False,2005
1145,73.95,898,False,505
1146,17.700000000000003,250,False,61
1147,58.050000000000004,668,False,167
1148,63.5,722,False,163
1149,57.49999999999999,650,False,116
1150,151.35000000000002,1769,False,1086
1151,90.25000000000001,1119,False,746
1152,128.0,1497,False,834
1153,59.5,722,False,289
1154,56.699999999999996,651,False,140
1155,22.95,298,False,48
1156,21.1,277,False,54
1157,21.7,284,False,53
1158,23.400000000000002,298,False,39
1159,23.7,302,False,42
1160,63.699999999999996,721,False,174
1161,138.7,1522,False,438
1162,18.8,268,False,72
1163,59.40000000000001,678,False,138
1164,74.35000000000001,864,False,310
1165,23.65,300,False,42
1166,70.60000000000001,817,False,305
1167,18.8,266,False,58
1168,68.3,847,False,562
1169,68.5,831,False,425
1170,74.4,885,False,470
1171,23.100000000000005,305,False,36
1172,61.9,693,False,111
1173,68.6,894,False,772
1174,17.599999999999998,249,False,62
1175,23.299999999999997,293,False,48
1176,22.9,299,False,48
1177,25.299999999999997,311,False,32
1178,22.6,296,False,41
1179,25.0,310,False,38
1180,62.45,722,False,229
1181,56.05,673,False,248
1182,62.85,697,False,100
1183,62.3,689,False,79
1184,74.89999999999998,896,False,493
1185,60.74999999999999,721,False,237
1186,60.05,701,False,218
1187,22.450000000000003,290,False,38
1188,60.85000000000001,673,False,103
1189,60.949999999999996,702,False,167
1190,62.35,722,False,183
1191,137.04999999999998,1512,False,462
1192,58.55,684,False,172
1193,22.05,289,False,48
1194,23.600000000000005,303,False,46
1195,59.5,677,False,134
1196,61.3,689,False,123
1197,80.45,1194,False,1730
1198,66.55,838,False,519
1199,74.0,827,False,150
1200,21.7,288,False,47
1201,23.799999999999997,303,False,48
1202,24.500000000000004,309,False,38
1203,22.9,293,False,41
1204,68.94999999999999,800,False,334
1205,132.7,1429,False,223
1206,102.35000000000001,1128,False,176
1207,61.599999999999994,695,False,138
1208,21.0,279,False,68
1209,19.8,270,False,57
1210,62.5,701,False,116
1211,76.85,862,False,223
1212,73.39999999999999,863,False,331
1213,22.250000000000004,294,False,56
1214,123.44999999999999,1401,False,590
1215,59.50000000000001,682,False,121
1216,63.1,722,False,160
1217,89.8,1131,False,939
1218,59.24999999999999,694,False,160
1219,90.25,1138,False,936
1220,23.050000000000004,300,False,52
1221,59.999999999999986,710,False,252
1222,59.749999999999986,688,False,187
1223,23.15,294,False,40
1224,58.34999999999999,699,False,278
1225,62.95,711,False,112
1226,23.2,297,False,43
1227,176.1,1926,False,667
1228,79.85000000000001,1153,False,1421
1229,20.65,286,False,58
1230,80.25,898,False,216
1231,62.0,697,False,101
1232,20.049999999999997,269,False,52
1233,95.64999999999998,1127,False,669
1234,22.349999999999994,304,False,35
1235,61.150000000000006,715,False,255
1236,23.55,303,False,40
1237,59.699999999999996,680,False,134
1238,68.7,808,False,346
1239,63.1,722,False,159
1240,45.30000000000001,898,False,2005
1241,21.5,289,False,44
1242,23.700000000000003,297,False,40
1243,20.7,278,False,53
1244,60.2,690,False,184
1245,21.299999999999997,284,False,50
1246,71.85000000000001,1153,False,1922
1247,60.199999999999996,683,False,99
1248,58.75,673,False,135
1249,61.550000000000004,869,False,998
1250,74.05,857,False,313
1251,23.299999999999994,300,False,47
1252,19.799999999999997,268,False,47
1253,79.79999999999998,894,False,258
1254,126.44999999999999,1434,False,548
1255,61.2,722,False,252
1256,70.6,816,False,273
1257,23.15,298,False,39
1258,60.45,680,False,133
1259,60.4,721,False,290
1260,84.9,1127,False,1143
1261,60.34999999999999,710,False,220
1262,23.9,304,False,40
1263,71.0,858,False,479
1264,58.599999999999994,668,False,104
1265,132.85,1509,False,685
1266,99.25000000000001,1125,False,375
1267,97.59999999999998,1128,False,482
1268,90.5,1124,False,816
1269,19.799999999999997,275,False,59
1270,75.75,850,False,212
1271,21.649999999999995,290,False,46
1272,59.69999999999999,679,False,130
1273,77.15,898,False,375
1274,21.650000000000002,280,False,46
1275,19.7,274,False,79
1276,77.55000000000001,870,False,204
1277,61.699999999999996,697,False,113
1278,22.449999999999996,289,False,49
1279,76.85,894,False,371
1280,77.04999999999998,894,False,333
1281,62.800000000000004,722,False,171
1282,61.250000000000014,864,False,1039
1283,54.79999999999999,668,False,273
1284,76.2,898,False,458
1285,71.55,815,False,201
1286,98.45,1131,False,441
1287,65.94999999999999,840,False,606
1288,78.55,882,False,196
1289,24.150000000000002,307,False,34
1290,92.60000000000001,1127,False,778
1291,77.70000000000002,898,False,305
1292,23.500000000000004,301,False,47
1293,60.3,678,False,118
1294,59.39999999999999,686,False,125
1295,63.749999999999986,722,False,163
1296,104.29999999999998,1427,False,1709
1297,75.05000000000003,1119,False,1530
1298,58.55,675,False,183
1299,59.499999999999986,897,False,1262
1300,91.4,1119,False,701
1301,58.5,674,False,139
1302,22.15,290,False,44
1303,63.69999999999999,721,False,173
1304,23.599999999999998,306,False,37
1305,72.9,882,False,571
1306,135.45,1649,False,1201
1307,68.35,819,False,332
1308,22.5,289,False,46
1309,67.1,813,False,422
1310,96.14999999999998,1129,False,597
1311,21.75,293,False,56
1312,81.65,1139,False,1340
1313,75.75,1137,False,1654
1314,56.95,847,False,1066
1315,61.099999999999994,697,False,143
1316,58.65,675,False,122
1317,62.800000000000004,722,False,222
1318,89.65,1125,False,858
1319,59.64999999999999,678,False,117
1320,79.94999999999999,898,False,256
1321,78.64999999999999,893,False,254
1322,22.3,290,False,55
1323,57.400000000000006,672,False,183
1324,60.35,681,False,140
1325,17.45,252,False,67
1326,24.000000000000004,300,False,42
1327,74.6,843,False,227
1328,72.0,833,False,256
1329,23.9,304,False,42
1330,24.4,313,False,33
1331,69.8,898,False,750
1332,96.6,1125,False,519
1333,16.4,239,False,73
1334,94.95000000000002,1136,False,711
1335,98.64999999999999,1115,False,328
1336,64.25,721,False,110
1337,76.2,1139,False,1653
1338,123.75000000000001,1415,False,735
1339,20.500000000000007,299,False,39
1340,21.3,285,False,54
1341,25.2,311,False,33
1342,60.05,687,False,130
1343,21.35,280,False,64
1344,23.6,305,False,33
1345,61.300000000000004,722,False,300
1346,77.95,895,False,294
1347,63.650000000000006,720,False,185
1348,62.75,722,False,189
1349,96.3,1137,False,636
1350,21.45,292,False,42
1351,68.79999999999998,804,False,272
1352,67.05000000000001,830,False,557
1353,89.85,1124,False,869
1354,70.95,836,False,331
1355,64.4,720,False,84
1356,18.249999999999996,249,False,71
1357,21.2,278,False,52
1358,59.74999999999999,703,False,235
1359,22.55,294,False,47
1360,63.4,707,False,81
1361,22.4,288,False,61
1362,54.25,806,False,1053
1363,24.15,313,False,34
1364,25.0,307,False,32
1365,62.8,707,False,87
1366,63.1,720,False,174
1367,24.8,311,False,32
1368,63.1,722,False,182
1369,97.00000000000001,1134,False,562
1370,58.94999999999999,684,False,175
1371,23.15,294,False,44
1372,61.24999999999999,709,False,189
1373,97.95000000000002,1412,False,1950
1374,22.900000000000002,307,False,37
1375,58.74999999999999,675,False,168
1376,63.349999999999994,722,False,158
1377,75.45000000000002,857,False,274
1378,95.3,1122,False,568
1379,20.75,282,False,50
1380,103.7,1123,False,180
1381,89.14999999999999,1130,False,951
1382,20.05,274,False,56
1383,23.9,301,False,36
1384,22.4,294,False,44
1385,22.999999999999996,294,False,43
1386,23.3,294,False,46
1387,80.7,898,False,185
1388,23.500000000000004,303,False,33
1389,21.1,274,False,55
1390,23.099999999999998,302,False,43
1391,61.25,688,False,107
1392,61.85000000000001,897,False,1161
1393,20.2,274,False,50
1394,58.25,668,False,135
1395,62.85,699,False,112
1396,57.60000000000001,660,False,119
1397,24.2,311,False,36
1398,63.50000000000001,710,False,117
1399,22.599999999999998,296,False,42
1400,80.95000000000002,896,False,204
1401,22.05,296,False,60
1402,101.8,1128,False,349
1403,57.4,677,False,157
1404,58.0,658,False,108
1405,62.25,692,False,98
1406,21.85,290,False,44
1407,61.45000000000001,688,False,95
1408,23.95,301,False,36
1409,23.400000000000002,304,False,41
1410,62.50000000000001,717,False,186
1411,78.6,898,False,360
1412,16.7,251,False,64
1413,22.999999999999996,294,False,44
1414,60.7,687,False,111
1415,104.25000000000001,1125,False,150
1416,22.85,297,False,42
1417,90.35000000000002,1133,False,900
1418,61.099999999999994,701,False,169
1419,23.35,304,False,35
1420,67.25,813,False,455
1421,19.149999999999995,266,False,57
1422,57.75,693,False,313
1423,70.15000000000002,1133,False,1912
1424,23.0,300,False,42
1425,60.60000000000001,691,False,116
1426,74.05,898,False,552
1427,73.20000000000002,897,False,602
1428,19.850000000000005,283,False,51
1429,59.6,685,False,158
1430,23.700000000000003,297,False,48
1431,58.599999999999994,681,False,187
1432,91.45000000000002,1124,False,810
1433,79.9,897,False,199
1434,76.00000000000003,1124,False,1549
1435,62.449999999999996,722,False,203
1436,76.35000000000001,1131,False,1597
1437,19.25,273,False,59
1438,16.099999999999998,230,False,71
1439,23.9,299,False,43
1440,116.44999999999999,1412,False,1019
1441,22.750000000000004,304,False,39
1442,20.7,279,False,50
1443,24.799999999999997,307,False,39
1444,62.650000000000006,711,False,153
1445,21.55,284,False,53
1446,22.4,295,False,47
1447,96.99999999999999,1127,False,557
1448,61.94999999999999,713,False,159
1449,23.050000000000004,290,False,39
1450,75.6,848,False,204
1451,63.0,722,False,163
1452,23.5,302,False,45
1453,58.74999999999999,688,False,209
1454,80.89999999999998,1130,False,1353
1455,163.70000000000002,1792,False,545
1456,21.550000000000004,298,False,44
1457,22.799999999999997,291,False,63
1458,63.100000000000016,872,False,937
1459,78.69999999999999,1124,False,1459
1460,16.6,249,False,62
1461,77.35,898,False,390
1462,21.25,286,False,46
1463,55.35,661,False,322
1464,96.64999999999998,1128,False,536
1465,128.15,1430,False,440
1466,124.60000000000001,1413,False,552
1467,53.699999999999996,798,False,974
1468,63.4,719,False,154
1469,23.950000000000003,307,False,46
1470,70.55,850,False,450
1471,59.14999999999999,670,False,121
1472,22.0,292,False,48
1473,73.70000000000002,898,False,557
1474,62.050000000000004,722,False,246
1475,58.95,678,False,116
1476,85.1,1118,False,1114
1477,63.30000000000001,896,False,1049
1478,98.35,1143,False,524
1479,22.749999999999993,306,False,44
1480,58.9,859,False,1097
1481,62.05,695,False,74
1482,60.74999999999999,699,False,207
1483,86.25,1130,False,1098
1484,58.6,680,False,117
1485,21.950000000000003,288,False,48
1486,24.5,311,False,40
1487,61.85,700,False,152
1488,95.7,1129,False,657
1489,59.45,690,False,104
1490,22.8,289,False,46
1491,20.799999999999997,274,False,49
1492,22.5,295,False,42
1493,70.05000000000001,868,False,591
1494,21.75,291,False,46
1495,61.55,688,False,117
1496,95.54999999999998,1127,False,595
1497,126.7,1498,False,880
1498,23.200000000000003,303,False,45
1499,24.199999999999996,313,False,41
1500,45.55,898,False,2005
1501,21.75,290,False,54
1502,23.099999999999998,295,False,45
1503,20.7,277,False,50
1504,59.29999999999999,676,False,161
1505,59.85,675,False,117
1506,61.0,691,False,100
1507,77.35,897,False,386
1508,116.3,1511,False,1513
1509,56.25,659,False,138
1510,62.54999999999999,722,False,166
1511,108.99999999999997,1436,False,1494
1512,63.14999999999999,720,False,157
1513,21.45,284,False,52
1514,24.3,311,False,51
1515,60.199999999999996,815,False,786
1516,131.65,1509,False,715
1517,290.55,3161,True,1169
1518,86.89999999999998,1126,False,913
1519,44.099999999999994,827,False,1651
1520,61.400000000000006,722,False,242
1521,21.999999999999996,291,False,46
1522,130.25,1426,False,391
1523,61.55000000000001,709,False,180
1524,81.8,1131,False,1285
1525,61.3,722,False,246
1526,61.650000000000006,719,False,229
1527,97.2,1124,False,538
1528,62.449999999999996,710,False,103
1529,115.35,1405,False,1043
1530,101.44999999999999,1130,False,231
1531,131.75000000000003,1522,False,749
1532,24.249999999999996,308,False,39
1533,23.599999999999998,305,False,38
1534,79.85000000000001,885,False,193
1535,22.75,300,False,40
1536,90.84999999999998,1126,False,850
1537,228.35,2466,False,720
1538,70.35000000000001,1117,False,1707
1539,63.5,712,False,98
1540,24.150000000000002,314,False,41
1541,68.05,843,False,542
1542,23.65,297,False,35
1543,87.85,1124,False,1016
1544,20.95,290,False,64
1545,72.65,843,False,284
1546,61.10000000000001,683,False,105
1547,63.2,722,False,176
1548,70.75,813,False,233
1549,61.1,689,False,106
1550,62.800000000000004,722,False,196
1551,76.89999999999999,897,False,366
1552,85.05000000000001,1121,False,1086
1553,63.8,717,False,148
1554,59.15,686,False,127
1555,63.050000000000004,722,False,225
1556,23.750000000000004,305,False,42
1557,55.84999999999999,898,False,1440
1558,62.900000000000006,722,False,168
1559,24.05,301,False,32
1560,127.8,1399,False,379
1561,20.4,286,False,53
1562,21.0,271,False,55
1563,62.1,722,False,234
1564,24.599999999999998,310,False,37
1565,22.5,291,False,47
1566,66.0,797,False,430
1567,52.49999999999999,801,False,1120
1568,58.99999999999999,682,False,129
1569,96.20000000000002,1122,False,554
1570,58.800000000000004,859,False,1048
1571,23.8,307,False,36
1572,20.6,270,False,67
1573,24.0,304,False,39
1574,21.299999999999997,284,False,48
1575,22.7,293,False,51
1576,63.15,814,False,641
1577,22.050000000000004,288,False,46
1578,22.799999999999997,291,False,54
1579,23.899999999999995,304,False,45
1580,21.0,283,False,54
1581,24.199999999999996,307,False,45
1582,18.799999999999997,255,False,59
1583,122.24999999999999,1410,False,722
1584,122.54999999999998,1406,False,606
1585,92.60000000000001,1129,False,715
1586,103.15,1134,False,217
1587,74.70000000000002,893,False,455
