0,97.65000000000003,1133,False,588
1,59.64999999999999,687,False,80
2,78.5,890,False,305
3,66.19999999999999,806,False,417
4,74.14999999999999,835,False,198
5,58.39999999999999,666,False,126
6,62.94999999999999,722,False,179
7,23.2,298,False,43
8,62.85000000000001,722,False,184
9,24.15,309,False,39
10,90.05,1122,False,867
11,20.849999999999998,278,False,50
12,21.099999999999998,278,False,52
13,77.10000000000002,898,False,413
14,94.75000000000001,1116,False,534
15,60.349999999999994,721,False,302
16,23.0,298,False,51
17,58.85000000000001,695,False,237
18,96.74999999999999,1153,False,705
19,77.2,897,False,305
20,53.80000000000001,864,False,1344
21,21.6,287,False,72
22,64.0,722,False,139
23,68.30000000000001,898,False,827
24,64.49999999999999,898,False,994
25,58.949999999999996,670,False,111
26,24.35,314,False,32
27,76.79999999999998,896,False,399
28,62.5,705,False,112
29,95.39999999999998,1125,False,577
30,115.39999999999999,1425,False,1096
31,96.80000000000001,1126,False,537
32,19.900000000000002,282,False,62
33,60.34999999999999,816,False,810
34,26.200000000000003,722,False,2005
35,61.95,697,False,93
36,58.85,663,False,131
37,22.750000000000004,296,False,46
38,98.44999999999999,1111,False,371
39,74.55,888,False,434
40,22.599999999999998,294,False,36
41,59.800000000000004,670,False,102
42,57.60000000000001,671,False,174
43,62.900000000000006,715,False,164
44,23.099999999999998,295,False,39
45,101.64999999999999,1129,False,326
46,69.5,898,False,766
47,52.79999999999999,673,False,425
48,79.44999999999999,1151,False,1515
49,22.300000000000004,298,False,37
50,66.25,835,False,617
51,67.44999999999999,803,False,346
52,73.44999999999999,837,False,247
53,71.89999999999999,836,False,301
54,85.4,1122,False,1093
55,48.199999999999996,812,False,1317
56,24.45,307,False,41
57,59.6,695,False,197
58,61.9,697,False,107
59,58.35000000000001,663,False,151
60,22.55,297,False,42
61,74.1,898,False,560
62,61.699999999999996,722,False,229
63,141.04999999999998,1644,False,922
64,62.349999999999994,718,False,169
65,63.09999999999999,722,False,184
66,71.10000000000001,897,False,678
67,91.15,1124,False,804
68,72.70000000000002,851,False,350
69,19.450000000000003,269,False,54
70,78.59999999999998,898,False,288
71,60.0,685,False,110
72,58.449999999999996,665,False,134
73,77.35,893,False,336
74,24.2,315,False,51
75,97.74999999999999,1125,False,517
76,22.85,300,False,38
77,60.55,699,False,169
78,18.650000000000002,257,False,58
79,73.8,833,False,224
80,58.7,674,False,127
81,24.5,311,False,40
82,24.8,313,False,39
83,21.4,275,False,53
84,22.400000000000002,295,False,50
85,63.89999999999999,708,False,105
86,96.55,1125,False,540
87,68.10000000000001,844,False,485
88,24.950000000000003,311,False,38
89,22.199999999999996,292,False,44
90,20.900000000000002,274,False,49
91,23.8,302,False,38
92,118.70000000000002,1426,False,1011
93,92.35,1127,False,678
94,111.04999999999998,1219,False,250
95,24.1,304,False,37
96,94.6,1138,False,676
97,101.34999999999998,1217,False,782
98,126.7,1419,False,446
99,23.249999999999996,299,False,39
100,94.64999999999999,1138,False,713
101,56.4,684,False,268
102,106.45000000000002,1431,False,1607
103,62.14999999999999,722,False,170
104,62.14999999999999,696,False,99
105,71.05,897,False,671
106,59.400000000000006,675,False,99
107,63.300000000000004,698,False,97
108,95.55,1123,False,741
109,20.3,312,False,33
110,59.10000000000001,673,False,126
111,132.45,1436,False,335
112,22.049999999999997,298,False,67
113,61.04999999999999,693,False,115
114,22.650000000000002,290,False,46
115,23.8,309,False,46
116,22.9,290,False,48
117,22.599999999999998,295,False,44
118,98.14999999999999,1131,False,535
119,105.65,1203,False,419
120,61.949999999999996,722,False,229
121,23.35,301,False,46
122,86.4,1129,False,1125
123,95.2,1138,False,628
124,78.1,891,False,230
125,23.7,298,False,41
126,78.19999999999997,898,False,306
127,62.300000000000004,722,False,220
128,22.3,288,False,47
129,61.20000000000001,691,False,93
130,22.4,284,False,43
131,23.299999999999997,302,False,40
132,19.9,263,False,67
133,17.299999999999994,246,False,61
134,23.899999999999995,303,False,43
135,60.050000000000004,674,False,126
136,21.05,281,False,60
137,126.30000000000001,1407,False,437
138,60.49999999999999,680,False,119
139,22.2,295,False,38
140,77.24999999999999,1124,False,1568
141,68.25,898,False,741
142,23.500000000000004,304,False,38
143,85.1,1139,False,1258
144,60.400000000000006,702,False,111
145,23.599999999999998,301,False,45
146,59.7,679,False,127
147,123.6,1410,False,693
148,52.35,809,False,1059
149,23.849999999999998,307,False,50
150,93.10000000000001,1138,False,808
151,73.35,827,False,148
152,21.149999999999995,280,False,47
153,23.1,296,False,40
154,24.799999999999997,313,False,38
155,23.300000000000004,295,False,53
156,60.0,684,False,135
157,24.5,313,False,59
158,22.8,293,False,42
159,100.15,1125,False,385
160,66.0,861,False,694
161,19.25,268,False,65
162,124.85,1427,False,668
163,76.7,898,False,382
164,68.49999999999999,795,False,269
165,21.65,290,False,49
166,79.75,1128,False,1412
167,21.05,287,False,41
168,88.6,1132,False,999
169,21.700000000000003,288,False,46
170,76.25,895,False,403
171,84.94999999999999,1126,False,1256
172,21.400000000000002,313,False,35
173,114.79999999999998,1415,False,1161
174,58.849999999999994,689,False,135
175,24.25,308,False,32
176,84.99999999999997,1129,False,1166
177,60.650000000000006,691,False,96
178,69.35000000000001,898,False,787
179,96.14999999999999,1101,False,415
180,95.89999999999998,1122,False,543
181,61.0,707,False,220
182,23.35,302,False,47
183,109.94999999999999,1423,False,1371
184,83.44999999999999,1122,False,1155
185,62.29999999999999,721,False,166
186,121.44999999999999,1412,False,747
187,22.25,292,False,47
188,60.85,688,False,101
189,57.89999999999999,682,False,238
190,102.55,1130,False,260
191,22.200000000000003,286,False,45
192,73.30000000000001,895,False,541
193,71.6,825,False,292
194,17.799999999999997,253,False,52
195,58.50000000000001,667,False,135
196,23.7,296,False,41
197,82.55,1128,False,1298
198,21.85,302,False,50
199,20.6,268,False,58
200,116.7,1415,False,1013
201,75.44999999999999,898,False,406
202,22.45,293,False,45
203,146.85,1786,False,1376
204,18.65,270,False,55
205,63.09999999999999,722,False,182
206,60.300000000000004,798,False,715
207,61.85,722,False,235
208,92.69999999999999,1126,False,772
209,62.4,715,False,160
210,76.35000000000001,1122,False,1581
211,63.20000000000002,898,False,1033
212,20.0,280,False,49
213,71.65,898,False,670
214,126.75000000000001,1417,False,503
215,59.45,685,False,108
216,22.95,301,False,64
217,27.749999999999993,720,False,2005
218,58.050000000000004,681,False,155
219,67.2,889,False,840
220,24.2,312,False,36
221,23.0,294,False,43
222,67.0,822,False,500
223,62.25,721,False,209
224,181.15000000000003,1995,False,753
225,21.8,312,False,58
226,59.599999999999994,695,False,238
227,19.0,262,False,58
228,127.35000000000001,1437,False,592
229,60.849999999999994,702,False,126
230,107.14999999999999,1416,False,1506
231,20.349999999999994,284,False,55
232,25.400000000000002,314,False,36
233,85.9,1131,False,1109
234,23.5,310,False,45
235,21.4,280,False,48
236,19.5,263,False,62
237,57.45,667,False,196
238,59.85,679,False,102
239,87.60000000000001,1125,False,1023
240,63.9,721,False,87
241,23.6,295,False,43
242,59.5,674,False,117
243,74.45,848,False,247
244,20.05,275,False,56
245,90.30000000000003,1132,False,968
246,124.2,1421,False,563
247,22.5,302,False,50
248,87.35000000000001,1127,False,1076
249,21.949999999999996,302,False,42
250,43.85000000000001,863,False,1851
251,20.85,282,False,67
252,21.799999999999997,278,False,49
253,23.599999999999998,305,False,36
254,56.550000000000004,841,False,1126
255,20.15,280,False,70
256,64.15,722,False,144
257,21.45,283,False,49
258,63.3,718,False,151
259,97.55000000000001,1121,False,516
260,18.55,262,False,73
261,45.55000000000001,830,False,1573
262,132.2,1406,False,341
263,17.95,282,False,49
264,63.4,722,False,169
265,64.69999999999999,721,False,123
266,57.900000000000006,672,False,182
267,60.8,677,False,95
268,91.4,1130,False,822
269,21.9,295,False,43
270,60.599999999999994,687,False,121
271,23.4,300,False,40
272,22.3,290,False,53
273,93.9,1126,False,661
274,23.500000000000004,298,False,37
275,85.80000000000001,1120,False,1063
276,73.2,848,False,273
277,112.6,1401,False,1145
278,19.800000000000004,277,False,44
279,57.2,822,False,986
280,71.3,841,False,361
281,66.75,898,False,868
282,137.85000000000002,1615,False,967
283,74.85,866,False,264
284,122.25,1408,False,682
285,16.9,253,False,66
286,110.24999999999999,1404,False,1287
287,22.250000000000004,299,False,57
288,23.500000000000004,304,False,36
289,24.0,305,False,41
290,58.65,676,False,182
291,23.549999999999997,304,False,45
292,22.700000000000003,292,False,46
293,21.9,284,False,69
294,63.25,715,False,159
295,60.900000000000006,831,False,833
296,94.89999999999998,1219,False,1105
297,105.35000000000001,1403,False,1482
298,22.0,294,False,45
299,22.4,294,False,43
300,57.20000000000001,690,False,313
301,19.8,265,False,60
302,59.300000000000004,668,False,118
303,16.5,238,False,63
304,74.15,898,False,599
305,61.85,720,False,171
306,59.599999999999994,681,False,166
307,96.14999999999999,1125,False,532
308,63.1,720,False,152
309,120.29999999999998,1413,False,848
310,70.65,868,False,518
311,47.900000000000006,851,False,1541
312,88.00000000000003,1120,False,985
313,71.3,817,False,367
314,58.699999999999996,722,False,230
315,24.200000000000003,309,False,54
316,64.65000000000002,806,False,534
317,77.35,872,False,244
318,23.100000000000005,304,False,37
319,130.5,1494,False,721
320,23.299999999999997,303,False,39
321,24.4,308,False,38
322,75.25,843,False,164
323,60.60000000000001,681,False,114
324,97.15,1405,False,1901
325,61.300000000000004,722,False,225
326,122.35000000000001,1414,False,689
327,67.55,816,False,432
328,57.00000000000001,663,False,185
329,24.9,313,False,31
330,60.55,686,False,108
331,62.75,720,False,185
332,24.099999999999998,304,False,31
333,22.9,288,False,43
334,61.849999999999994,698,False,100
335,110.15,1405,False,1300
336,61.300000000000004,711,False,157
337,23.9,303,False,40
338,22.399999999999995,293,False,39
339,79.85000000000002,891,False,234
340,56.2,703,False,420
341,59.8,687,False,143
342,23.45,295,False,40
343,22.600000000000005,291,False,44
344,58.699999999999996,668,False,149
345,44.8,898,False,2005
346,62.35,720,False,171
347,64.4,722,False,93
348,76.69999999999999,897,False,380
349,96.79999999999998,1122,False,519
350,20.650000000000002,278,False,45
351,23.000000000000004,293,False,37
352,63.39999999999999,720,False,160
353,57.949999999999996,672,False,240
354,19.849999999999998,279,False,64
355,128.04999999999998,1414,False,456
356,61.25,699,False,107
357,23.5,302,False,49
358,24.800000000000004,313,False,38
359,83.05000000000003,1123,False,1199
360,19.35,267,False,54
361,126.75,1425,False,539
362,131.9,1510,False,704
363,22.45,298,False,45
364,61.55,719,False,232
365,228.0,2470,False,855
366,73.9,893,False,346
367,60.349999999999994,700,False,190
368,90.79999999999998,1133,False,844
369,92.94999999999999,1132,False,770
370,23.849999999999998,312,False,43
371,57.8,663,False,122
372,62.0,701,False,119
373,21.200000000000003,278,False,49
374,98.54999999999998,1121,False,441
375,184.65,2008,False,687
376,58.35,722,False,231
377,19.150000000000002,260,False,55
378,59.24999999999999,669,False,141
379,55.3,654,False,196
380,93.4,1144,False,837
381,102.75,1124,False,148
382,23.799999999999997,310,False,49
383,63.400000000000006,708,False,87
384,16.799999999999997,239,False,78
385,24.700000000000003,307,False,41
386,21.099999999999998,282,False,48
387,64.69999999999999,722,False,154
388,58.45,677,False,166
389,129.20000000000002,1524,False,897
390,129.85000000000002,1427,False,350
391,72.1,862,False,397
392,21.7,287,False,48
393,77.44999999999999,870,False,205
394,94.95000000000002,1126,False,669
395,21.6,291,False,43
396,57.0,663,False,160
397,77.2,894,False,362
398,21.199999999999996,279,False,50
399,56.85,669,False,213
400,65.1,835,False,646
401,130.7,1429,False,351
402,54.55,655,False,230
403,71.99999999999999,828,False,334
404,98.3,1152,False,558
405,58.45,680,False,137
406,69.75,806,False,272
407,73.69999999999999,857,False,317
408,132.5,1428,False,280
409,57.44999999999999,668,False,156
410,77.55000000000001,867,False,200
411,98.25,1130,False,444
412,62.10000000000001,702,False,108
413,23.15,300,False,48
414,134.8,1518,False,650
415,125.95000000000002,1430,False,576
416,63.0,855,False,769
417,89.39999999999999,1132,False,965
418,61.94999999999999,818,False,723
419,170.29999999999998,2015,False,1281
420,80.3,1124,False,1285
421,22.0,293,False,56
422,23.900000000000002,306,False,50
423,78.85000000000001,897,False,289
424,57.849999999999994,664,False,139
425,22.6,290,False,38
426,131.15,1407,False,235
427,126.99999999999999,1410,False,425
428,58.550000000000004,684,False,172
429,55.25000000000001,655,False,281
430,95.8,1121,False,592
431,71.49999999999999,822,False,183
432,48.59999999999999,793,False,1251
433,60.44999999999999,721,False,296
434,95.39999999999999,1132,False,687
435,61.1,699,False,120
436,61.75,721,False,257
437,54.64999999999999,662,False,256
438,62.800000000000004,719,False,182
439,62.1,702,False,116
440,60.150000000000006,685,False,160
441,21.65,286,False,76
442,62.45,716,False,173
443,60.5,683,False,131
444,62.85000000000001,898,False,1062
445,58.25000000000001,662,False,109
446,63.900000000000006,722,False,166
447,63.25,722,False,160
448,73.65,857,False,357
449,59.3,694,False,171
450,62.0,707,False,180
451,22.55,292,False,42
452,121.90000000000002,1421,False,919
453,20.200000000000003,302,False,36
454,61.8,721,False,242
455,76.7,896,False,376
456,63.95,801,False,539
457,24.549999999999997,314,False,42
458,52.09999999999997,897,False,1639
459,19.6,274,False,58
460,64.19999999999999,722,False,153
461,59.500000000000014,679,False,113
462,20.0,267,False,53
463,95.75,1136,False,678
464,21.950000000000003,292,False,44
465,59.2,685,False,155
466,78.75000000000001,898,False,294
467,23.450000000000003,298,False,55
468,76.14999999999999,867,False,239
469,73.80000000000001,886,False,495
470,104.54999999999998,1237,False,685
471,90.0,1123,False,838
472,21.5,291,False,48
473,23.4,299,False,40
474,62.5,722,False,239
475,76.7,898,False,409
476,60.400000000000006,703,False,165
477,99.45,1131,False,462
478,21.450000000000003,293,False,48
479,62.05,697,False,137
480,78.1,893,False,288
481,22.05,289,False,47
482,21.900000000000002,290,False,54
483,65.5,787,False,405
484,62.45,720,False,216
485,66.69999999999999,847,False,619
486,18.65,261,False,57
487,23.1,296,False,41
488,22.299999999999997,284,False,46
489,98.55000000000001,1126,False,488
490,21.349999999999998,295,False,45
491,60.699999999999996,691,False,162
492,68.55,823,False,419
493,63.39999999999999,722,False,191
494,21.049999999999997,285,False,54
495,90.25000000000001,1124,False,918
496,56.3,663,False,125
497,23.25,294,False,37
498,23.900000000000002,309,False,35
499,25.299999999999997,311,False,35
500,107.65000000000003,1430,False,1519
501,62.15000000000001,721,False,162
502,20.399999999999995,270,False,52
503,62.95,722,False,226
504,80.3,1138,False,1415
505,21.050000000000004,286,False,44
506,23.000000000000004,294,False,57
507,24.6,309,False,36
508,24.2,310,False,33
509,59.50000000000001,699,False,237
510,21.1,272,False,52
511,62.5,798,False,614
512,77.44999999999999,887,False,268
513,72.79999999999998,1123,False,1727
514,20.849999999999998,288,False,53
515,24.099999999999998,307,False,45
516,64.95000000000002,883,False,962
517,130.15,1424,False,315
518,71.0,852,False,409
519,22.1,292,False,50
520,61.99999999999999,709,False,164
521,62.15,703,False,163
522,59.29999999999999,818,False,810
523,57.8,662,False,145
524,124.39999999999998,1406,False,576
525,75.75,898,False,395
526,76.6,871,False,242
527,24.100000000000005,306,False,42
528,21.8,291,False,51
529,57.7,650,False,137
530,77.8,865,False,177
531,58.35,675,False,118
532,63.5,722,False,186
533,60.099999999999994,721,False,327
534,18.55,261,False,59
535,73.45,1123,False,1732
536,75.1,1127,False,1631
537,62.500000000000014,718,False,143
538,135.90000000000003,1522,False,528
539,71.89999999999998,898,False,646
540,70.95,827,False,263
541,23.2,297,False,43
542,22.4,296,False,48
543,23.0,289,False,44
544,109.64999999999998,1428,False,1434
545,75.59999999999998,890,False,371
546,22.05,293,False,48
547,97.9,1124,False,475
548,60.099999999999994,686,False,119
549,72.6,832,False,243
550,22.0,293,False,62
551,23.400000000000002,293,False,42
552,18.499999999999996,258,False,62
553,78.65,895,False,283
554,59.25,722,False,362
555,59.150000000000006,860,False,1100
556,22.75,299,False,44
557,57.2,872,False,1236
558,22.1,289,False,52
559,19.7,274,False,83
560,86.85000000000001,1127,False,1078
561,125.95000000000002,1418,False,505
562,63.2,819,False,624
563,21.1,277,False,54
564,21.4,282,False,56
565,22.1,287,False,50
566,23.299999999999997,304,False,45
567,63.35000000000001,722,False,182
568,123.35000000000001,1412,False,685
569,59.75000000000001,691,False,123
570,22.950000000000003,299,False,48
571,59.05000000000001,856,False,1063
572,23.15,298,False,37
573,82.35,1120,False,1248
574,21.85,290,False,40
575,23.599999999999994,295,False,39
576,24.2,306,False,37
577,71.75000000000001,819,False,211
578,58.849999999999994,672,False,129
579,72.05,813,False,193
580,64.0,720,False,157
581,59.599999999999994,685,False,162
582,63.75000000000001,722,False,163
583,56.64999999999999,663,False,185
584,79.4,1125,False,1373
585,58.55,680,False,171
586,68.35000000000002,838,False,524
587,21.950000000000003,298,False,41
588,96.95,1154,False,671
589,85.9,1129,False,1097
590,62.7,722,False,178
591,117.35,1429,False,1010
592,77.7,896,False,298
593,23.6,306,False,42
594,79.89999999999999,898,False,273
595,81.80000000000001,1136,False,1340
596,57.60000000000001,796,False,768
597,22.5,295,False,50
598,23.3,294,False,44
599,57.0,669,False,189
600,62.900000000000006,722,False,242
601,75.3,852,False,214
602,62.44999999999998,886,False,1029
603,75.24999999999999,840,False,144
604,43.3,855,False,1846
605,61.099999999999994,722,False,232
606,23.800000000000004,303,False,48
607,111.45,1415,False,1281
608,22.75,298,False,40
609,58.650000000000006,669,False,117
610,60.1,676,False,88
611,21.25,280,False,75
612,21.000000000000004,275,False,51
613,22.199999999999996,293,False,48
614,64.05000000000001,877,False,961
615,62.4,704,False,88
616,58.1,674,False,154
617,21.949999999999996,287,False,72
618,21.6,289,False,60
619,67.60000000000001,898,False,862
620,59.60000000000001,676,False,92
621,57.6,679,False,227
622,71.75,1126,False,1803
623,65.2,863,False,746
624,59.2,898,False,1335
625,21.150000000000002,291,False,52
626,58.599999999999994,665,False,112
627,63.65,837,False,707
628,24.349999999999998,306,False,37
629,74.50000000000001,853,False,288
630,60.5,690,False,119
631,19.5,262,False,56
632,57.050000000000004,673,False,249
633,20.45,278,False,52
634,64.45,710,False,105
635,20.650000000000002,288,False,56
636,21.699999999999996,280,False,56
637,74.14999999999999,898,False,495
638,20.650000000000002,277,False,57
639,17.5,244,False,57
640,71.8,898,False,677
641,83.25,1130,False,1193
642,19.85,268,False,51
643,62.9,722,False,169
644,57.1,801,False,944
645,75.64999999999999,897,False,395
646,57.10000000000001,659,False,134
647,58.85,690,False,214
648,82.10000000000001,1124,False,1295
649,56.30000000000001,827,False,1065
650,74.5,868,False,283
651,60.75,689,False,137
652,116.5,1443,False,1130
653,43.70000000000002,897,False,2005
654,57.650000000000006,669,False,143
655,79.60000000000002,1120,False,1396
656,20.9,281,False,50
657,21.999999999999996,291,False,47
658,61.44999999999999,722,False,302
659,59.949999999999996,698,False,172
660,62.25,700,False,118
661,23.949999999999996,304,False,49
662,23.1,296,False,44
663,24.299999999999997,308,False,43
664,22.7,298,False,48
665,75.05,853,False,268
666,23.750000000000004,305,False,41
667,130.95000000000002,1412,False,244
668,17.85,254,False,65
669,61.39999999999999,691,False,154
670,111.79999999999998,1422,False,1264
671,18.799999999999997,270,False,58
672,22.899999999999995,294,False,45
673,62.55,695,False,99
674,99.6,1123,False,361
675,60.9,689,False,114
676,63.15,822,False,660
677,23.099999999999998,300,False,39
678,69.85,898,False,788
679,62.449999999999996,722,False,153
680,58.9,672,False,183
681,73.15,879,False,417
682,22.150000000000002,285,False,54
683,62.099999999999994,705,False,114
684,75.30000000000001,858,False,313
685,19.400000000000002,272,False,61
686,19.5,273,False,80
687,22.500000000000004,291,False,45
688,64.4,722,False,144
689,75.95,898,False,410
690,23.05,298,False,38
691,24.3,307,False,35
692,15.199999999999998,222,False,74
693,60.650000000000006,692,False,179
694,22.650000000000002,295,False,47
695,19.2,271,False,90
696,22.5,286,False,44
697,63.3,722,False,146
698,67.65,798,False,336
699,68.5,861,False,597
700,61.699999999999996,722,False,252
701,23.45,304,False,47
702,25.0,309,False,38
703,61.999999999999986,720,False,232
704,60.05,682,False,139
705,94.39999999999999,1127,False,640
706,53.6,829,False,1163
707,58.74999999999999,667,False,128
708,65.84999999999998,816,False,513
709,20.450000000000003,274,False,51
710,75.45,896,False,422
711,24.150000000000002,308,False,39
712,22.3,288,False,48
713,23.7,295,False,37
714,24.799999999999997,313,False,35
715,41.45,823,False,1748
716,56.349999999999994,660,False,215
717,130.2,1409,False,304
718,22.700000000000003,305,False,37
719,60.6,680,False,113
720,121.39999999999999,1411,False,736
721,90.65,1124,False,828
722,90.8,1137,False,866
723,130.8,1434,False,316
724,66.20000000000002,867,False,717
725,24.249999999999996,305,False,39
726,18.599999999999998,259,False,59
727,77.35,898,False,566
728,20.75,308,False,40
729,136.55,1509,False,480
730,63.199999999999996,721,False,149
731,218.9,2475,False,1227
732,151.35,1781,False,1018
733,62.04999999999999,722,False,196
734,24.650000000000002,314,False,40
735,71.05000000000001,1132,False,1893
736,78.29999999999998,895,False,260
737,70.2,835,False,383
738,21.549999999999997,289,False,49
739,123.99999999999999,1430,False,761
740,59.349999999999994,705,False,188
741,79.65,898,False,299
742,58.15,675,False,123
743,23.75,305,False,42
744,97.35000000000001,1134,False,562
745,23.25,304,False,58
746,61.7,722,False,252
747,96.55,1129,False,555
748,86.45,1125,False,1089
749,18.599999999999998,267,False,54
750,63.34999999999999,722,False,160
751,57.75000000000001,798,False,856
752,23.900000000000002,307,False,34
753,23.0,296,False,40
754,117.15,1409,False,940
755,122.50000000000001,1403,False,630
756,71.7,1135,False,1784
757,75.50000000000001,898,False,394
758,61.95,695,False,85
759,23.400000000000002,294,False,44
760,99.85000000000001,1399,False,1783
761,72.15,1138,False,1787
762,21.999999999999996,294,False,43
763,70.8,864,False,496
764,60.399999999999984,690,False,121
765,23.300000000000008,298,False,39
766,60.400000000000006,881,False,1157
767,55.25000000000001,799,False,913
768,45.54999999999998,898,False,2005
769,117.85000000000001,1405,False,822
770,21.75,293,False,55
771,22.299999999999997,288,False,48
772,24.800000000000004,313,False,38
773,60.7,710,False,254
774,22.2,292,False,43
775,83.94999999999999,1127,False,1196
776,60.10000000000001,722,False,309
777,60.14999999999999,678,False,116
778,20.7,273,False,52
779,21.1,275,False,44
780,21.4,285,False,49
781,124.625,1415,False,713
782,56.775000000000006,676,False,149
783,21.5,281,False,47
784,62.2,721,False,228
785,117.75,1419,False,991
786,61.45000000000001,719,False,163
787,134.4,1521,False,678
788,20.9,290,False,44
789,21.400000000000002,281,False,59
790,25.4,312,False,30
791,23.4,303,False,42
792,77.14999999999999,893,False,374
793,63.00000000000001,722,False,165
794,23.85,304,False,35
795,104.94999999999999,1221,False,673
796,44.3,898,False,2005
797,59.5,694,False,144
798,23.05,295,False,51
799,53.84999999999998,863,False,1326
800,63.1,722,False,182
801,24.650000000000002,309,False,43
802,46.59999999999999,813,False,1630
803,63.0,898,False,941
804,23.9,310,False,42
805,21.1,280,False,47
806,22.5,290,False,41
807,21.699999999999996,283,False,52
808,63.800000000000004,722,False,174
809,62.45,722,False,250
810,71.7,821,False,185
811,69.24999999999999,842,False,504
812,122.35000000000001,1432,False,795
813,22.85,312,False,43
814,59.150000000000006,898,False,1273
815,75.14999999999999,892,False,468
816,61.800000000000004,705,False,104
817,63.75,722,False,162
818,71.84999999999998,898,False,637
819,22.599999999999998,293,False,54
820,76.15,857,False,207
821,18.75,263,False,59
822,25.2,310,False,30
823,58.05000000000001,665,False,128
824,19.549999999999997,265,False,59
825,100.15,1136,False,454
826,21.95,294,False,57
827,60.25,698,False,182
828,60.599999999999994,682,False,119
829,21.550000000000004,291,False,60
830,24.099999999999998,302,False,47
831,22.4,294,False,46
832,57.35,697,False,359
833,101.69999999999999,1117,False,280
834,63.0,722,False,161
835,58.35000000000001,821,False,866
836,23.299999999999997,299,False,42
837,59.55,677,False,142
838,78.1,1133,False,1501
839,22.150000000000002,289,False,43
840,23.6,302,False,46
841,23.099999999999998,299,False,38
842,91.95,1126,False,818
843,128.10000000000002,1428,False,447
844,23.349999999999994,309,False,35
845,63.7,722,False,175
846,62.650000000000006,702,False,80
847,23.950000000000003,307,False,39
848,61.2,812,False,743
849,80.15,896,False,214
850,64.05000000000001,722,False,96
851,76.7,898,False,407
852,22.299999999999997,298,False,71
853,123.3,1407,False,642
854,60.300000000000004,687,False,87
855,101.25,1126,False,303
856,85.69999999999999,1123,False,1127
857,57.89999999999999,673,False,137
858,57.550000000000004,694,False,268
859,22.9,293,False,42
860,23.499999999999996,297,False,52
861,15.700000000000001,231,False,70
862,124.75,1403,False,590
863,17.85,264,False,61
864,59.69999999999999,812,False,840
865,19.6,271,False,48
866,62.499999999999986,714,False,174
867,24.4,307,False,34
868,117.6,1432,False,1044
869,74.14999999999999,864,False,291
870,16.95,242,False,70
871,67.64999999999999,850,False,600
872,44.949999999999996,898,False,1985
873,60.050000000000004,686,False,132
874,109.60000000000001,1423,False,1408
875,61.79999999999999,814,False,650
876,61.00000000000001,693,False,159
877,23.450000000000003,301,False,40
878,22.099999999999998,290,False,44
879,19.199999999999996,260,False,64
880,60.9,680,False,74
881,22.000000000000004,281,False,51
882,62.39999999999999,700,False,96
883,18.9,261,False,56
884,138.70000000000002,1520,False,436
885,60.99999999999999,690,False,116
886,22.4,299,False,41
887,75.3,855,False,278
888,61.550000000000004,829,False,774
889,75.05,854,False,199
890,88.6,1129,False,1011
891,57.4,667,False,132
892,62.999999999999986,722,False,161
893,69.85000000000001,832,False,400
894,57.69999999999999,688,False,271
895,20.95,278,False,50
896,60.800000000000004,684,False,94
897,70.95,802,False,220
898,22.95,304,False,50
899,63.75000000000001,722,False,190
900,22.65,300,False,47
901,23.200000000000003,296,False,40
902,67.95,796,False,313
903,23.650000000000002,301,False,54
904,22.4,289,False,46
905,24.4,315,False,42
906,106.25,1420,False,1570
907,102.25,1129,False,216
908,61.55,691,False,108
909,57.95,667,False,141
910,57.800000000000004,666,False,165
911,22.6,293,False,56
912,20.4,270,False,53
913,61.50000000000001,694,False,114
914,58.75000000000001,668,False,106
915,64.55,848,False,766
916,22.999999999999993,309,False,65
917,130.75,1408,False,288
918,19.250000000000004,272,False,53
919,63.949999999999996,898,False,1081
920,21.45,289,False,53
921,46.900000000000006,795,False,1371
922,51.19999999999999,898,False,1656
923,22.400000000000002,295,False,49
924,60.0,722,False,336
925,97.99999999999999,1121,False,486
926,23.099999999999998,312,False,43
927,127.0,1427,False,576
928,57.9,670,False,126
929,112.6,1398,False,1109
930,57.5,672,False,154
931,22.0,288,False,58
932,83.34999999999998,1136,False,1266
933,118.1,1415,False,945
934,37.65000000000001,769,False,1651
935,60.85000000000001,719,False,249
936,122.4,1431,False,824
937,21.65,296,False,48
938,57.6,672,False,172
939,21.8,284,False,54
940,132.65,1510,False,720
941,17.45,257,False,75
942,21.799999999999997,285,False,52
943,69.49999999999999,819,False,363
944,121.35,1413,False,752
945,20.65,289,False,66
946,82.6,1130,False,1271
947,53.95,680,False,376
948,71.69999999999999,1122,False,1803
949,14.350000000000001,228,False,76
950,129.55,1405,False,329
951,21.250000000000004,288,False,38
952,25.3,312,False,38
953,56.65,667,False,230
954,21.75,292,False,52
955,102.55000000000001,1123,False,229
956,72.9,860,False,405
957,61.449999999999996,722,False,228
958,60.20000000000002,686,False,139
959,20.7,275,False,70
960,88.75000000000001,1118,False,940
961,21.849999999999998,295,False,39
962,59.69999999999999,797,False,744
963,22.5,300,False,65
964,72.24999999999999,858,False,411
965,73.95000000000002,881,False,473
966,58.5,870,False,1138
967,146.9,1646,False,603
968,22.9,306,False,51
969,135.05,1522,False,606
970,21.65,290,False,48
971,22.6,290,False,42
972,79.69999999999999,897,False,256
973,62.599999999999994,717,False,162
974,112.9,1239,False,337
975,177.00000000000003,2220,False,2005
976,19.5,277,False,62
977,24.700000000000003,312,False,37
978,23.599999999999998,303,False,34
979,22.8,295,False,47
980,18.799999999999997,256,False,64
981,65.14999999999999,807,False,506
982,20.250000000000004,274,False,65
983,80.89999999999999,1138,False,1412
984,59.849999999999994,697,False,166
985,69.10000000000001,810,False,318
986,20.250000000000004,273,False,56
987,97.5,1134,False,593
988,15.999999999999996,243,False,64
989,24.200000000000006,304,False,51
990,74.25,833,False,187
991,99.35,1149,False,509
992,53.4,846,False,1259
993,17.9,254,False,75
994,121.05000000000001,1409,False,747
995,101.25000000000001,1128,False,286
996,22.2,288,False,55
997,98.05,1133,False,515
998,21.45,287,False,49
999,23.4,303,False,40
1000,62.850000000000016,708,False,169
1001,22.15,295,False,42
1002,125.30000000000001,1399,False,547
1003,123.6,1413,False,553
1004,22.700000000000003,303,False,51
1005,58.6,660,False,143
1006,92.29999999999998,1136,False,763
1007,114.64999999999999,1404,False,1016
1008,20.75,279,False,64
1009,80.60000000000001,896,False,176
1010,19.1,264,False,57
1011,117.74999999999997,1410,False,953
1012,19.549999999999997,270,False,53
1013,60.0,832,False,911
1014,73.85000000000001,833,False,209
1015,25.5,721,False,2005
1016,23.65,303,False,38
1017,22.4,284,False,44
1018,179.24999999999997,1940,False,522
1019,61.45,722,False,180
1020,61.15,694,False,139
1021,24.45,312,False,36
1022,80.65,1138,False,1439
1023,60.59999999999999,722,False,259
1024,21.95,287,False,42
1025,22.299999999999997,288,False,43
1026,80.25,887,False,164
1027,60.3,686,False,126
1028,63.90000000000001,721,False,165
1029,58.7,679,False,155
1030,62.60000000000001,720,False,195
1031,60.94999999999999,721,False,324
1032,23.6,310,False,38
1033,20.4,272,False,61
1034,22.799999999999997,291,False,53
1035,62.05,717,False,229
1036,75.60000000000001,896,False,475
1037,25.749999999999996,720,False,2005
1038,21.599999999999998,293,False,52
1039,22.8,288,False,46
1040,62.05,722,False,224
1041,70.6,828,False,329
1042,67.85,835,False,539
1043,62.95000000000001,722,False,154
1044,62.050000000000004,722,False,222
1045,82.75,1123,False,1244
1046,23.550000000000004,307,False,41
1047,102.39999999999999,1123,False,274
1048,22.6,297,False,45
1049,23.400000000000006,307,False,56
1050,64.05000000000001,713,False,155
1051,18.35,263,False,51
1052,71.75,806,False,198
1053,22.55,295,False,52
1054,21.700000000000003,286,False,43
1055,78.10000000000001,897,False,363
1056,73.55,898,False,529
1057,122.80000000000001,1493,False,1072
1058,22.75,303,False,33
1059,63.300000000000004,722,False,172
1060,20.3,264,False,54
1061,91.14999999999998,1122,False,796
1062,22.35,299,False,57
1063,67.7,832,False,524
1064,20.400000000000002,269,False,49
1065,23.2,300,False,39
1066,63.8,719,False,158
1067,24.600000000000005,312,False,41
1068,67.7,822,False,466
1069,21.6,292,False,47
1070,24.7,312,False,37
1071,23.7,297,False,47
1072,68.29999999999998,898,False,805
1073,59.449999999999996,896,False,1272
1074,61.650000000000006,704,False,112
1075,24.499999999999996,310,False,36
1076,75.8,870,False,274
1077,58.29999999999999,673,False,139
1078,61.95,709,False,178
1079,24.550000000000004,313,False,40
1080,69.57499999999999,890,False,870
1081,100.175,1138,False,317
1082,62.25,722,False,161
1083,101.19999999999999,1151,False,483
1084,76.54999999999998,1130,False,1557
1085,21.85,296,False,42
1086,23.0,293,False,44
1087,23.7,305,False,38
1088,21.699999999999996,278,False,49
1089,22.999999999999996,296,False,43
1090,63.400000000000006,799,False,544
1091,61.900000000000006,717,False,218
1092,58.79999999999999,686,False,190
1093,94.05,1125,False,732
1094,86.60000000000001,1126,False,976
1095,23.65,307,False,29
1096,23.099999999999998,293,False,53
1097,64.55,837,False,658
1098,62.5,722,False,236
1099,23.95,308,False,43
1100,60.79999999999999,688,False,119
1101,82.05000000000001,1125,False,1284
1102,66.5,803,False,409
1103,22.95,304,False,35
1104,23.899999999999995,299,False,35
1105,24.099999999999998,310,False,34
1106,127.4,1424,False,521
1107,20.5,281,False,47
1108,95.0,1122,False,638
1109,21.599999999999998,293,False,54
1110,81.85000000000001,1132,False,1324
1111,91.6,1129,False,792
1112,78.64999999999999,898,False,271
1113,24.000000000000004,304,False,35
1114,22.499999999999996,290,False,47
1115,58.60000000000001,678,False,178
1116,22.0,292,False,45
1117,69.55000000000001,835,False,422
1118,73.0,897,False,590
1119,87.55000000000001,1126,False,1018
1120,115.1,1411,False,1027
1121,21.399999999999995,294,False,45
1122,23.3,298,False,44
1123,68.2,898,False,833
1124,63.25,722,False,189
1125,106.30000000000001,1420,False,1554
1126,69.75,850,False,439
1127,21.7,289,False,49
1128,68.7,825,False,409
1129,60.4,690,False,116
1130,22.0,285,False,44
1131,60.0,679,False,107
1132,67.35,811,False,442
1133,98.65,1122,False,424
1134,127.25000000000001,1432,False,678
1135,56.7,689,False,178
1136,67.30000000000001,850,False,575
1137,60.449999999999996,710,False,241
1138,24.100000000000005,305,False,38
1139,78.0,1129,False,1519
1140,96.94999999999999,1122,False,483
1141,126.35000000000001,1411,False,477
1142,131.14999999999998,1424,False,236
1143,63.45,711,False,108
1144,24.299999999999997,313,False,38
1145,58.25,679,False,206
1146,59.69999999999999,675,False,135
1147,23.349999999999998,308,False,47
1148,61.39999999999999,688,False,114
1149,22.8,296,False,39
1150,60.5,683,False,106
1151,45.95000000000001,897,False,2005
1152,21.650000000000002,294,False,41
1153,20.5,276,False,54
1154,24.2,301,False,40
1155,72.55,819,False,220
1156,21.15,287,False,56
1157,63.10000000000001,708,False,76
1158,98.2,1127,False,547
1159,60.25000000000001,695,False,93
1160,99.99999999999999,1138,False,433
1161,56.25,672,False,239
1162,24.099999999999998,305,False,37
1163,76.09999999999998,852,False,203
1164,20.499999999999996,272,False,53
1165,62.75,716,False,159
1166,26.699999999999974,722,False,2005
1167,25.250000000000004,313,False,33
1168,131.6,1434,False,354
1169,20.499999999999993,284,False,70
1170,58.05,662,False,110
1171,99.45000000000003,1152,False,537
1172,20.2,272,False,48
1173,21.8,283,False,47
1174,130.5,1416,False,300
1175,20.7,278,False,56
1176,61.75,709,False,172
1177,159.34999999999997,1791,False,762
1178,63.55,797,False,490
1179,59.94999999999999,682,False,121
1180,63.400000000000006,722,False,169
1181,60.8,687,False,85
1182,59.95,680,False,157
1183,74.75,867,False,521
1184,75.50000000000001,892,False,240
1185,23.100000000000005,298,False,46
1186,118.60000000000002,1421,False,938
1187,21.299999999999997,293,False,44
1188,23.599999999999998,300,False,39
1189,71.7,847,False,392
1190,68.89999999999999,819,False,395
1191,59.35,722,False,331
1192,57.900000000000006,664,False,142
1193,76.89999999999999,894,False,376
1194,78.85000000000001,898,False,264
1195,22.9,298,False,43
1196,58.449999999999996,807,False,866
1197,60.5,690,False,115
1198,72.0,868,False,650
1199,58.55000000000001,713,False,203
1200,62.94999999999999,722,False,228
1201,87.40000000000002,1150,False,1093
1202,74.75,1126,False,1652
1203,56.94999999999999,668,False,147
1204,63.150000000000006,721,False,161
1205,22.799999999999997,293,False,45
1206,60.75000000000001,690,False,167
1207,59.849999999999994,690,False,136
1208,77.29999999999998,897,False,371
1209,62.650000000000006,714,False,152
1210,22.15,285,False,48
1211,24.3,307,False,36
1212,19.4,261,False,56
1213,21.2,283,False,49
1214,59.9,687,False,160
1215,76.85,898,False,410
1216,63.24999999999999,721,False,161
1217,86.95000000000002,1210,False,1443
1218,74.05,837,False,188
1219,59.5,828,False,934
1220,18.8,263,False,50
1221,122.50000000000001,1432,False,822
1222,21.4,295,False,45
1223,57.400000000000006,685,False,245
1224,23.4,300,False,48
1225,57.75000000000001,673,False,208
1226,60.349999999999994,681,False,116
1227,60.0,687,False,126
1228,21.0,278,False,58
1229,45.099999999999994,898,False,1989
1230,88.44999999999999,1138,False,1021
1231,22.05,294,False,47
1232,71.6,862,False,472
1233,19.599999999999998,272,False,54
1234,76.15,898,False,421
1235,81.75000000000004,1138,False,1360
1236,22.9,310,False,67
1237,64.95,799,False,477
1238,22.65,294,False,47
1239,22.9,294,False,41
1240,61.0,695,False,153
1241,22.9,294,False,44
1242,109.10000000000002,1424,False,1427
1243,61.550000000000004,699,False,92
1244,23.450000000000003,301,False,47
1245,64.1,722,False,159
1246,57.95,701,False,315
1247,84.10000000000001,1139,False,1234
1248,61.15,692,False,113
1249,24.0,308,False,38
1250,58.00000000000001,668,False,181
1251,58.550000000000004,667,False,113
1252,121.10000000000002,1426,False,845
1253,19.85,275,False,61
1254,21.5,282,False,51
1255,23.799999999999997,305,False,48
1256,19.1,264,False,57
1257,65.75000000000001,827,False,605
1258,23.35,305,False,37
1259,24.299999999999997,311,False,54
1260,58.150000000000006,668,False,185
1261,44.80000000000001,898,False,2005
1262,75.75,852,False,155
1263,21.9,289,False,49
1264,122.50000000000001,1427,False,800
1265,133.0,1431,False,250
1266,21.1,297,False,44
1267,21.4,281,False,53
1268,22.999999999999996,290,False,43
1269,24.2,307,False,42
1270,62.6,722,False,205
1271,24.8,312,False,34
1272,69.95,830,False,362
1273,24.75,307,False,35
1274,74.8,898,False,505
1275,19.799999999999997,275,False,57
1276,20.900000000000002,280,False,67
1277,61.400000000000006,689,False,93
1278,62.849999999999994,867,False,926
1279,70.5,810,False,243
1280,79.20000000000002,1139,False,1479
1281,62.8,722,False,197
1282,61.849999999999994,828,False,751
1283,58.400000000000006,698,False,267
1284,90.30000000000001,1133,False,916
1285,100.39999999999998,1133,False,369
1286,56.9,662,False,135
1287,103.45,1152,False,387
1288,78.25000000000001,1121,False,1434
1289,58.599999999999994,687,False,148
1290,58.55,675,False,147
1291,79.1,894,False,273
1292,69.10000000000001,828,False,424
1293,56.64999999999999,659,False,117
1294,110.35,1400,False,1288
1295,51.24999999999999,793,False,1032
1296,63.900000000000006,710,False,97
1297,96.24999999999999,1125,False,550
1298,58.749999999999986,671,False,122
1299,24.199999999999996,314,False,47
1300,59.45,686,False,189
1301,61.6,694,False,114
1302,24.75,312,False,53
1303,59.400000000000006,685,False,178
1304,70.44999999999999,1125,False,1839
1305,58.55,678,False,142
1306,63.8,722,False,149
1307,66.89999999999999,838,False,591
1308,62.99999999999999,703,False,108
1309,56.69999999999999,663,False,179
1310,80.3,898,False,201
1311,64.89999999999999,827,False,611
1312,74.4,838,False,189
1313,122.3,1407,False,802
1314,19.799999999999997,294,False,42
1315,56.699999999999996,833,False,1050
1316,44.85000000000001,896,False,2005
1317,101.75,1149,False,333
1318,64.00000000000001,809,False,568
1319,59.55,681,False,134
1320,122.45,1426,False,735
1321,70.4,859,False,493
1322,62.699999999999996,721,False,175
1323,101.5,1127,False,426
1324,77.60000000000001,898,False,391
1325,64.74999999999999,881,False,806
1326,84.10000000000001,1126,False,1152
1327,57.849999999999994,663,False,102
1328,62.849999999999994,898,False,1087
1329,59.150000000000006,700,False,245
1330,21.7,284,False,55
1331,20.799999999999997,281,False,62
1332,56.94999999999999,667,False,220
1333,75.39999999999998,897,False,475
1334,55.80000000000001,834,False,1100
1335,86.6,1149,False,1105
1336,62.1,721,False,226
1337,108.35000000000002,1417,False,1442
1338,121.8,1410,False,627
1339,24.7,309,False,33
1340,95.35,1132,False,621
1341,85.04999999999998,1154,False,1266
1342,21.999999999999996,294,False,45
1343,24.3,308,False,36
1344,103.45000000000002,1127,False,254
1345,67.20000000000002,792,False,244
1346,71.55000000000001,840,False,378
1347,123.85,1437,False,693
1348,22.550000000000004,294,False,46
1349,63.65,722,False,168
1350,114.25,1428,False,1182
1351,21.399999999999995,297,False,60
1352,66.25,862,False,728
1353,71.3,805,False,205
1354,56.599999999999994,672,False,221
1355,19.15,263,False,57
1356,63.45,722,False,179
1357,130.75,1413,False,405
1358,76.2,898,False,309
1359,21.799999999999997,293,False,44
1360,61.75,698,False,132
1361,58.45,691,False,236
1362,63.34999999999999,866,False,895
1363,77.5,860,False,147
1364,81.55,897,False,171
1365,107.45,1219,False,412
1366,24.65,308,False,40
1367,61.19999999999999,708,False,179
1368,57.5,665,False,199
1369,86.09999999999998,1129,False,1083
1370,66.45,813,False,427
1371,62.749999999999986,703,False,102
1372,61.49999999999999,695,False,97
1373,122.1,1431,False,838
1374,21.8,293,False,49
1375,21.900000000000002,288,False,44
1376,57.64999999999999,665,False,221
1377,57.4,698,False,288
1378,108.95000000000002,1504,False,1876
1379,73.3,1139,False,1750
1380,42.99999999999999,896,False,2005
1381,75.3,870,False,296
1382,83.64999999999999,1126,False,1213
1383,23.349999999999998,310,False,35
1384,54.85,817,False,1047
1385,78.1,897,False,307
1386,60.25,692,False,152
1387,61.2,687,False,97
1388,48.000000000000014,829,False,1494
1389,100.14999999999999,1122,False,389
1390,20.15,281,False,52
1391,23.0,296,False,41
1392,70.55000000000001,793,False,199
1393,92.75000000000003,1127,False,735
1394,118.39999999999999,1435,False,941
1395,22.9,296,False,35
1396,24.199999999999996,311,False,38
1397,130.15,1435,False,467
1398,43.79999999999998,898,False,2005
1399,62.1,721,False,201
1400,61.650000000000006,718,False,199
1401,23.4,300,False,42
1402,23.6,300,False,37
1403,60.60000000000001,712,False,286
1404,62.05,722,False,222
1405,22.55,288,False,46
1406,58.3,664,False,124
1407,20.2,269,False,54
1408,57.6,665,False,138
1409,27.299999999999997,723,False,2005
1410,87.15000000000002,1125,False,1058
1411,106.0,1212,False,429
1412,103.45000000000002,1411,False,1639
1413,23.2,312,False,38
1414,22.799999999999997,290,False,46
1415,23.400000000000006,302,False,37
1416,88.4,1123,False,969
1417,60.75000000000001,691,False,99
1418,24.35,306,False,40
1419,73.65,897,False,570
1420,22.15,298,False,59
1421,58.65000000000001,826,False,920
1422,23.450000000000003,303,False,41
1423,62.550000000000004,722,False,198
1424,78.7,898,False,281
1425,116.04999999999998,1418,False,1042
1426,22.8,305,False,52
1427,62.0,702,False,128
1428,55.9,663,False,239
1429,119.95,1433,False,919
1430,77.10000000000001,1145,False,1612
1431,103.85,1218,False,637
1432,77.25,896,False,335
1433,24.050000000000004,312,False,35
1434,22.699999999999996,299,False,50
1435,62.54999999999998,898,False,1125
1436,18.55,261,False,56
1437,25.3,313,False,37
1438,60.2,687,False,145
1439,81.55,1136,False,1360
1440,62.89999999999999,722,False,169
1441,98.94999999999999,1138,False,479
1442,122.35,1419,False,686
1443,131.5,1528,False,836
1444,21.849999999999998,298,False,49
1445,77.9,898,False,321
1446,231.3,2464,False,633
1447,59.95,722,False,179
1448,63.300000000000004,706,False,106
1449,75.54999999999998,897,False,449
1450,21.500000000000004,292,False,58
1451,25.000000000000004,313,False,30
1452,78.30000000000001,898,False,328
1453,66.40000000000002,898,False,924
1454,59.75,683,False,126
1455,51.35000000000001,893,False,1638
1456,20.700000000000003,287,False,68
1457,60.65,685,False,151
1458,21.15,283,False,45
1459,60.04999999999999,692,False,188
1460,88.1,1129,False,1009
1461,22.95,302,False,45
1462,64.05,722,False,149
1463,19.449999999999996,271,False,57
1464,24.099999999999998,301,False,47
1465,72.29999999999998,1123,False,1767
1466,66.1,877,False,761
1467,71.55,803,False,169
1468,97.4,1425,False,1994
1469,21.15,290,False,47
1470,64.60000000000001,722,False,107
1471,23.1,298,False,51
1472,25.000000000000007,310,False,37
1473,58.05,807,False,866
1474,73.15,886,False,507
1475,20.400000000000006,281,False,60
