0,21.200000000000003,273,False,52
1,23.4,298,False,44
2,63.69999999999999,898,False,1031
3,24.000000000000004,303,False,38
4,79.79999999999998,894,False,212
5,61.05,693,False,118
6,105.2,1221,False,636
7,20.250000000000004,281,False,47
8,88.85000000000002,1138,False,1026
9,120.50000000000001,1407,False,706
10,109.85000000000001,1408,False,1239
11,55.699999999999996,650,False,188
12,59.099999999999994,677,False,124
13,23.6,296,False,44
14,58.15,686,False,255
15,59.3,678,False,119
16,73.65,820,False,149
17,69.74999999999999,836,False,427
18,20.95,278,False,54
19,99.7,1125,False,510
20,56.050000000000004,666,False,110
21,59.800000000000004,697,False,214
22,21.750000000000004,283,False,58
23,23.7,306,False,33
24,58.599999999999994,679,False,184
25,23.1,294,False,53
26,80.50000000000001,898,False,194
27,125.69999999999999,1415,False,564
28,59.39999999999999,695,False,144
29,20.2,269,False,55
30,62.5,700,False,114
31,68.85,898,False,760
32,71.5,838,False,359
33,60.699999999999996,698,False,178
34,93.19999999999997,1153,False,868
35,62.3,846,False,778
36,64.25,720,False,109
37,66.8,804,False,397
38,61.50000000000001,693,False,106
39,21.499999999999996,285,False,45
40,78.35,898,False,336
41,94.90000000000002,1125,False,627
42,58.55,691,False,206
43,24.299999999999997,308,False,45
44,61.39999999999999,704,False,166
45,60.0,680,False,93
46,97.95,1121,False,474
47,67.45,856,False,611
48,23.2,302,False,40
49,22.700000000000003,293,False,47
50,18.5,254,False,67
51,61.2,688,False,121
52,95.45000000000002,1137,False,648
53,62.6,701,False,119
54,70.45000000000002,819,False,281
55,18.4,262,False,56
56,177.1,1943,False,701
57,127.05,1399,False,476
58,19.15,294,False,43
59,117.74999999999997,1433,False,1029
60,63.00000000000001,721,False,160
61,22.25,295,False,42
62,23.5,294,False,43
63,62.900000000000006,721,False,163
64,23.4,300,False,48
65,24.799999999999997,314,False,42
66,78.35000000000001,898,False,311
67,23.550000000000004,306,False,53
68,21.1,272,False,50
69,68.85000000000001,797,False,248
70,76.69999999999999,883,False,330
71,71.85,826,False,376
72,21.800000000000004,301,False,38
73,78.89999999999998,898,False,297
74,60.25000000000001,691,False,155
75,58.60000000000001,671,False,118
76,64.64999999999999,897,False,1019
77,117.95000000000002,1420,False,931
78,129.6,1434,False,404
79,21.650000000000006,290,False,46
80,61.699999999999996,722,False,228
81,138.9,1522,False,459
82,58.55,684,False,144
83,59.800000000000004,679,False,154
84,20.349999999999998,280,False,55
85,62.0,722,False,236
86,71.35000000000001,824,False,314
87,52.70000000000001,823,False,1166
88,91.7,1133,False,828
89,22.25,296,False,47
90,62.099999999999994,692,False,101
91,21.100000000000005,282,False,47
92,22.200000000000006,290,False,55
93,20.8,270,False,59
94,22.7,298,False,45
95,60.599999999999994,699,False,184
96,58.800000000000004,674,False,172
97,63.400000000000006,722,False,144
98,62.150000000000006,694,False,95
99,24.949999999999996,311,False,36
100,59.15,684,False,169
101,20.75,277,False,53
102,80.09999999999998,898,False,235
103,98.05000000000001,1128,False,519
104,21.349999999999998,291,False,44
105,21.1,283,False,50
106,22.6,293,False,53
107,116.95,1437,False,1088
108,59.5,672,False,129
109,62.45000000000001,722,False,152
110,90.70000000000002,1126,False,861
111,58.9,682,False,129
112,60.650000000000006,684,False,164
113,23.849999999999994,308,False,31
114,22.500000000000004,291,False,46
115,19.399999999999995,266,False,56
116,22.799999999999997,294,False,46
117,102.30000000000001,1141,False,389
118,59.85,680,False,110
119,57.349999999999994,658,False,138
120,59.8,688,False,119
121,56.60000000000001,658,False,203
122,63.3,722,False,175
123,60.5,699,False,193
124,24.6,313,False,50
125,62.65,720,False,181
126,22.849999999999998,295,False,51
127,56.3,815,False,1025
128,21.299999999999997,284,False,49
129,21.6,285,False,60
130,59.29999999999998,878,False,1165
131,74.35,843,False,181
132,75.7,850,False,210
133,95.14999999999999,1149,False,738
134,89.94999999999999,1136,False,916
135,58.85,721,False,301
136,23.9,305,False,44
137,59.89999999999999,678,False,110
138,61.0,689,False,133
139,73.35000000000001,896,False,529
140,60.70000000000001,679,False,98
141,62.8,706,False,105
142,60.150000000000006,708,False,211
143,58.95,680,False,184
144,116.05000000000003,1490,False,1388
145,22.799999999999997,293,False,44
146,131.0,1411,False,279
147,95.24999999999999,1122,False,563
148,62.550000000000004,722,False,148
149,77.79999999999998,1137,False,1563
150,22.0,295,False,42
151,127.65000000000002,1423,False,534
152,58.7,679,False,104
153,112.85,1437,False,1294
154,21.9,294,False,40
155,24.700000000000003,312,False,42
156,72.1,898,False,686
157,62.25,722,False,163
158,23.55,298,False,41
159,68.80000000000001,816,False,359
160,97.10000000000001,1119,False,475
161,22.4,297,False,55
162,90.54999999999998,1120,False,869
163,19.35,275,False,61
164,63.10000000000001,705,False,89
165,22.900000000000002,293,False,44
166,76.75,898,False,416
167,22.45,298,False,48
168,90.8,1122,False,848
169,70.25,828,False,331
170,70.95,813,False,247
171,130.25,1427,False,323
172,18.849999999999998,262,False,58
173,25.000000000000004,311,False,42
174,93.84999999999998,1138,False,752
175,95.6,1134,False,608
176,61.850000000000016,701,False,115
177,61.94999999999999,722,False,229
178,128.35000000000002,1421,False,417
179,20.299999999999997,275,False,54
180,75.75,882,False,387
181,69.7,815,False,284
182,67.9,861,False,601
183,23.75,299,False,40
184,56.7,658,False,147
185,79.24999999999999,898,False,317
186,62.400000000000006,720,False,156
187,20.95,273,False,54
188,57.45000000000002,858,False,1125
189,24.15,306,False,55
190,63.800000000000004,722,False,172
191,100.75,1129,False,291
192,120.54999999999997,1414,False,829
193,122.65,1425,False,693
194,86.6,1137,False,1073
195,67.75000000000001,898,False,817
196,23.299999999999997,308,False,42
197,124.30000000000001,1433,False,690
198,71.94999999999999,825,False,232
199,23.35,297,False,48
200,62.55000000000001,697,False,93
201,66.35000000000001,832,False,551
202,20.4,276,False,57
203,76.2,898,False,430
204,99.45,1127,False,535
205,21.449999999999996,310,False,37
206,20.400000000000002,266,False,57
207,102.89999999999999,1129,False,217
208,89.00000000000001,1241,False,1492
209,179.85,2226,False,2005
210,84.70000000000002,1123,False,983
211,22.95,301,False,38
212,18.2,256,False,61
213,73.19999999999999,898,False,585
214,19.8,271,False,62
215,69.75000000000001,823,False,381
216,23.15,303,False,39
217,19.099999999999994,263,False,74
218,60.3,678,False,122
219,130.60000000000002,1421,False,314
220,81.14999999999998,896,False,161
221,125.30000000000001,1426,False,601
222,62.050000000000004,722,False,175
223,78.29999999999998,898,False,303
224,63.50000000000001,705,False,86
225,21.0,287,False,50
226,61.00000000000001,683,False,102
227,21.1,282,False,47
228,68.25,786,False,253
229,22.75,290,False,50
230,58.050000000000004,677,False,188
231,96.5,1138,False,637
232,115.55,1438,False,1136
233,20.5,283,False,51
234,78.6,898,False,310
235,71.6,898,False,612
236,128.45,1413,False,424
237,20.85,292,False,49
238,136.75000000000003,1523,False,528
239,130.95000000000002,1521,False,806
240,22.9,308,False,37
241,23.300000000000004,299,False,44
242,25.000000000000004,313,False,32
243,57.75000000000001,668,False,190
244,83.44999999999999,1119,False,1212
245,60.5,699,False,131
246,23.599999999999998,303,False,33
247,21.4,275,False,49
248,62.45,708,False,121
249,97.55000000000001,1124,False,532
250,164.2,1939,False,1246
251,20.500000000000004,292,False,59
252,95.1,1122,False,609
253,79.55,898,False,202
254,119.49999999999997,1437,False,973
255,68.75,898,False,767
256,70.7,814,False,200
257,63.400000000000006,721,False,162
258,62.300000000000004,697,False,109
259,72.5,879,False,495
260,129.4,1426,False,400
261,86.75,1128,False,986
262,23.349999999999998,296,False,44
263,24.0,304,False,35
264,23.2,299,False,45
265,21.299999999999997,280,False,59
266,60.400000000000006,686,False,105
267,59.7,679,False,125
268,97.20000000000002,1222,False,991
269,61.800000000000004,721,False,224
270,20.4,270,False,54
271,138.20000000000005,1517,False,446
272,81.1,1124,False,1292
273,56.7,665,False,159
274,24.2,307,False,41
275,69.85,819,False,381
276,21.85,291,False,48
277,75.24999999999997,1133,False,1663
278,23.250000000000004,305,False,36
279,23.8,307,False,43
280,72.74999999999999,850,False,367
281,24.05,311,False,31
282,76.5,845,False,144
283,53.34999999999999,890,False,1523
284,150.2,1670,False,584
285,22.95,309,False,52
286,24.6,309,False,31
287,63.000000000000014,722,False,190
288,23.4,298,False,38
289,62.24999999999999,701,False,124
290,76.9,1130,False,1553
291,80.25,1257,False,2005
292,60.35000000000001,702,False,169
293,73.15000000000002,895,False,560
294,21.700000000000003,288,False,46
295,64.0,722,False,165
296,69.9,787,False,162
297,71.6,831,False,292
298,91.04999999999998,1123,False,827
299,23.25,309,False,36
300,22.6,291,False,42
301,61.65,898,False,1147
302,62.400000000000006,696,False,97
303,70.74999999999999,898,False,666
304,62.60000000000001,702,False,98
305,23.0,300,False,41
306,62.4,707,False,151
307,117.65,1428,False,982
308,74.90000000000002,860,False,270
309,63.500000000000014,835,False,688
310,102.39999999999999,1238,False,885
311,98.6,1126,False,346
312,120.05000000000001,1407,False,761
313,23.0,302,False,55
314,80.0,890,False,188
315,60.25,696,False,154
316,22.549999999999997,288,False,45
317,72.04999999999998,898,False,628
318,114.7,1243,False,199
319,100.89999999999998,1122,False,345
320,182.85000000000002,1956,False,312
321,22.2,293,False,49
322,60.75,684,False,81
323,60.099999999999994,683,False,150
324,60.599999999999994,705,False,184
325,22.75,295,False,42
326,23.4,299,False,45
327,59.75,681,False,144
328,93.0,1221,False,1231
329,59.1,679,False,110
330,23.050000000000004,298,False,41
331,62.4,703,False,110
332,62.449999999999996,719,False,212
333,78.3,889,False,309
334,57.55000000000001,666,False,105
335,62.39999999999999,699,False,93
336,63.5,722,False,163
337,78.6,885,False,241
338,92.05,1136,False,832
339,115.04999999999997,1433,False,1115
340,69.2,815,False,337
341,69.75,864,False,549
342,64.64999999999999,823,False,619
343,22.1,294,False,36
344,172.45000000000002,2019,False,1297
345,77.39999999999999,897,False,294
346,124.84999999999998,1435,False,635
347,23.0,304,False,35
348,22.2,287,False,42
349,64.3,722,False,146
350,59.25,677,False,150
351,80.45000000000002,898,False,159
352,59.2,670,False,110
353,60.1,681,False,116
354,61.5,706,False,173
355,25.200000000000003,311,False,34
356,62.349999999999994,698,False,105
357,75.05000000000001,852,False,211
358,61.800000000000004,712,False,157
359,23.9,305,False,45
360,51.650000000000006,884,False,1568
361,132.25,1408,False,183
362,59.900000000000006,703,False,249
363,61.35,720,False,228
364,23.750000000000004,305,False,38
365,60.650000000000006,685,False,122
366,58.24999999999999,687,False,252
367,22.900000000000002,299,False,43
368,87.7,1129,False,1035
369,61.300000000000004,702,False,114
370,60.0,686,False,141
371,98.5,1138,False,537
372,22.2,295,False,53
373,95.74999999999999,1131,False,604
374,83.94999999999999,1132,False,1219
375,79.95000000000002,898,False,207
376,56.9,659,False,118
377,22.550000000000004,292,False,45
378,108.10000000000002,1199,False,389
379,58.050000000000004,681,False,184
380,61.6,698,False,128
381,60.1,676,False,64
382,67.75,851,False,597
383,92.24999999999999,1134,False,793
384,62.50000000000001,718,False,174
385,119.25,1395,False,798
386,21.599999999999998,293,False,52
387,89.49999999999999,1117,False,861
388,18.599999999999998,257,False,56
389,129.85,1432,False,395
390,130.85,1507,False,721
391,128.35,1409,False,411
392,57.95,702,False,220
393,99.19999999999999,1124,False,463
394,19.0,272,False,52
395,124.64999999999998,1414,False,619
396,22.65,303,False,37
397,62.750000000000014,699,False,114
398,99.64999999999999,1122,False,344
399,62.70000000000001,719,False,160
400,23.599999999999998,295,False,45
401,76.55000000000001,898,False,400
402,24.55,313,False,36
403,56.550000000000004,658,False,173
404,62.400000000000006,722,False,240
405,103.5,1138,False,257
406,58.3,688,False,190
407,23.249999999999996,299,False,56
408,67.35000000000001,805,False,386
409,60.199999999999996,677,False,65
410,128.35000000000002,1429,False,501
411,18.000000000000004,261,False,55
412,58.7,850,False,1057
413,24.2,306,False,37
414,24.3,312,False,32
415,78.05,1131,False,1512
416,116.7,1417,False,965
417,24.65,312,False,34
418,58.8,667,False,113
419,69.79999999999998,839,False,455
420,77.14999999999999,898,False,375
421,21.349999999999998,285,False,40
422,71.49999999999999,886,False,605
423,21.900000000000006,291,False,51
424,67.2,839,False,528
425,80.8,886,False,166
426,102.64999999999999,1137,False,233
427,18.949999999999996,259,False,57
428,23.899999999999995,303,False,37
429,102.39999999999999,1138,False,315
430,60.95,684,False,84
431,62.050000000000004,700,False,102
432,73.75,893,False,546
433,89.6,1133,False,928
434,56.650000000000006,671,False,177
435,57.650000000000006,681,False,249
436,125.35000000000002,1429,False,653
437,75.55000000000001,892,False,374
438,58.8,685,False,187
439,81.05,898,False,179
440,22.0,290,False,41
441,23.299999999999997,298,False,43
442,95.44999999999999,1138,False,673
443,100.0,1139,False,440
444,56.79999999999999,822,False,966
445,59.25,681,False,116
446,63.1,721,False,180
447,68.94999999999999,833,False,476
448,22.95,299,False,35
449,125.69999999999997,1419,False,577
450,99.95,1215,False,815
451,89.80000000000001,1128,False,872
452,78.45,898,False,260
453,23.8,308,False,36
454,63.3,709,False,104
455,71.25,844,False,383
456,24.35,310,False,35
457,22.39999999999999,290,False,73
458,61.199999999999996,722,False,254
459,69.4,790,False,249
460,132.25,1423,False,204
461,59.65,695,False,172
462,126.55,1408,False,524
463,55.7,677,False,262
464,20.55,281,False,60
465,58.599999999999994,690,False,262
466,24.200000000000003,309,False,54
467,94.69999999999999,1214,False,1111
468,21.7,297,False,41
469,24.5,309,False,37
470,79.14999999999999,885,False,205
471,23.750000000000004,305,False,38
472,62.999999999999986,896,False,1109
473,79.69999999999999,897,False,208
474,57.900000000000006,850,False,1096
475,62.65,708,False,112
476,23.450000000000003,302,False,40
477,122.15,1414,False,695
478,63.55,722,False,149
479,96.85,1122,False,533
480,75.34999999999998,1123,False,1565
481,22.900000000000002,303,False,39
482,64.05,722,False,173
483,59.00000000000001,697,False,259
484,78.3,885,False,239
485,97.45,1123,False,451
486,70.15,825,False,325
487,73.35,893,False,539
488,22.299999999999997,295,False,48
489,23.999999999999996,299,False,39
490,133.4,1520,False,667
491,22.2,296,False,40
492,61.599999999999994,708,False,180
493,96.85,1125,False,546
494,22.049999999999997,294,False,48
495,63.64999999999999,711,False,105
496,61.550000000000004,691,False,106
497,108.30000000000001,1219,False,411
498,103.1,1133,False,306
499,59.7,696,False,117
500,59.2,672,False,115
501,98.14999999999999,1113,False,449
502,91.19999999999997,1150,False,879
503,76.65,863,False,187
504,71.45,813,False,190
505,127.2,1524,False,998
506,73.5,898,False,568
507,22.25,300,False,41
508,56.75000000000001,649,False,135
509,21.15,280,False,49
510,24.099999999999998,306,False,38
511,55.85,656,False,218
512,23.549999999999997,299,False,40
513,22.1,295,False,61
514,66.99999999999999,817,False,478
515,57.15,690,False,295
516,74.2,845,False,265
517,18.45,262,False,75
518,24.4,304,False,36
519,62.8,705,False,107
520,23.1,302,False,46
521,71.75000000000001,898,False,666
522,61.7,898,False,1155
523,72.69999999999999,821,False,166
524,122.55000000000001,1412,False,671
525,58.25,667,False,106
526,67.25,803,False,385
527,20.799999999999997,279,False,53
528,61.849999999999994,717,False,232
529,23.25,294,False,39
530,74.25,898,False,542
531,23.749999999999996,308,False,31
532,73.15,898,False,573
533,22.949999999999996,298,False,42
534,78.35000000000001,876,False,199
535,92.05000000000001,1128,False,796
536,19.4,275,False,48
537,23.7,300,False,38
538,61.10000000000001,681,False,93
539,63.5,709,False,84
540,72.35000000000001,1121,False,1754
541,131.8,1422,False,263
542,71.14999999999999,898,False,599
543,23.9,304,False,40
544,62.800000000000004,722,False,172
545,67.65,794,False,342
546,73.0,897,False,569
547,23.75,307,False,47
548,63.25,721,False,157
549,112.64999999999999,1234,False,317
550,21.299999999999997,294,False,45
551,25.400000000000002,313,False,33
552,77.10000000000001,898,False,365
553,81.35,1135,False,1363
554,125.00000000000003,1433,False,652
555,97.35000000000001,1150,False,556
556,59.90000000000001,683,False,95
557,72.95000000000002,893,False,560
558,62.49999999999999,722,False,235
559,24.150000000000002,313,False,30
560,102.55,1138,False,344
561,69.35000000000001,1135,False,1939
562,17.599999999999998,258,False,59
563,57.8,661,False,134
564,102.15,1132,False,330
565,19.55,273,False,51
566,140.9,1510,False,278
567,60.65,722,False,293
568,21.549999999999997,289,False,48
569,97.4,1152,False,680
570,97.9,1129,False,440
571,59.949999999999996,700,False,185
572,138.95,1646,False,1020
573,102.35,1124,False,268
574,123.79999999999998,1407,False,568
575,71.65,834,False,268
576,59.35,679,False,130
577,22.249999999999996,288,False,43
578,62.84999999999999,722,False,235
579,58.85,671,False,117
580,23.799999999999997,303,False,42
581,72.80000000000001,898,False,578
582,63.45,722,False,155
583,63.550000000000004,722,False,195
584,23.5,311,False,48
585,101.85000000000001,1121,False,253
586,60.65,684,False,99
587,93.25,1138,False,783
588,22.249999999999996,295,False,44
589,62.5,701,False,98
590,102.25,1130,False,344
591,23.050000000000004,312,False,30
592,23.6,301,False,40
593,24.3,301,False,35
594,74.95,898,False,482
595,119.5,1423,False,901
596,61.64999999999999,722,False,168
597,58.55,685,False,228
598,99.6,1120,False,346
599,78.1,896,False,300
600,23.35,302,False,42
601,24.400000000000002,302,False,37
602,22.599999999999994,293,False,50
603,24.2,308,False,42
604,131.8,1425,False,221
605,58.29999999999999,675,False,176
606,77.35000000000001,853,False,152
607,22.65,294,False,42
608,61.699999999999996,699,False,107
609,102.95,1122,False,230
610,57.75,673,False,192
611,23.799999999999997,304,False,42
612,63.04999999999999,708,False,116
613,74.05,859,False,324
614,95.30000000000001,1123,False,598
615,74.4,865,False,272
616,93.8,1134,False,698
617,60.300000000000004,689,False,154
618,125.24999999999997,1427,False,651
619,73.3,842,False,195
620,24.75,315,False,35
621,61.050000000000004,813,False,769
622,63.0,722,False,163
623,125.45000000000002,1524,False,1150
624,19.3,278,False,49
625,82.0,898,False,142
626,62.5,707,False,108
627,73.64999999999999,862,False,363
628,57.25000000000001,688,False,289
629,58.95,680,False,177
630,18.05,254,False,72
631,78.64999999999999,893,False,321
632,17.85,259,False,55
633,22.900000000000002,290,False,49
634,76.89999999999999,898,False,372
635,21.6,282,False,47
636,20.0,274,False,62
637,77.14999999999999,897,False,392
638,24.15,312,False,30
639,62.95,706,False,109
640,23.950000000000003,305,False,32
641,19.099999999999998,259,False,62
642,73.35,869,False,406
643,62.0,785,False,546
644,90.4,1137,False,938
645,57.85,666,False,99
646,20.299999999999997,273,False,68
647,99.1,1125,False,471
648,22.0,298,False,40
649,75.85,863,False,300
650,23.149999999999995,305,False,42
651,19.200000000000003,264,False,60
652,23.0,292,False,49
653,147.15,1669,False,711
654,23.05,299,False,42
655,23.599999999999998,299,False,40
656,22.9,301,False,51
657,59.699999999999996,677,False,141
658,23.400000000000006,303,False,36
659,95.05000000000003,1119,False,690
660,73.29999999999998,864,False,271
661,81.1,1126,False,1399
662,22.249999999999996,310,False,39
663,106.10000000000001,1431,False,1618
664,60.800000000000004,697,False,135
665,91.3,1125,False,811
666,44.550000000000004,898,False,2005
667,83.24999999999999,1208,False,1600
668,18.3,259,False,50
669,74.20000000000002,897,False,553
670,86.09999999999998,1134,False,1081
671,59.5,689,False,144
672,25.4,314,False,36
673,23.4,300,False,40
674,62.2,708,False,124
675,90.85,1126,False,848
676,74.8,865,False,280
677,61.45,703,False,143
678,71.35000000000001,812,False,248
679,90.35,1126,False,850
680,72.85000000000001,849,False,280
681,59.0,674,False,165
682,60.2,790,False,633
683,51.2,837,False,1370
684,74.5,843,False,195
685,21.449999999999996,282,False,47
686,70.30000000000001,881,False,673
687,22.1,297,False,48
688,65.10000000000001,898,False,1013
689,74.69999999999999,898,False,459
690,21.400000000000002,285,False,44
691,60.05000000000001,674,False,104
692,136.7,1513,False,496
693,22.75,305,False,40
694,62.1,722,False,231
695,63.5,722,False,161
696,23.1,291,False,48
697,23.900000000000006,309,False,38
698,23.9,304,False,41
699,79.10000000000001,898,False,315
700,99.25,1131,False,420
701,23.75,314,False,32
702,63.64999999999999,722,False,167
703,62.800000000000004,698,False,91
704,24.05,311,False,32
705,24.299999999999997,308,False,40
706,63.30000000000001,722,False,222
707,73.44999999999999,889,False,488
708,23.05,299,False,47
709,99.45000000000002,1137,False,440
710,61.2,714,False,243
711,23.25,305,False,41
712,25.0,314,False,36
713,62.449999999999996,697,False,123
714,22.05,293,False,43
715,23.8,304,False,49
716,129.40000000000003,1420,False,425
717,95.60000000000002,1130,False,565
718,100.10000000000001,1126,False,351
719,121.79999999999998,1406,False,706
720,124.75,1434,False,609
721,19.849999999999994,279,False,59
722,64.10000000000001,722,False,156
723,59.599999999999994,687,False,171
724,61.99999999999999,722,False,237
725,60.199999999999996,680,False,106
726,63.400000000000006,722,False,168
727,84.44999999999997,1130,False,1160
728,88.05,1147,False,1085
729,21.499999999999996,292,False,46
730,62.69999999999999,722,False,177
731,214.00000000000003,2466,False,1482
732,17.399999999999995,267,False,56
733,101.05,1126,False,315
734,23.15,299,False,43
735,58.85000000000001,681,False,216
736,19.75,272,False,56
737,74.3,869,False,373
738,128.64999999999998,1429,False,462
739,59.900000000000006,701,False,175
740,122.65,1417,False,734
741,53.95,840,False,1180
742,22.749999999999996,295,False,46
743,60.85,680,False,81
744,60.04999999999999,721,False,299
745,62.15,691,False,103
746,21.950000000000003,292,False,43
747,61.900000000000006,699,False,121
748,21.2,280,False,50
749,67.95,821,False,456
750,62.7,721,False,178
751,96.7,1126,False,540
752,24.55,311,False,31
753,21.200000000000003,282,False,47
754,24.400000000000002,304,False,36
755,23.6,301,False,40
756,24.6,308,False,33
757,63.650000000000006,722,False,168
758,78.35,898,False,315
759,60.15,692,False,155
760,86.69999999999997,1125,False,1196
761,75.60000000000001,898,False,287
762,119.69999999999999,1438,False,941
763,61.400000000000006,703,False,130
764,24.549999999999997,311,False,32
765,60.85,684,False,107
766,94.30000000000003,1124,False,682
767,76.80000000000001,898,False,379
768,21.849999999999998,295,False,41
769,76.00000000000001,865,False,314
770,21.0,295,False,66
771,24.400000000000002,308,False,33
772,58.49999999999999,669,False,136
773,22.7,293,False,53
774,64.15,712,False,104
775,71.75,1136,False,1855
776,77.60000000000001,898,False,290
777,21.900000000000002,289,False,49
778,72.6,851,False,392
779,62.59999999999999,721,False,152
780,73.2,822,False,217
781,91.65,1109,False,852
782,94.2,1134,False,526
783,64.25,722,False,89
784,60.69999999999999,690,False,162
785,21.900000000000002,286,False,51
786,70.00000000000003,880,False,655
787,65.00000000000001,797,False,428
788,63.25,709,False,84
789,60.349999999999994,677,False,67
790,74.45000000000002,865,False,333
791,61.199999999999996,691,False,113
792,23.35,295,False,40
793,24.499999999999996,309,False,35
794,23.299999999999997,301,False,40
795,60.8,686,False,100
796,69.79999999999998,863,False,569
797,23.799999999999997,305,False,37
798,108.55,1426,False,1489
799,19.45,273,False,51
800,61.599999999999994,691,False,115
801,69.9,894,False,702
802,74.8,891,False,466
803,68.25,822,False,429
804,22.049999999999997,298,False,40
805,58.9,677,False,183
806,63.25,719,False,149
807,25.150000000000002,313,False,33
808,63.25,722,False,165
809,57.650000000000006,672,False,185
810,62.349999999999994,696,False,86
811,117.85,1408,False,880
812,60.1,689,False,158
813,75.39999999999999,897,False,444
814,68.30000000000001,846,False,556
815,23.4,304,False,38
816,64.30000000000001,859,False,800
817,22.1,294,False,62
818,58.449999999999996,656,False,114
819,22.75,297,False,48
820,55.50000000000001,660,False,217
821,24.099999999999998,305,False,35
822,22.999999999999996,291,False,44
823,178.54999999999998,1946,False,655
824,57.050000000000004,695,False,197
825,23.2,300,False,57
826,58.25,670,False,166
827,61.49999999999999,709,False,188
828,62.35,722,False,180
829,100.5,1129,False,394
830,22.4,298,False,40
831,24.4,303,False,35
832,23.8,305,False,48
833,57.2,684,False,248
834,98.64999999999999,1131,False,509
835,56.65000000000001,664,False,141
836,58.75,671,False,171
837,60.75,691,False,101
838,62.0,705,False,167
839,78.85,880,False,194
840,59.35,680,False,119
841,64.4,722,False,168
842,22.799999999999997,302,False,37
843,75.1,827,False,147
844,23.700000000000003,312,False,36
845,60.400000000000006,674,False,94
846,75.6,898,False,464
847,21.7,288,False,49
848,189.85,2025,False,406
849,97.14999999999998,1131,False,483
850,60.949999999999996,697,False,119
851,62.199999999999996,721,False,223
852,61.5,707,False,177
853,61.25000000000001,718,False,247
854,99.30000000000001,1124,False,431
855,88.70000000000002,1124,False,911
856,78.64999999999999,898,False,299
857,68.25,794,False,265
858,94.85000000000001,1132,False,621
859,24.05,311,False,34
860,21.9,280,False,48
861,55.85,807,False,953
862,58.64999999999999,669,False,145
863,62.04999999999999,722,False,250
864,79.09999999999998,898,False,238
865,96.0,1127,False,608
866,96.44999999999999,1123,False,502
867,60.050000000000004,695,False,155
868,62.1,708,False,154
869,24.25,310,False,40
870,23.900000000000002,300,False,46
871,23.2,297,False,48
872,23.200000000000003,300,False,59
873,23.5,302,False,45
874,96.65,1124,False,521
875,129.4,1522,False,878
876,59.75000000000001,683,False,100
877,22.899999999999995,299,False,43
878,22.2,288,False,49
879,90.99999999999999,1116,False,838
880,57.400000000000006,655,False,100
881,57.2,665,False,134
882,70.6,888,False,687
883,73.60000000000001,873,False,385
884,101.2,1119,False,267
885,63.05000000000001,711,False,104
886,110.85000000000001,1229,False,384
887,23.3,310,False,59
888,24.6,310,False,36
889,21.1,279,False,60
890,77.3,895,False,364
891,79.14999999999999,898,False,249
892,109.64999999999999,1433,False,1434
893,20.299999999999997,284,False,48
894,23.400000000000002,300,False,41
895,124.94999999999999,1425,False,639
896,57.949999999999996,664,False,126
897,63.05,722,False,173
898,126.1,1413,False,511
899,12.549999999999999,204,False,80
900,79.15,898,False,295
901,60.949999999999996,722,False,254
902,18.0,252,False,75
903,69.00000000000001,872,False,648
904,22.799999999999994,294,False,46
905,141.25,1512,False,198
906,58.300000000000004,794,False,797
907,23.75,309,False,31
908,60.05,689,False,171
909,20.450000000000003,275,False,60
910,57.900000000000006,716,False,439
911,22.9,294,False,41
912,21.099999999999998,285,False,59
913,62.10000000000001,696,False,124
914,23.000000000000004,295,False,43
915,99.35000000000001,1129,False,415
916,72.44999999999999,814,False,150
917,22.199999999999996,292,False,44
918,121.0,1416,False,795
919,58.0,665,False,117
920,124.30000000000001,1521,False,1162
921,112.04999999999997,1439,False,1319
922,22.85,312,False,41
923,19.299999999999997,261,False,63
924,65.79999999999998,883,False,901
925,44.550000000000004,898,False,2005
926,91.75,1130,False,749
927,60.75000000000001,697,False,174
928,16.95,245,False,68
929,72.6,821,False,250
930,22.4,294,False,45
931,100.45,1124,False,357
932,44.949999999999996,897,False,2005
933,19.200000000000003,279,False,51
934,62.900000000000006,717,False,225
935,82.0,1133,False,1308
936,92.94999999999999,1128,False,672
937,77.64999999999998,898,False,321
938,23.5,300,False,38
939,23.7,303,False,48
940,88.30000000000001,1130,False,977
941,63.25,722,False,161
942,93.54999999999998,1200,False,1082
943,96.5,1411,False,1950
944,21.900000000000002,299,False,41
945,24.299999999999997,303,False,39
946,69.55,820,False,374
947,62.45,722,False,176
948,21.900000000000002,290,False,49
949,22.299999999999997,284,False,48
950,20.2,274,False,52
951,80.3,897,False,221
952,60.65,687,False,104
953,24.45,311,False,39
954,22.399999999999995,290,False,45
955,61.900000000000006,699,False,118
956,77.85,1125,False,1523
957,57.849999999999994,666,False,124
958,129.19999999999996,1513,False,828
959,17.8,250,False,64
960,21.3,275,False,53
961,58.35,666,False,116
962,75.04999999999998,898,False,478
963,81.4,1129,False,1321
964,63.1,721,False,153
965,55.15,796,False,926
966,58.5,685,False,215
967,20.34999999999999,271,False,47
968,24.699999999999996,313,False,41
969,63.2,719,False,186
970,24.1,304,False,39
971,63.050000000000004,722,False,173
972,124.54999999999998,1435,False,699
973,70.75,896,False,657
974,19.750000000000004,272,False,53
975,77.0,898,False,393
976,62.349999999999994,708,False,123
977,69.55,857,False,586
978,72.0,843,False,308
979,67.15,817,False,434
980,58.15,673,False,132
981,23.799999999999997,303,False,41
982,63.85000000000001,709,False,85
983,124.5,1414,False,592
984,21.849999999999998,291,False,42
985,19.7,259,False,56
986,105.00000000000001,1408,False,1558
987,19.3,270,False,53
988,92.45,1131,False,817
989,21.45,297,False,42
990,24.5,306,False,40
991,61.0,698,False,156
992,19.6,262,False,54
993,101.95000000000002,1118,False,215
994,118.94999999999999,1427,False,938
995,75.54999999999998,885,False,364
996,52.599999999999994,842,False,1270
997,23.75,303,False,56
998,99.25000000000001,1137,False,452
999,79.35,898,False,263
1000,60.35000000000001,691,False,119
1001,66.4,834,False,591
1002,79.39999999999998,1128,False,1393
1003,75.15,850,False,195
1004,24.399999999999995,313,False,31
1005,119.65000000000003,1430,False,944
1006,58.0,670,False,123
1007,22.649999999999995,295,False,44
1008,93.55000000000001,1129,False,752
1009,55.25,665,False,216
1010,61.650000000000006,694,False,120
1011,162.7,1940,False,1389
1012,59.25,795,False,646
1013,23.7,304,False,50
1014,124.74999999999999,1418,False,608
1015,75.69999999999999,897,False,427
1016,23.950000000000003,309,False,35
1017,100.0,1125,False,378
1018,59.7,700,False,238
1019,23.1,300,False,40
1020,62.300000000000004,716,False,168
1021,60.1,675,False,113
1022,75.3,833,False,291
1023,111.94999999999999,1417,False,1089
1024,87.6,1131,False,997
1025,98.04999999999998,1140,False,479
1026,60.4,682,False,133
1027,23.299999999999997,303,False,42
1028,61.7,697,False,100
1029,63.59999999999999,721,False,157
1030,20.6,268,False,51
1031,100.85,1121,False,277
1032,21.650000000000002,284,False,43
1033,77.00000000000001,897,False,390
1034,62.650000000000006,722,False,243
1035,87.85,1152,False,1095
1036,58.15,683,False,194
1037,76.55,883,False,318
1038,22.2,292,False,44
1039,78.29999999999998,898,False,329
1040,154.00000000000003,1785,False,914
1041,123.64999999999999,1407,False,620
1042,60.3,696,False,130
1043,61.300000000000004,712,False,223
1044,63.25,722,False,186
1045,76.8,1133,False,1592
1046,21.8,297,False,36
1047,71.89999999999998,1130,False,1851
1048,78.5,898,False,269
1049,55.449999999999996,835,False,1083
1050,127.85000000000001,1405,False,402
1051,132.14999999999998,1423,False,361
1052,62.05,722,False,99
1053,22.9,293,False,39
1054,76.55,858,False,192
1055,69.14999999999999,844,False,490
1056,22.8,302,False,36
1057,62.95,698,False,97
1058,71.4,1140,False,1847
1059,22.85,296,False,42
1060,82.35000000000001,1125,False,1272
1061,58.849999999999994,684,False,138
1062,22.299999999999997,289,False,48
1063,22.300000000000004,285,False,57
1064,74.15,897,False,549
1065,57.49999999999999,661,False,123
1066,23.85,310,False,35
1067,63.699999999999996,720,False,195
1068,21.9,294,False,41
1069,23.9,304,False,39
1070,62.85000000000001,722,False,260
1071,58.60000000000001,678,False,129
1072,97.00000000000001,1137,False,578
1073,62.65,718,False,154
1074,59.55,688,False,190
1075,70.65,825,False,370
1076,68.75,897,False,737
1077,60.74999999999999,691,False,97
1078,82.04999999999998,1125,False,1284
1079,81.50000000000001,1135,False,1367
1080,75.65,898,False,371
1081,60.9,721,False,294
1082,61.599999999999994,713,False,191
1083,61.099999999999994,680,False,109
1084,94.44999999999999,1132,False,645
1085,94.35,1124,False,619
1086,93.05,1124,False,760
1087,63.45,850,False,731
1088,44.800000000000004,898,False,2005
1089,22.0,299,False,63
1090,24.199999999999996,306,False,38
1091,20.0,268,False,65
1092,57.25,676,False,248
1093,24.15,303,False,40
1094,24.900000000000002,312,False,33
1095,23.7,302,False,44
1096,24.299999999999997,310,False,29
1097,24.2,300,False,37
1098,85.4,1120,False,1084
1099,22.8,302,False,41
1100,71.60000000000001,889,False,625
1101,23.4,299,False,40
1102,71.75000000000001,847,False,355
1103,22.35,291,False,45
1104,23.2,299,False,51
1105,24.099999999999998,304,False,34
1106,93.44999999999999,1126,False,890
1107,75.95,898,False,283
1108,73.75,891,False,485
1109,72.55,846,False,305
1110,52.799999999999976,835,False,1258
1111,60.599999999999994,691,False,118
1112,95.0,1126,False,704
1113,23.2,311,False,32
1114,23.900000000000002,307,False,38
1115,24.2,301,False,34
1116,64.95,722,False,102
1117,101.3,1124,False,277
1118,73.8,852,False,286
1119,81.60000000000005,1125,False,1272
1120,117.0,1408,False,945
1121,96.70000000000002,1129,False,506
1122,123.85000000000001,1426,False,691
1123,74.85000000000001,898,False,464
1124,79.95000000000002,897,False,175
1125,70.95,810,False,255
1126,23.349999999999998,310,False,35
1127,63.9,722,False,167
1128,23.800000000000004,307,False,37
1129,23.599999999999998,295,False,37
1130,59.75,689,False,164
1131,23.449999999999996,301,False,39
1132,63.6,722,False,158
1133,86.69999999999999,1131,False,1114
1134,60.349999999999994,707,False,173
1135,60.65,689,False,118
1136,21.700000000000003,280,False,60
1137,24.0,306,False,46
1138,125.75000000000001,1432,False,598
1139,116.35000000000002,1409,False,957
1140,77.80000000000001,897,False,330
1141,69.25000000000001,820,False,339
1142,62.95,722,False,151
1143,24.7,311,False,36
1144,70.45,868,False,546
1145,24.25,306,False,41
1146,22.8,298,False,43
1147,21.1,273,False,52
1148,62.7,720,False,170
1149,23.000000000000004,294,False,44
1150,74.20000000000002,898,False,531
1151,21.900000000000002,292,False,59
1152,23.200000000000003,291,False,41
1153,21.200000000000003,279,False,55
1154,22.2,291,False,41
1155,22.400000000000002,287,False,57
1156,110.45000000000002,1215,False,255
1157,64.15,722,False,297
1158,19.3,288,False,45
1159,59.0,680,False,190
1160,23.299999999999997,302,False,56
1161,64.3,856,False,781
1162,116.05000000000001,1433,False,1113
1163,62.550000000000004,722,False,174
1164,21.799999999999997,284,False,46
1165,66.05000000000001,897,False,951
1166,59.35,681,False,140
1167,94.35000000000001,1124,False,642
1168,22.65,304,False,43
1169,61.800000000000004,699,False,125
1170,59.2,673,False,119
1171,22.4,290,False,45
1172,22.5,286,False,47
1173,21.0,280,False,43
1174,94.8,1137,False,717
1175,61.749999999999986,719,False,224
1176,64.7,721,False,99
1177,60.45,688,False,96
1178,24.5,306,False,48
1179,22.7,296,False,44
1180,64.4,795,False,495
1181,58.75,669,False,119
1182,55.400000000000006,862,False,1282
1183,24.049999999999997,312,False,33
1184,60.85000000000001,699,False,183
1185,62.800000000000004,722,False,221
1186,22.950000000000003,301,False,38
1187,62.65,711,False,168
1188,63.400000000000006,721,False,162
1189,96.69999999999999,1125,False,562
1190,58.9,693,False,194
1191,59.75,684,False,161
1192,23.2,303,False,43
1193,21.1,273,False,52
1194,159.05,1786,False,714
1195,109.85,1412,False,1300
1196,61.55,861,False,938
1197,105.1,1440,False,1709
1198,79.99999999999999,1143,False,1403
1199,64.4,836,False,657
1200,70.3,814,False,248
1201,61.349999999999994,700,False,193
1202,22.900000000000002,305,False,50
1203,22.0,282,False,54
1204,110.3,1402,False,1215
1205,19.299999999999997,261,False,63
1206,63.69999999999999,722,False,176
1207,78.84999999999998,898,False,263
1208,80.0,898,False,218
1209,20.55,281,False,60
1210,73.64999999999999,898,False,548
1211,22.249999999999996,291,False,43
1212,63.5,722,False,186
1213,56.35,680,False,285
1214,93.1,1125,False,719
1215,58.050000000000004,668,False,142
1216,59.8,684,False,182
1217,62.1,706,False,118
1218,59.800000000000004,692,False,160
1219,23.199999999999996,294,False,46
1220,61.45,720,False,248
1221,45.05000000000002,898,False,2005
1222,22.7,301,False,38
1223,128.5,1440,False,537
1224,83.94999999999999,1120,False,1142
1225,60.85,722,False,233
1226,70.04999999999998,807,False,288
1227,59.650000000000006,805,False,772
1228,113.15,1409,False,1116
1229,20.450000000000003,278,False,48
1230,23.1,300,False,36
1231,23.0,290,False,43
1232,22.699999999999996,296,False,45
1233,57.699999999999996,661,False,164
1234,23.9,308,False,40
1235,76.79999999999998,854,False,171
1236,124.05000000000001,1410,False,576
1237,96.85000000000001,1126,False,522
1238,22.4,299,False,64
1239,78.7,898,False,285
1240,69.9,799,False,241
1241,23.999999999999996,309,False,36
1242,63.45,897,False,1051
1243,67.95,884,False,734
1244,71.1,807,False,197
1245,78.1,898,False,336
1246,62.00000000000001,721,False,209
1247,71.64999999999999,898,False,650
1248,24.349999999999998,311,False,39
1249,63.04999999999998,722,False,172
1250,75.50000000000001,898,False,469
1251,22.549999999999997,294,False,48
1252,109.2,1234,False,451
1253,61.599999999999994,897,False,1134
1254,22.799999999999997,302,False,42
1255,78.00000000000001,896,False,361
1256,69.95,897,False,726
1257,22.75,306,False,46
1258,63.9,722,False,168
1259,23.2,301,False,37
1260,119.65,1426,False,928
1261,23.65,309,False,40
1262,21.699999999999996,283,False,51
1263,78.95,898,False,257
1264,21.55,279,False,51
1265,13.599999999999998,215,False,92
1266,60.75,688,False,128
1267,77.04999999999998,898,False,378
1268,72.95,819,False,176
1269,61.1,689,False,108
1270,19.85,273,False,54
1271,63.449999999999996,710,False,114
1272,21.95,282,False,49
1273,21.6,288,False,48
1274,62.49999999999999,703,False,116
1275,67.05000000000001,848,False,645
1276,21.65,286,False,46
1277,127.94999999999999,1440,False,551
1278,65.3,833,False,567
1279,60.849999999999994,689,False,126
1280,85.8,1127,False,1065
1281,64.6,722,False,83
1282,63.750000000000014,898,False,1092
1283,69.74999999999999,1127,False,1855
1284,56.8,669,False,177
1285,95.9,1128,False,647
1286,60.00000000000001,692,False,104
1287,103.6,1231,False,742
1288,108.2,1411,False,1413
1289,97.44999999999999,1132,False,445
1290,21.549999999999997,284,False,49
1291,59.150000000000006,676,False,128
1292,21.349999999999998,277,False,55
1293,58.65,677,False,178
1294,75.35,851,False,191
1295,114.30000000000001,1428,False,1192
1296,20.9,291,False,65
1297,123.49999999999999,1414,False,668
1298,75.2,898,False,433
1299,99.50000000000001,1127,False,382
1300,24.300000000000004,313,False,62
1301,60.10000000000001,681,False,117
1302,23.699999999999992,306,False,35
1303,58.3,672,False,166
1304,75.39999999999999,898,False,471
1305,62.849999999999994,813,False,626
1306,76.10000000000001,898,False,435
1307,19.35,270,False,55
1308,19.299999999999997,263,False,69
1309,63.400000000000006,722,False,167
1310,113.00000000000001,1243,False,281
1311,80.10000000000001,1133,False,1457
1312,82.14999999999999,1129,False,1249
1313,68.4,894,False,726
1314,61.80000000000001,832,False,790
1315,22.450000000000003,286,False,40
1316,23.400000000000002,307,False,58
1317,23.0,294,False,40
1318,62.75,714,False,178
1319,77.14999999999999,898,False,398
1320,76.2,898,False,381
1321,62.650000000000006,815,False,675
1322,60.650000000000006,687,False,106
1323,64.15,820,False,618
1324,97.75,1123,False,441
1325,59.349999999999994,679,False,131
1326,61.60000000000001,720,False,249
1327,23.75,301,False,47
1328,67.04999999999998,849,False,602
1329,85.94999999999999,1120,False,1122
1330,74.8,889,False,359
1331,61.75000000000001,693,False,106
1332,79.10000000000001,898,False,261
1333,71.80000000000001,898,False,654
1334,24.05,311,False,32
1335,22.800000000000004,298,False,40
1336,62.35,806,False,649
1337,182.05,2015,False,826
1338,56.75,686,False,195
1339,62.8,720,False,189
1340,67.2,822,False,476
1341,62.850000000000016,722,False,156
1342,24.100000000000005,305,False,36
1343,69.45,898,False,807
1344,59.349999999999994,680,False,119
1345,137.45,1658,False,1174
1346,107.7,1228,False,418
1347,22.55,290,False,52
1348,62.599999999999994,722,False,182
1349,22.299999999999997,291,False,59
1350,64.30000000000001,897,False,1049
1351,95.19999999999999,1128,False,604
1352,21.5,291,False,51
1353,22.599999999999998,288,False,50
1354,18.8,260,False,58
1355,94.54999999999998,1129,False,695
1356,19.349999999999998,272,False,52
1357,72.55,850,False,376
1358,21.549999999999997,289,False,48
1359,18.5,258,False,84
1360,24.399999999999995,308,False,37
1361,61.25,702,False,175
1362,77.79999999999998,898,False,325
1363,63.550000000000004,722,False,148
1364,70.25,843,False,426
1365,58.25,655,False,122
1366,60.099999999999994,701,False,166
1367,62.1,709,False,168
1368,75.75,844,False,159
1369,78.74999999999999,893,False,250
1370,61.2,684,False,100
1371,61.800000000000004,841,False,860
1372,96.99999999999999,1118,False,499
1373,60.35,692,False,148
1374,44.05,898,False,2005
1375,63.150000000000006,720,False,158
1376,23.95,305,False,34
1377,59.09999999999999,878,False,1161
1378,119.20000000000002,1433,False,941
1379,73.85,897,False,481
1380,76.70000000000002,891,False,347
1381,62.75000000000001,721,False,180
1382,127.7,1413,False,455
1383,79.35,898,False,236
1384,118.05,1416,False,939
1385,113.45,1434,False,1173
1386,21.049999999999997,281,False,57
1387,58.050000000000004,663,False,145
1388,59.95,682,False,91
1389,100.7,1125,False,417
1390,20.8,294,False,52
1391,74.6,884,False,447
1392,57.0,806,False,895
1393,58.699999999999996,664,False,103
1394,74.7,845,False,209
1395,81.24999999999999,897,False,166
1396,24.25,315,False,35
1397,71.2,807,False,221
1398,24.7,311,False,34
1399,69.44999999999999,792,False,219
1400,60.75,688,False,105
1401,22.5,295,False,42
1402,58.24999999999999,658,False,110
1403,21.150000000000006,283,False,61
1404,23.600000000000005,301,False,43
1405,23.0,298,False,53
1406,24.1,301,False,43
1407,62.249999999999986,718,False,215
1408,22.05,293,False,41
1409,24.200000000000003,301,False,37
1410,23.3,303,False,39
1411,24.3,309,False,41
1412,101.65,1413,False,1819
1413,61.1,722,False,184
1414,61.949999999999996,880,False,1058
1415,122.05,1424,False,746
1416,60.7,695,False,103
1417,108.2,1226,False,487
1418,56.800000000000004,662,False,136
1419,63.7,721,False,149
1420,23.650000000000002,301,False,56
1421,96.45,1124,False,528
1422,56.59999999999999,788,False,803
1423,23.049999999999997,292,False,47
1424,78.65,897,False,297
1425,57.349999999999994,661,False,124
1426,21.799999999999997,286,False,63
1427,24.1,306,False,39
1428,96.6,1123,False,582
1429,116.45,1415,False,965
1430,23.349999999999998,313,False,45
1431,64.25,722,False,163
1432,21.95,288,False,49
1433,131.65,1435,False,343
1434,58.1,840,False,955
1435,61.25000000000001,693,False,115
1436,20.9,275,False,48
1437,65.55,824,False,623
1438,21.849999999999998,291,False,45
1439,116.0,1424,False,1040
1440,23.8,302,False,40
1441,23.999999999999996,309,False,35
1442,25.1,309,False,32
1443,22.699999999999996,296,False,37
1444,23.299999999999997,298,False,43
1445,24.2,307,False,38
1446,80.19999999999999,888,False,208
1447,23.200000000000003,307,False,40
1448,76.1,877,False,338
1449,58.39999999999999,671,False,124
1450,19.599999999999998,263,False,55
1451,76.99999999999999,897,False,411
1452,24.100000000000005,311,False,43
1453,62.2,700,False,89
1454,63.999999999999986,721,False,182
1455,21.799999999999994,294,False,45
1456,24.4,306,False,48
1457,101.00000000000001,1139,False,412
1458,21.900000000000002,299,False,38
1459,21.3,273,False,49
1460,100.95000000000002,1129,False,331
1461,64.64999999999999,783,False,395
1462,75.15,863,False,288
1463,60.14999999999999,701,False,175
1464,67.20000000000002,896,False,877
1465,99.05,1129,False,430
1466,22.849999999999998,301,False,43
1467,91.95000000000002,1127,False,821
1468,23.05,306,False,32
1469,68.15,818,False,417
1470,22.950000000000003,292,False,43
1471,123.5,1407,False,611
1472,61.5,785,False,552
1473,72.9,822,False,212
1474,24.2,315,False,34
1475,99.69999999999999,1136,False,461
1476,62.9,860,False,870
1477,22.799999999999997,298,False,41
1478,62.2,704,False,107
1479,60.199999999999996,687,False,143
1480,18.099999999999998,250,False,63
1481,24.800000000000004,312,False,35
1482,62.349999999999994,712,False,230
1483,112.14999999999999,1244,False,290
1484,84.39999999999999,1125,False,1134
1485,24.4,311,False,47
1486,62.95,702,False,119
1487,122.64999999999999,1405,False,624
1488,59.55,683,False,115
1489,90.1,1137,False,898
1490,109.3,1411,False,1305
1491,22.149999999999995,290,False,44
1492,105.95,1155,False,205
1493,63.150000000000006,712,False,109
1494,22.7,297,False,44
1495,69.55,857,False,589
1496,23.149999999999995,311,False,47
1497,68.89999999999998,898,False,824
1498,62.749999999999986,722,False,164
1499,23.85,305,False,36
1500,66.7,816,False,486
1501,63.0,722,False,160
1502,61.599999999999994,691,False,90
1503,24.1,304,False,33
1504,61.5,699,False,161
1505,21.5,286,False,46
1506,61.800000000000004,690,False,108
1507,60.75000000000001,687,False,101
1508,22.45,293,False,46
1509,61.19999999999999,694,False,130
1510,22.599999999999998,288,False,55
1511,60.699999999999996,719,False,287
1512,62.550000000000004,713,False,156
1513,62.85,721,False,176
1514,25.0,308,False,34
1515,62.74999999999999,717,False,159
1516,66.75,800,False,418
1517,21.899999999999995,290,False,47
1518,73.15,1123,False,1724
1519,68.05,792,False,264
1520,97.74999999999999,1124,False,470
1521,20.75,288,False,55
1522,77.14999999999998,894,False,376
1523,59.5,679,False,109
1524,22.25,290,False,43
1525,23.3,299,False,47
1526,61.0,699,False,187
1527,22.099999999999998,291,False,44
1528,97.15,1124,False,554
1529,96.44999999999999,1129,False,531
1530,21.9,295,False,48
1531,21.3,280,False,52
1532,92.19999999999999,1124,False,786
1533,99.45,1134,False,426
1534,142.45000000000002,1862,False,2005
1535,67.10000000000001,796,False,222
1536,24.499999999999996,309,False,38
1537,92.4,1131,False,785
1538,64.29999999999998,856,False,787
1539,95.90000000000002,1150,False,695
1540,94.1,1118,False,566
1541,60.60000000000001,685,False,108
1542,23.200000000000003,298,False,52
1543,20.5,271,False,48
1544,22.000000000000004,291,False,47
1545,25.000000000000004,314,False,35
1546,62.85000000000001,715,False,226
1547,60.0,694,False,130
1548,20.749999999999996,279,False,61
1549,126.49999999999999,1409,False,536
1550,21.900000000000002,303,False,40
1551,23.700000000000003,297,False,41
1552,99.95,1129,False,386
1553,73.55000000000001,896,False,546
1554,63.0,722,False,162
1555,98.15,1135,False,500
1556,61.6,722,False,233
1557,63.6,722,False,157
1558,23.950000000000003,305,False,36
1559,80.44999999999999,898,False,232
1560,63.099999999999994,717,False,160
1561,59.25,692,False,176
1562,61.0,686,False,96
1563,103.85000000000001,1428,False,1721
1564,93.89999999999998,1137,False,734
1565,19.55,274,False,59
1566,61.60000000000001,695,False,89
1567,59.45000000000001,677,False,163
1568,73.1,887,False,472
1569,69.2,819,False,381
1570,70.3,821,False,285
1571,91.30000000000001,1126,False,870
1572,15.149999999999997,238,False,74
1573,23.8,303,False,47
1574,63.400000000000006,722,False,169
1575,22.200000000000003,286,False,64
1576,112.25,1422,False,1255
1577,60.550000000000004,705,False,153
1578,61.85,689,False,109
1579,21.249999999999996,288,False,51
1580,73.7,895,False,570
1581,111.6,1421,False,1244
1582,20.6,284,False,56
1583,74.25000000000001,1135,False,1744
1584,79.5,896,False,183
1585,77.55,897,False,353
1586,22.999999999999996,299,False,42
1587,61.4,690,False,94
1588,61.1,689,False,133
1589,63.85,719,False,171
1590,63.25000000000001,714,False,226
1591,59.400000000000006,694,False,124
1592,99.9,1129,False,415
1593,50.35,832,False,1346
1594,119.89999999999999,1425,False,870
1595,23.75,314,False,34
1596,58.4,669,False,125
1597,63.550000000000004,722,False,171
1598,76.14999999999999,863,False,237
1599,59.5,706,False,271
1600,23.5,304,False,38
1601,95.45,1134,False,702
1602,59.44999999999999,699,False,181
1603,88.10000000000002,1137,False,1021
1604,58.650000000000006,697,False,237
1605,24.049999999999997,304,False,42
1606,67.49999999999999,835,False,520
1607,20.099999999999994,275,False,60
1608,60.75,722,False,314
1609,71.35000000000001,825,False,282
1610,91.35,1212,False,1228
1611,67.2,834,False,526
1612,62.650000000000006,722,False,166
1613,61.8,683,False,69
1614,23.300000000000004,305,False,45
1615,62.1,696,False,119
1616,62.900000000000006,722,False,169
1617,23.4,299,False,42
1618,22.4,289,False,43
1619,24.3,301,False,33
1620,20.899999999999995,285,False,69
1621,23.0,294,False,42
1622,111.55000000000001,1510,False,1750
1623,64.75,790,False,399
1624,23.3,301,False,52
1625,62.35000000000001,714,False,165
1626,62.75000000000001,811,False,654
1627,71.80000000000001,809,False,172
1628,115.05000000000001,1408,False,1067
1629,92.19999999999999,1128,False,728
1630,57.75,667,False,127
1631,23.900000000000002,309,False,39
1632,79.85,898,False,288
1633,130.9,1427,False,305
1634,68.25,878,False,659
1635,22.900000000000002,301,False,51
1636,121.85000000000002,1412,False,751
1637,61.8,711,False,131
1638,119.9,1428,False,932
1639,98.8,1135,False,453
1640,57.300000000000004,692,False,241
1641,22.349999999999998,291,False,44
1642,67.39999999999999,811,False,433
1643,61.849999999999994,704,False,134
1644,23.950000000000003,304,False,53
1645,23.0,301,False,42
1646,17.5,246,False,73
1647,58.85000000000001,664,False,126
1648,59.400000000000006,677,False,103
1649,18.55,257,False,69
1650,77.3,898,False,376
1651,70.1,873,False,577
1652,22.500000000000004,295,False,45
1653,67.0,822,False,532
1654,79.60000000000001,897,False,231
1655,22.799999999999997,302,False,62
1656,127.2,1434,False,596
1657,22.3,308,False,38
1658,61.650000000000006,704,False,169
1659,22.450000000000003,285,False,44
1660,58.79999999999999,680,False,158
1661,24.400000000000002,309,False,37
1662,72.25,898,False,640
1663,138.2,1517,False,469
1664,56.550000000000004,671,False,156
1665,18.4,257,False,62
1666,61.20000000000001,690,False,130
